# Started at: 2022-05-02 22:10:40 +0000, Version: v0.1-177-gf3f14d1, Generated by: thermobench --verbose --fan-cmd=fan --fan-on=0 --time=180 --wait=50 --wait-timeout=60 --sensors_file=/root/thermobench/src/sensors.imx8 --cpu-usage --column=CPU0_work_done --column=CPU1_work_done --column=CPU2_work_done --column=CPU3_work_done --column=CPU4_work_done --column=CPU5_work_done --output=/root/JSA/lr_experiment/measurements/imx8a//15_19_0_0_31_0.json.yaml.csv -- demos-sched -p high -c /root/JSA/lr_experiment/demos_configurations/imx8a//15_19_0_0_31_0.json.yaml
time/ms,CPU_0_temp/m°C,CPU_1_temp/m°C,GPU_0_temp/m°C,GPU_1_temp/m°C,DRC_temp/m°C,PMIC_temp/m°C,Cortex_A53_0_freq/Hz,Cortex_A53_1_freq/Hz,Cortex_A53_2_freq/Hz,Cortex_A53_3_freq/Hz,Cortex_A72_0_freq/Hz,Cortex_A72_1_freq/Hz,ambient,energy,cam_cpu,cam_mem,heat_sources,CPU0_work_done,CPU1_work_done,CPU2_work_done,CPU3_work_done,CPU4_work_done,CPU5_work_done,CPU0_load/%,CPU1_load/%,CPU2_load/%,CPU3_load/%,CPU4_load/%,CPU5_load/%
1.1174,49300,50300,50700,48700,49500,70000,600000,600000,600000,600000,600000,600000,,,,,,,,,,,,0,0,0,50,0,0
150.517,,,,,,,,,,,,,,,,,,,,,,0,,,,,,,
650.746,,,,,,,,,,,,,,,,,,,,,,677,,,,,,,
994.221,50100,52100,50900,49100,49700,70000,1.2e+06,1.2e+06,1.2e+06,1.2e+06,1.596e+06,1.596e+06,26.005,315010.822,,,,,,,,,,88.7755,90.099,8,1.03093,88.7755,3.9604
1151.15,,,,,,,,,,,,,,,,,,,,,,1354,,,,,,,
1152.17,,,,,,,,,,,,,,,,,,11,,,,,,,,,,,
1650.52,,,,,,,,,,,,,,,,,,,,,,2030,,,,,,,
1658.66,,,,,,,,,,,,,,,,,,17,,,,,,,,,,,
1994.41,50100,51900,50900,49100,49500,70000,1.2e+06,1.2e+06,1.2e+06,1.2e+06,1.596e+06,1.596e+06,,315018.865,,,,,,,,,,100,100,0,2,100,0
2150.92,,,,,,,,,,,,,,,,,,,,,,2707,,,,,,,
2650.96,,,,,,,,,,,,,,,,,,,,,,3384,,,,,,,
2994.58,49700,51700,50700,48900,49500,70000,1.2e+06,1.2e+06,1.2e+06,1.2e+06,1.596e+06,1.596e+06,,315024.965,,,,,,,,,,100,100,0,2.9703,100,0
3150.69,,,,,,,,,,,,,,,,,,,,,,4060,,,,,,,
3650.77,,,,,,,,,,,,,,,,,,,,,,4737,,,,,,,
3994.36,49700,51900,50900,48900,49300,70000,1.2e+06,1.2e+06,1.2e+06,1.2e+06,1.596e+06,1.596e+06,,315033.042,,,,,,,,,,100,100,0,2,100,0
4150.49,,,,,,,,,,,,,,,,,,,,,,5413,,,,,,,
4192.23,,,,,,,,,,,,,,,,,,47,,,,,,,,,,,
4650.5,,,,,,,,,,,,,,,,,,,,,,6090,,,,,,,
4994.13,49900,51900,50900,48900,49500,70000,1.2e+06,1.2e+06,1.2e+06,1.2e+06,1.596e+06,1.596e+06,,315041.127,,,,,,,,,,100,100,1,0,100,0
5150.97,,,,,,,,,,,,,,,,,,,,,,6767,,,,,,,
5650.49,,,,,,,,,,,,,,,,,,,,,,7443,,,,,,,
5994.16,50300,52100,51100,49100,49700,70000,1.2e+06,1.2e+06,1.2e+06,1.2e+06,1.596e+06,1.596e+06,,315049.202,,,,,,,,,,100,100,0,2,100,0
6150.9,,,,,,,,,,,,,,,,,,,,,,8120,,,,,,,
6650.78,,,,,,,,,,,,,,,,,,,,,,8797,,,,,,,
6994.35,50100,52300,51300,48900,49900,70000,1.2e+06,1.2e+06,1.2e+06,1.2e+06,1.596e+06,1.596e+06,,315057.222,,,,,,,,,,100,100,0,2.9703,100,0
7151.13,,,,,,,,,,,,,,,,,,,,,,9474,,,,,,,
7650.43,,,,,,,,,,,,,,,,,,,,,,10150,,,,,,,
7654.99,,,,,,,,,,,,,,,,,,88,,,,,,,,,,,
7994.78,50100,52300,50900,49300,49700,70000,1.2e+06,1.2e+06,1.2e+06,1.2e+06,1.596e+06,1.596e+06,,315065.370,,,,,,,,,,100,100,0,2,100,0
8150.71,,,,,,,,,,,,,,,,,,,,,,10827,,,,,,,
8161.93,,,,,,,,,,,,,,,,,,94,,,,,,,,,,,
8650.68,,,,,,,,,,,,,,,,,,,,,,11504,,,,,,,
8994.2,50300,52300,51300,49300,49900,70000,1.2e+06,1.2e+06,1.2e+06,1.2e+06,1.596e+06,1.596e+06,,315073.431,,,,,,,,,,100,100,0.990099,1.0101,100,0
9150.96,,,,,,,,,,,,,,,,,,,,,,12181,,,,,,,
9261.04,,,,,,,,,,,,,,,,,,,17,,,,,,,,,,
9650.98,,,,,,,,,,,,,,,,,,,,,,12858,,,,,,,
9766.04,,,,,,,,,,,,,,,,,,113,,,,,,,,,,,
9994.56,50100,52300,51500,49300,50100,70000,1.2e+06,1.2e+06,1.2e+06,1.2e+06,1.596e+06,1.596e+06,,315081.652,,,,,,,,,,100,100,1,3,100,0
10150.6,,,,,,,,,,,,,,,,,,,,,,13534,,,,,,,
10188.5,,,,,,,,,,,,,,,,,,118,,,,,,,,,,,
10650.5,,,,,,,,,,,,,,,,,,,,,,14211,,,,,,,
10695.2,,,,,,,,,,,,,,,,,,124,,,,,,,,,,,
10994,50500,52600,51300,49500,50100,70000,1.2e+06,1.2e+06,1.2e+06,1.2e+06,1.596e+06,1.596e+06,25.984,315089.711,,,,,,,,,,100,100,0,2,100,0.990099
11150.8,,,,,,,,,,,,,,,,,,,,,,14888,,,,,,,
11650.9,,,,,,,,,,,,,,,,,,,,,,15565,,,,,,,
11994.4,50500,52500,51500,49500,50100,70000,1.2e+06,1.2e+06,1.2e+06,1.2e+06,1.596e+06,1.596e+06,,315097.838,,,,,,,,,,100,100,0,2.9703,100,0
12150.4,,,,,,,,,,,,,,,,,,,,,,16241,,,,,,,
12650.5,,,,,,,,,,,,,,,,,,,,,,16918,,,,,,,
12994.1,50500,52300,51300,49700,50100,70000,1.2e+06,1.2e+06,1.2e+06,1.2e+06,1.596e+06,1.596e+06,,315105.895,,,,,,,,,,100,100,1,0,100,1
13150.9,,,,,,,,,,,,,,,,,,,,,,17595,,,,,,,
13651,,,,,,,,,,,,,,,,,,,,,,18272,,,,,,,
13651.1,,,,,,,,,,,,,,,,,,159,,,,,,,,,,,
13994.9,50500,52300,51300,49300,50100,70000,1.2e+06,1.2e+06,1.2e+06,1.2e+06,1.596e+06,1.596e+06,,315114.075,,,,,,,,,,100,100,0,3.92157,100,0
14150.6,,,,,,,,,,,,,,,,,,,,,,18948,,,,,,,
14158,,,,,,,,,,,,,,,,,,165,,,,,,,,,,,
14650.7,,,,,,,,,,,,,,,,,,,,,,19625,,,,,,,
14994.3,50900,52600,51300,49700,50100,70000,1.2e+06,1.2e+06,1.2e+06,1.2e+06,1.596e+06,1.596e+06,,315122.197,,,,,,,,,,100,100,0,2,100,0
15151.1,,,,,,,,,,,,,,,,,,,,,,20302,,,,,,,
15651,,,,,,,,,,,,,,,,,,,,,,20979,,,,,,,
15994.6,50700,52600,51500,49700,50100,70000,1.2e+06,1.2e+06,1.2e+06,1.2e+06,1.596e+06,1.596e+06,,315130.346,,,,,,,,,,100,100,0,1.0101,100,0.990099
16150.6,,,,,,,,,,,,,,,,,,,,,,21655,,,,,,,
16650.7,,,,,,,,,,,,,,,,,,,,,,22332,,,,,,,
16691.2,,,,,,,,,,,,,,,,,,195,,,,,,,,,,,
16994.3,50700,52600,51500,49700,50300,70000,1.2e+06,1.2e+06,1.2e+06,1.2e+06,1.596e+06,1.596e+06,,315138.439,,,,,,,,,,100,100,1,1.0101,100,0
17151.1,,,,,,,,,,,,,,,,,,,,,,23009,,,,,,,
17287.7,,,,,,,,,,,,,,,,,,,33,,,,,,,,,,
17651,,,,,,,,,,,,,,,,,,,,,,23686,,,,,,,
17789.4,,,,,,,,,,,,,,,,,,,34,,,,,,,,,,
17994.4,51300,52800,51700,50100,50500,70000,1.2e+06,1.2e+06,1.2e+06,1.2e+06,1.596e+06,1.596e+06,,315146.566,,,,,,,,,,100,100,0.990099,2,100,0
18150.5,,,,,,,,,,,,,,,,,,,,,,24362,,,,,,,
18295.9,,,,,,,,,,,,,,,,,,214,,,,,,,,,,,
18651.2,,,,,,,,,,,,,,,,,,,,,,25040,,,,,,,
18994.7,50900,53000,51700,49900,50500,70000,1.2e+06,1.2e+06,1.2e+06,1.2e+06,1.596e+06,1.596e+06,,315154.648,,,,,,,,,,100,100,0,2,100,0
19150.7,,,,,,,,,,,,,,,,,,,,,,25716,,,,,,,
19650.8,,,,,,,,,,,,,,,,,,,,,,26393,,,,,,,
19994.4,50900,52800,51900,50100,50700,70000,1.2e+06,1.2e+06,1.2e+06,1.2e+06,1.596e+06,1.596e+06,,315162.818,,,,,,,,,,100,100,0,2,100,0
20150.5,,,,,,,,,,,,,,,,,,,,,,27069,,,,,,,
20154.1,,,,,,,,,,,,,,,,,,236,,,,,,,,,,,
20650.5,,,,,,,,,,,,,,,,,,,,,,27746,,,,,,,
20660.5,,,,,,,,,,,,,,,,,,242,,,,,,,,,,,
20994.1,51300,53000,52100,50100,50500,70000,1.2e+06,1.2e+06,1.2e+06,1.2e+06,1.596e+06,1.596e+06,25.994,315170.933,,,,,,,,,,100,100,0.990099,2,100,0
21150.9,,,,,,,,,,,,,,,,,,,,,,28423,,,,,,,
21650.9,,,,,,,,,,,,,,,,,,,,,,29100,,,,,,,
21994.4,51300,53000,51900,50100,50900,70000,1.2e+06,1.2e+06,1.2e+06,1.2e+06,1.596e+06,1.596e+06,,315179.041,,,,,,,,,,100,100,0,2,100,0
22151.1,,,,,,,,,,,,,,,,,,,,,,29777,,,,,,,
22650.5,,,,,,,,,,,,,,,,,,,,,,30453,,,,,,,
22687.8,,,,,,,,,,,,,,,,,,266,,,,,,,,,,,
22993.9,51300,53200,52100,50300,50700,70000,1.2e+06,1.2e+06,1.2e+06,1.2e+06,1.596e+06,1.596e+06,,315187.134,,,,,,,,,,100,100,0,1.02041,100,0
23150.8,,,,,,,,,,,,,,,,,,,,,,31130,,,,,,,
23194.7,,,,,,,,,,,,,,,,,,272,,,,,,,,,,,
23650.9,,,,,,,,,,,,,,,,,,,,,,31807,,,,,,,
23994.4,51300,53200,52500,50500,51300,70000,1.2e+06,1.2e+06,1.2e+06,1.2e+06,1.596e+06,1.596e+06,,315195.281,,,,,,,,,,100,100,0,2,100,1
24150.5,,,,,,,,,,,,,,,,,,,,,,32483,,,,,,,
24651.1,,,,,,,,,,,,,,,,,,,,,,33161,,,,,,,
24994.6,51500,53200,52300,50500,51300,70000,1.2e+06,1.2e+06,1.2e+06,1.2e+06,1.596e+06,1.596e+06,,315203.392,,,,,,,,,,100,100,0,1.0101,100,0
25150.5,,,,,,,,,,,,,,,,,,,,,,33837,,,,,,,
25650.5,,,,,,,,,,,,,,,,,,,,,,34514,,,,,,,
25818.2,,,,,,,,,,,,,,,,,,,50,,,,,,,,,,
25994,51300,53200,52100,50100,50900,70000,1.2e+06,1.2e+06,1.2e+06,1.2e+06,1.596e+06,1.596e+06,,315211.493,,,,,,,,,,100,100,0.990099,3.92157,100,0.990099
26150.8,,,,,,,,,,,,,,,,,,,,,,35191,,,,,,,
26322.7,,,,,,,,,,,,,,,,,,,51,,,,,,,,,,
26650.7,,,,,,,,,,,,,,,,,,,,,,35868,,,,,,,
26657.1,,,,,,,,,,,,,,,,,,313,,,,,,,,,,,
26994.2,51300,53400,52100,50300,51100,70000,1.2e+06,1.2e+06,1.2e+06,1.2e+06,1.596e+06,1.596e+06,,315219.564,,,,,,,,,,100,100,0,1.0101,100,0
27151,,,,,,,,,,,,,,,,,,,,,,36545,,,,,,,
27332.5,,,,,,,,,,,,,,,,,,321,,,,,,,,,,,
27651,,,,,,,,,,,,,,,,,,,,,,37222,,,,,,,
27994.6,51700,53400,52500,50500,50900,70000,1.2e+06,1.2e+06,1.2e+06,1.2e+06,1.596e+06,1.596e+06,,315227.729,,,,,,,,,,100,100,0,1.0101,100,0
28150.7,,,,,,,,,,,,,,,,,,,,,,37898,,,,,,,
28650.7,,,,,,,,,,,,,,,,,,,,,,38575,,,,,,,
28994.3,51700,53400,52500,50500,50900,70000,1.2e+06,1.2e+06,1.2e+06,1.2e+06,1.596e+06,1.596e+06,,315235.826,,,,,,,,,,100,100,1,2,100,0
29151.1,,,,,,,,,,,,,,,,,,,,,,39252,,,,,,,
29190.6,,,,,,,,,,,,,,,,,,343,,,,,,,,,,,
29651,,,,,,,,,,,,,,,,,,,,,,39929,,,,,,,
29697.1,,,,,,,,,,,,,,,,,,349,,,,,,,,,,,
29994.6,51700,53400,52500,50700,51300,70000,1.2e+06,1.2e+06,1.2e+06,1.2e+06,1.596e+06,1.596e+06,,315243.941,,,,,,,,,,100,100,0.990099,1.0101,100,0
30150.5,,,,,,,,,,,,,,,,,,,,,,40605,,,,,,,
30651.2,,,,,,,,,,,,,,,,,,,,,,41283,,,,,,,
30994.6,51700,53400,52600,50700,51300,70000,1.2e+06,1.2e+06,1.2e+06,1.2e+06,1.596e+06,1.596e+06,26.016,315252.144,,,,,,,,,,100,100,0,1.0101,100,0
31150.7,,,,,,,,,,,,,,,,,,,,,,41959,,,,,,,
31650.7,,,,,,,,,,,,,,,,,,,,,,42636,,,,,,,
31994.3,51700,53800,52500,50700,51100,70000,1.2e+06,1.2e+06,1.2e+06,1.2e+06,1.596e+06,1.596e+06,,315260.167,,,,,,,,,,100,100,0,2,100,0.990099
32151,,,,,,,,,,,,,,,,,,,,,,43313,,,,,,,
32651.1,,,,,,,,,,,,,,,,,,,,,,43990,,,,,,,
32652.7,,,,,,,,,,,,,,,,,,384,,,,,,,,,,,
32994.8,51700,53400,52600,50500,51300,70000,1.2e+06,1.2e+06,1.2e+06,1.2e+06,1.596e+06,1.596e+06,,315268.348,,,,,,,,,,100,100,0,2,100,0
33150.9,,,,,,,,,,,,,,,,,,,,,,44666,,,,,,,
33159.9,,,,,,,,,,,,,,,,,,390,,,,,,,,,,,
33651,,,,,,,,,,,,,,,,,,,,,,45343,,,,,,,
33994.4,51700,53800,52600,50500,51300,70000,1.2e+06,1.2e+06,1.2e+06,1.2e+06,1.596e+06,1.596e+06,,315276.455,,,,,,,,,,100,100,0,2,100,0
34150.5,,,,,,,,,,,,,,,,,,,,,,46019,,,,,,,
34650.5,,,,,,,,,,,,,,,,,,,,,,46696,,,,,,,
34854.6,,,,,,,,,,,,,,,,,,,68,,,,,,,,,,
34994.1,52100,53800,52600,50900,51500,70000,1.2e+06,1.2e+06,1.2e+06,1.2e+06,1.596e+06,1.596e+06,,315284.632,,,,,,,,,,100,100,1.96078,1.0101,100,0
35150.9,,,,,,,,,,,,,,,,,,,,,,47373,,,,,,,
35187.1,,,,,,,,,,,,,,,,,,414,,,,,,,,,,,
35650.9,,,,,,,,,,,,,,,,,,,,,,48050,,,,,,,
35693.7,,,,,,,,,,,,,,,,,,420,,,,,,,,,,,
35862.4,,,,,,,,,,,,,,,,,,422,,,,,,,,,,,
35994.4,52100,53800,52800,51100,51700,70000,1.2e+06,1.2e+06,1.2e+06,1.2e+06,1.596e+06,1.596e+06,,315292.746,,,,,,,,,,100,100,0,2,100,0
36151.1,,,,,,,,,,,,,,,,,,,,,,48727,,,,,,,
36369.3,,,,,,,,,,,,,,,,,,428,,,,,,,,,,,
36650.4,,,,,,,,,,,,,,,,,,,,,,49403,,,,,,,
36995,52100,53800,52800,51100,51700,70000,1.2e+06,1.2e+06,1.2e+06,1.2e+06,1.596e+06,1.596e+06,,315300.902,,,,,,,,,,100,100,0,2,100,0
37150.7,,,,,,,,,,,,,,,,,,,,,,50080,,,,,,,
37650.7,,,,,,,,,,,,,,,,,,,,,,50757,,,,,,,
37994.3,52100,54200,52800,51100,51700,70000,1.2e+06,1.2e+06,1.2e+06,1.2e+06,1.596e+06,1.596e+06,,315309.034,,,,,,,,,,100,100,0,2.0202,100,0
38151,,,,,,,,,,,,,,,,,,,,,,51434,,,,,,,
38651,,,,,,,,,,,,,,,,,,,,,,52111,,,,,,,
38994.1,52100,54000,52800,51100,51700,70000,1.2e+06,1.2e+06,1.2e+06,1.2e+06,1.596e+06,1.596e+06,,315317.227,,,,,,,,,,100,100,0.990099,2,100,0
39150.6,,,,,,,,,,,,,,,,,,,,,,52787,,,,,,,
39156.9,,,,,,,,,,,,,,,,,,461,,,,,,,,,,,
39650.7,,,,,,,,,,,,,,,,,,,,,,53464,,,,,,,
39994.2,52100,54200,53000,51100,51700,70000,1.2e+06,1.2e+06,1.2e+06,1.2e+06,1.596e+06,1.596e+06,,315325.300,,,,,,,,,,100,100,0,2,100,0
40151,,,,,,,,,,,,,,,,,,,,,,54141,,,,,,,
40651.1,,,,,,,,,,,,,,,,,,,,,,54818,,,,,,,
40994.8,52300,54200,53200,51300,51700,70000,1.2e+06,1.2e+06,1.2e+06,1.2e+06,1.596e+06,1.596e+06,26.048,315333.458,,,,,,,,,,100,100,0.990099,2,100,0
41150.8,,,,,,,,,,,,,,,,,,,,,,55494,,,,,,,
41650.8,,,,,,,,,,,,,,,,,,,,,,56171,,,,,,,
41690.3,,,,,,,,,,,,,,,,,,491,,,,,,,,,,,
41994.5,52300,54200,53200,51300,51900,70000,1.2e+06,1.2e+06,1.2e+06,1.2e+06,1.596e+06,1.596e+06,,315341.601,,,,,,,,,,100,100,0,2,100,0
42150.5,,,,,,,,,,,,,,,,,,,,,,56847,,,,,,,
42650.6,,,,,,,,,,,,,,,,,,,,,,57524,,,,,,,
42994.5,52500,54200,53200,51300,51900,70000,1.2e+06,1.2e+06,1.2e+06,1.2e+06,1.596e+06,1.596e+06,,315349.740,,,,,,,,,,100,100,1,1.0101,100,0
43150.6,,,,,,,,,,,,,,,,,,,,,,58200,,,,,,,
43650.7,,,,,,,,,,,,,,,,,,,,,,58877,,,,,,,
43994.3,52500,54200,53200,51500,51900,70000,1.2e+06,1.2e+06,1.2e+06,1.2e+06,1.596e+06,1.596e+06,,315357.874,,,,,,,,,,100,100,0,2.9703,100,0
44151.1,,,,,,,,,,,,,,,,,,,,,,59554,,,,,,,
44650.5,,,,,,,,,,,,,,,,,,,,,,60230,,,,,,,
44902.8,,,,,,,,,,,,,,,,,,,88,,,,,,,,,,
44994.2,52500,54400,53400,51700,51900,70000,1.2e+06,1.2e+06,1.2e+06,1.2e+06,1.596e+06,1.596e+06,,315366.055,,,,,,,,,,100,100,0,2,100,0
45150.9,,,,,,,,,,,,,,,,,,,,,,60907,,,,,,,
45153.8,,,,,,,,,,,,,,,,,,532,,,,,,,,,,,
45409.5,,,,,,,,,,,,,,,,,,,89,,,,,,,,,,
45651,,,,,,,,,,,,,,,,,,,,,,61584,,,,,,,
45660.4,,,,,,,,,,,,,,,,,,538,,,,,,,,,,,
45913.6,,,,,,,,,,,,,,,,,,541,,,,,,,,,,,
45994.7,52800,54600,53600,51900,52100,70000,1.2e+06,1.2e+06,1.2e+06,1.2e+06,1.596e+06,1.596e+06,,315374.236,,,,,,,,,,100,100,0,2.0202,100,0
46150.7,,,,,,,,,,,,,,,,,,,,,,62260,,,,,,,
46650.8,,,,,,,,,,,,,,,,,,,,,,62937,,,,,,,
46994.4,52600,54400,53400,51700,52300,70000,1.2e+06,1.2e+06,1.2e+06,1.2e+06,1.596e+06,1.596e+06,,315382.332,,,,,,,,,,100,100,0,1.0101,100,0
47150.5,,,,,,,,,,,,,,,,,,,,,,63613,,,,,,,
47650.6,,,,,,,,,,,,,,,,,,,,,,64290,,,,,,,
47687.3,,,,,,,,,,,,,,,,,,562,,,,,,,,,,,
47994.7,52600,54600,53600,51700,52100,70000,1.2e+06,1.2e+06,1.2e+06,1.2e+06,1.596e+06,1.596e+06,,315390.477,,,,,,,,,,100,100,1,0,100,1
48150.5,,,,,,,,,,,,,,,,,,,,,,64966,,,,,,,
48194.2,,,,,,,,,,,,,,,,,,568,,,,,,,,,,,
48650.5,,,,,,,,,,,,,,,,,,,,,,65643,,,,,,,
48994,52600,54600,53600,51700,52300,70000,1.2e+06,1.2e+06,1.2e+06,1.2e+06,1.596e+06,1.596e+06,,315398.699,,,,,,,,,,100,100,0,2.9703,100,0
49150.9,,,,,,,,,,,,,,,,,,,,,,66320,,,,,,,
49650.9,,,,,,,,,,,,,,,,,,,,,,66997,,,,,,,
49994.6,52800,54800,53600,51900,52500,70000,1.2e+06,1.2e+06,1.2e+06,1.2e+06,1.596e+06,1.596e+06,,315404.791,,,,,,,,,,100,100,0,2,100,0
50150.7,,,,,,,,,,,,,,,,,,,,,,67673,,,,,,,
50650.6,,,,,,,,,,,,,,,,,,,,,,68350,,,,,,,
50994.1,52600,54600,53600,51900,52100,70000,1.2e+06,1.2e+06,1.2e+06,1.2e+06,1.596e+06,1.596e+06,26.069,315412.932,,,,,,,,,,100,100,0,2,100,0.990099
51150.8,,,,,,,,,,,,,,,,,,,,,,69027,,,,,,,
51650.7,,,,,,,,,,,,,,,,,,,,,,69704,,,,,,,
51656.2,,,,,,,,,,,,,,,,,,609,,,,,,,,,,,
51994,53200,55000,54000,51900,52500,70000,1.2e+06,1.2e+06,1.2e+06,1.2e+06,1.596e+06,1.596e+06,,315421.124,,,,,,,,,,100,100,1.96078,1.0101,100,1
52150.5,,,,,,,,,,,,,,,,,,,,,,70380,,,,,,,
52650.6,,,,,,,,,,,,,,,,,,,,,,71057,,,,,,,
52923.9,,,,,,,,,,,,,,,,,,,104,,,,,,,,,,
52994.3,52800,54800,53800,52100,52300,70000,1.2e+06,1.2e+06,1.2e+06,1.2e+06,1.596e+06,1.596e+06,,315429.222,,,,,,,,,,100,100,0,1.0101,100,0
53151.1,,,,,,,,,,,,,,,,,,,,,,71734,,,,,,,
53651.1,,,,,,,,,,,,,,,,,,,,,,72411,,,,,,,
53994.9,53000,54800,53600,51900,52100,70000,1.2e+06,1.2e+06,1.2e+06,1.2e+06,1.596e+06,1.596e+06,,315437.363,,,,,,,,,,100,100,0,2.9703,100,0
54151,,,,,,,,,,,,,,,,,,,,,,73087,,,,,,,
54189.8,,,,,,,,,,,,,,,,,,639,,,,,,,,,,,
54651.1,,,,,,,,,,,,,,,,,,,,,,73764,,,,,,,
54696.3,,,,,,,,,,,,,,,,,,645,,,,,,,,,,,
54994.7,52800,55000,54000,52100,52300,70000,1.2e+06,1.2e+06,1.2e+06,1.2e+06,1.596e+06,1.596e+06,,315445.612,,,,,,,,,,100,100,0,1.0101,100,0
55150.7,,,,,,,,,,,,,,,,,,,,,,74440,,,,,,,
55650.8,,,,,,,,,,,,,,,,,,,,,,75117,,,,,,,
55994.5,53000,55000,54000,52300,52600,70000,1.2e+06,1.2e+06,1.2e+06,1.2e+06,1.596e+06,1.596e+06,,315453.693,,,,,,,,,,100,100,1,2.9703,100,0.990099
56150.5,,,,,,,,,,,,,,,,,,,,,,75793,,,,,,,
56650.7,,,,,,,,,,,,,,,,,,,,,,76470,,,,,,,
56994.3,53200,55200,54000,52100,52500,70000,1.2e+06,1.2e+06,1.2e+06,1.2e+06,1.596e+06,1.596e+06,,315461.898,,,,,,,,,,100,100,0,1.0101,100,0
57151.2,,,,,,,,,,,,,,,,,,,,,,77147,,,,,,,
57650.5,,,,,,,,,,,,,,,,,,,,,,77823,,,,,,,
57652,,,,,,,,,,,,,,,,,,680,,,,,,,,,,,
57995,53200,55000,54000,52100,52500,70000,1.2e+06,1.2e+06,1.2e+06,1.2e+06,1.596e+06,1.596e+06,,315470.035,,,,,,,,,,100,100,0,3,100,0
58150.9,,,,,,,,,,,,,,,,,,,,,,78500,,,,,,,
58159,,,,,,,,,,,,,,,,,,686,,,,,,,,,,,
58651,,,,,,,,,,,,,,,,,,,,,,79177,,,,,,,
58994.6,53200,55200,54200,52500,52600,70000,1.2e+06,1.2e+06,1.2e+06,1.2e+06,1.596e+06,1.596e+06,,315478.224,,,,,,,,,,100,100,0,2,100,0
59150.6,,,,,,,,,,,,,,,,,,,,,,79853,,,,,,,
59650.7,,,,,,,,,,,,,,,,,,,,,,80530,,,,,,,
59994.4,53200,55000,54000,52300,52600,70000,1.2e+06,1.2e+06,1.2e+06,1.2e+06,1.596e+06,1.596e+06,,315486.382,,,,,,,,,,100,100,0.990099,2,100,0.990099
60150.4,,,,,,,,,,,,,,,,,,,,,,81206,,,,,,,
60185.9,,,,,,,,,,,,,,,,,,710,,,,,,,,,,,
60650.6,,,,,,,,,,,,,,,,,,,,,,81883,,,,,,,
60692.4,,,,,,,,,,,,,,,,,,716,,,,,,,,,,,
60946.6,,,,,,,,,,,,,,,,,,,120,,,,,,,,,,
60994.1,53200,55000,54400,52300,52800,70000,1.2e+06,1.2e+06,1.2e+06,1.2e+06,1.596e+06,1.596e+06,26.08,315494.593,,,,,,,,,,100,100,0,2.9703,100,0
61151,,,,,,,,,,,,,,,,,,,,,,82560,,,,,,,
61651.1,,,,,,,,,,,,,,,,,,,,,,83237,,,,,,,
61994.7,53200,55000,54200,52300,52600,70000,1.2e+06,1.2e+06,1.2e+06,1.2e+06,1.596e+06,1.596e+06,,315502.761,,,,,,,,,,100,100,0,2,100,0
62150.8,,,,,,,,,,,,,,,,,,,,,,83913,,,,,,,
62650.9,,,,,,,,,,,,,,,,,,,,,,84590,,,,,,,
62994.4,53400,55400,54400,52100,52600,70000,1.2e+06,1.2e+06,1.2e+06,1.2e+06,1.596e+06,1.596e+06,,315511.005,,,,,,,,,,100,100,0,2,100,0
63150.5,,,,,,,,,,,,,,,,,,,,,,85266,,,,,,,
63650.5,,,,,,,,,,,,,,,,,,,,,,85943,,,,,,,
63994.6,53200,55400,54200,52300,52800,70000,1.2e+06,1.2e+06,1.2e+06,1.2e+06,1.596e+06,1.596e+06,,315519.144,,,,,,,,,,100,100,0.990099,2,100,0.990099
64151,,,,,,,,,,,,,,,,,,,,,,86620,,,,,,,
64155.6,,,,,,,,,,,,,,,,,,757,,,,,,,,,,,
64650.4,,,,,,,,,,,,,,,,,,,,,,87296,,,,,,,
64662.1,,,,,,,,,,,,,,,,,,763,,,,,,,,,,,
64994.2,53200,55200,54400,52500,52800,70000,1.2e+06,1.2e+06,1.2e+06,1.2e+06,1.596e+06,1.596e+06,,315527.360,,,,,,,,,,100,100,0,1.0101,100,0
65151,,,,,,,,,,,,,,,,,,,,,,87973,,,,,,,
65651.1,,,,,,,,,,,,,,,,,,,,,,88650,,,,,,,
65994.9,53600,55400,54200,52500,52600,70000,1.2e+06,1.2e+06,1.2e+06,1.2e+06,1.596e+06,1.596e+06,,315535.577,,,,,,,,,,100,100,0,2.9703,100,0
66150.9,,,,,,,,,,,,,,,,,,,,,,89326,,,,,,,
66651.1,,,,,,,,,,,,,,,,,,,,,,90003,,,,,,,
66688.9,,,,,,,,,,,,,,,,,,787,,,,,,,,,,,
66994.7,53600,55400,54400,52500,52800,70000,1.2e+06,1.2e+06,1.2e+06,1.2e+06,1.596e+06,1.596e+06,,315543.837,,,,,,,,,,100,100,0,1.0101,100,0
67150.8,,,,,,,,,,,,,,,,,,,,,,90679,,,,,,,
67195.8,,,,,,,,,,,,,,,,,,793,,,,,,,,,,,
67651,,,,,,,,,,,,,,,,,,,,,,91356,,,,,,,
67994.6,53400,55400,54400,52500,52800,70000,1.2e+06,1.2e+06,1.2e+06,1.2e+06,1.596e+06,1.596e+06,,315551.993,,,,,,,,,,99.0099,100,0,2.9703,100,0
68150.7,,,,,,,,,,,,,,,,,,,,,,92032,,,,,,,
68650.8,,,,,,,,,,,,,,,,,,,,,,92709,,,,,,,
68971.4,,,,,,,,,,,,,,,,,,,136,,,,,,,,,,
68994.5,53600,55400,54600,52500,53000,70000,1.2e+06,1.2e+06,1.2e+06,1.2e+06,1.596e+06,1.596e+06,,315560.248,,,,,,,,,,100,100,1,0,100,0
69150.5,,,,,,,,,,,,,,,,,,,,,,93385,,,,,,,
69476.4,,,,,,,,,,,,,,,,,,,137,,,,,,,,,,
69650.6,,,,,,,,,,,,,,,,,,,,,,94062,,,,,,,
69982.3,,,,,,,,,,,,,,,,,,826,,,,,,,,,,,
69994.1,53600,55400,54400,52800,53000,70000,1.2e+06,1.2e+06,1.2e+06,1.2e+06,1.596e+06,1.596e+06,,315568.349,,,,,,,,,,100,100,0,2,100,0.990099
70151,,,,,,,,,,,,,,,,,,,,,,94739,,,,,,,
70151.6,,,,,,,,,,,,,,,,,,828,,,,,,,,,,,
70651.1,,,,,,,,,,,,,,,,,,,,,,95416,,,,,,,
70658.1,,,,,,,,,,,,,,,,,,834,,,,,,,,,,,
70994.6,53600,55400,54600,52600,52800,70000,1.2e+06,1.2e+06,1.2e+06,1.2e+06,1.596e+06,1.596e+06,26.091,315576.592,,,,,,,,,,100,100,2,0,100,0
71150.6,,,,,,,,,,,,,,,,,,,,,,96092,,,,,,,
71650.8,,,,,,,,,,,,,,,,,,,,,,96769,,,,,,,
71994,53600,55600,54600,52600,53000,70000,1.2e+06,1.2e+06,1.2e+06,1.2e+06,1.596e+06,1.596e+06,,315584.840,,,,,,,,,,100,100,2.0202,0,100,0
72151.2,,,,,,,,,,,,,,,,,,,,,,97446,,,,,,,
72651.2,,,,,,,,,,,,,,,,,,,,,,98123,,,,,,,
72994.8,53800,55800,54800,52600,52800,70000,1.2e+06,1.2e+06,1.2e+06,1.2e+06,1.596e+06,1.596e+06,,315592.945,,,,,,,,,,100,100,2,0,100,0
73150.7,,,,,,,,,,,,,,,,,,,,,,98799,,,,,,,
73192,,,,,,,,,,,,,,,,,,864,,,,,,,,,,,
73650.9,,,,,,,,,,,,,,,,,,,,,,99476,,,,,,,
73994.6,53600,55800,54600,52800,53200,70000,1.2e+06,1.2e+06,1.2e+06,1.2e+06,1.596e+06,1.596e+06,,315601.185,,,,,,,,,,100,100,2,0,100,0
74150.7,,,,,,,,,,,,,,,,,,,,,,100152,,,,,,,
74650.9,,,,,,,,,,,,,,,,,,,,,,100829,,,,,,,
74994.6,54000,55600,54800,52800,53200,70000,1.2e+06,1.2e+06,1.2e+06,1.2e+06,1.596e+06,1.596e+06,,315609.341,,,,,,,,,,100,100,2.0202,0,100,0.990099
75150.7,,,,,,,,,,,,,,,,,,,,,,101505,,,,,,,
75650.8,,,,,,,,,,,,,,,,,,,,,,102182,,,,,,,
75994.3,54000,55800,54800,52800,53200,70000,1.2e+06,1.2e+06,1.2e+06,1.2e+06,1.596e+06,1.596e+06,,315617.600,,,,,,,,,,100,100,2.9703,0,100,0
76151.1,,,,,,,,,,,,,,,,,,,,,,102859,,,,,,,
76650.6,,,,,,,,,,,,,,,,,,,,,,103535,,,,,,,
76654.9,,,,,,,,,,,,,,,,,,905,,,,,,,,,,,
76994.8,54000,55800,54800,52800,53400,70000,1.2e+06,1.2e+06,1.2e+06,1.2e+06,1.596e+06,1.596e+06,,315625.851,,,,,,,,,,100,100,0,0,100,0
77150.4,,,,,,,,,,,,,,,,,,,,,,104211,,,,,,,
77161.8,,,,,,,,,,,,,,,,,,911,,,,,,,,,,,
77650.5,,,,,,,,,,,,,,,,,,,,,,104888,,,,,,,
77994.2,54000,56000,54800,53200,53200,70000,1.2e+06,1.2e+06,1.2e+06,1.2e+06,1.596e+06,1.596e+06,,315634.105,,,,,,,,,,100,100,2.9703,0,100,0
78151.1,,,,,,,,,,,,,,,,,,,,,,105565,,,,,,,
78650.6,,,,,,,,,,,,,,,,,,,,,,106241,,,,,,,
78994.2,53800,56200,54800,52800,53200,70000,1.2e+06,1.2e+06,1.2e+06,1.2e+06,1.596e+06,1.596e+06,,315642.250,,,,,,,,,,100,100,2.0202,0,100,1
79151,,,,,,,,,,,,,,,,,,,,,,106918,,,,,,,
79188.8,,,,,,,,,,,,,,,,,,935,,,,,,,,,,,
79650.5,,,,,,,,,,,,,,,,,,,,,,107594,,,,,,,
79695.2,,,,,,,,,,,,,,,,,,941,,,,,,,,,,,
79994.2,54000,56200,54800,53200,53400,70000,1.2e+06,1.2e+06,1.2e+06,1.2e+06,1.596e+06,1.596e+06,,315650.483,,,,,,,,,,100,100,2,1.96078,100,0.990099
80151,,,,,,,,,,,,,,,,,,,,,,108271,,,,,,,
80651.1,,,,,,,,,,,,,,,,,,,,,,108948,,,,,,,
80994.9,54000,56200,54800,53200,53400,70000,1.2e+06,1.2e+06,1.2e+06,1.2e+06,1.596e+06,1.596e+06,26.091,315658.633,,,,,,,,,,100,100,1.0101,0,100,0
81150.9,,,,,,,,,,,,,,,,,,,,,,109624,,,,,,,
81651,,,,,,,,,,,,,,,,,,,,,,110301,,,,,,,
81994.7,54000,56200,55000,52800,53600,70000,1.2e+06,1.2e+06,1.2e+06,1.2e+06,1.596e+06,1.596e+06,,315666.847,,,,,,,,,,100,100,2.9703,0,100,0
82150.8,,,,,,,,,,,,,,,,,,,,,,110977,,,,,,,
82650.8,,,,,,,,,,,,,,,,,,,,,,111654,,,,,,,
82651.3,,,,,,,,,,,,,,,,,,976,,,,,,,,,,,
82994.4,54000,56000,55200,52800,53600,70000,1.2e+06,1.2e+06,1.2e+06,1.2e+06,1.596e+06,1.596e+06,,315675.048,,,,,,,,,,100,100,2.0202,0,100,0.990099
83150.6,,,,,,,,,,,,,,,,,,,,,,112330,,,,,,,
83158.3,,,,,,,,,,,,,,,,,,982,,,,,,,,,,,
83650.8,,,,,,,,,,,,,,,,,,,,,,113007,,,,,,,
83994.4,54000,56200,55200,53200,53600,70000,1.2e+06,1.2e+06,1.2e+06,1.2e+06,1.596e+06,1.596e+06,,315683.299,,,,,,,,,,100,100,2.9703,0,100,0
84150.5,,,,,,,,,,,,,,,,,,,,,,113683,,,,,,,
84650.6,,,,,,,,,,,,,,,,,,,,,,114360,,,,,,,
84994.3,54000,56200,55200,53200,53600,70000,1.2e+06,1.2e+06,1.2e+06,1.2e+06,1.596e+06,1.596e+06,,315691.388,,,,,,,,,,100,100,1.02041,0,100,0
85151.1,,,,,,,,,,,,,,,,,,,,,,115037,,,,,,,
85650.6,,,,,,,,,,,,,,,,,,,,,,115713,,,,,,,
85691.7,,,,,,,,,,,,,,,,,,1012,,,,,,,,,,,
85994.3,54400,56400,55200,53200,53600,70000,1.2e+06,1.2e+06,1.2e+06,1.2e+06,1.596e+06,1.596e+06,,315699.556,,,,,,,,,,100,100,2.9703,0.990099,100,0
86124.4,,,,,,,,,,,,,,,,,,,170,,,,,,,,,,
86151.1,,,,,,,,,,,,,,,,,,,,,,116390,,,,,,,
86650.6,,,,,,,,,,,,,,,,,,,,,,117066,,,,,,,
86994.3,54200,56200,55200,53400,53800,70000,1.2e+06,1.2e+06,1.2e+06,1.2e+06,1.596e+06,1.596e+06,,315707.723,,,,,,,,,,100,100,2,0,100,0
87131.4,,,,,,,,,,,,,,,,,,,172,,,,,,,,,,
87151.1,,,,,,,,,,,,,,,,,,,,,,117743,,,,,,,
87634,,,,,,,,,,,,,,,,,,1035,,,,,,,,,,,
87650.5,,,,,,,,,,,,,,,,,,,,,,118419,,,,,,,
87994.2,54400,56200,55200,53200,53800,70000,1.2e+06,1.2e+06,1.2e+06,1.2e+06,1.596e+06,1.596e+06,,315715.964,,,,,,,,,,100,100,3.9604,1,100,0
88141.1,,,,,,,,,,,,,,,,,,1041,,,,,,,,,,,
88151.1,,,,,,,,,,,,,,,,,,,,,,119096,,,,,,,
88647.4,,,,,,,,,,,,,,,,,,1047,,,,,,,,,,,
88650.5,,,,,,,,,,,,,,,,,,,,,,119772,,,,,,,
88994.3,54200,56400,55200,53400,53600,70000,1.2e+06,1.2e+06,1.2e+06,1.2e+06,1.596e+06,1.596e+06,,315724.215,,,,,,,,,,100,100,2,0,100,0
89150.4,,,,,,,,,,,,,,,,,,,,,,120448,,,,,,,
89154.4,,,,,,,,,,,,,,,,,,1053,,,,,,,,,,,
89650.7,,,,,,,,,,,,,,,,,,,,,,121125,,,,,,,
89660.7,,,,,,,,,,,,,,,,,,1059,,,,,,,,,,,
89994.5,54400,56400,55600,53400,53800,70000,1.2e+06,1.2e+06,1.2e+06,1.2e+06,1.596e+06,1.596e+06,,315732.345,,,,,,,,,,100,100,2,0,100,0
90150.6,,,,,,,,,,,,,,,,,,,,,,121801,,,,,,,
90158,,,,,,,,,,,,,,,,,,,178,,,,,,,,,,
90650.8,,,,,,,,,,,,,,,,,,,,,,122478,,,,,,,
90658.3,,,,,,,,,,,,,,,,,,,179,,,,,,,,,,
90994.6,54400,56400,55600,53600,53800,70000,1.2e+06,1.2e+06,1.2e+06,1.2e+06,1.596e+06,1.596e+06,26.091,315740.555,,,,,,,,,,100,100,2.0202,0,100,0
91150.7,,,,,,,,,,,,,,,,,,,,,,123154,,,,,,,
91650.9,,,,,,,,,,,,,,,,,,,,,,123831,,,,,,,
91687.7,,,,,,,,,,,,,,,,,,1083,,,,,,,,,,,
91994.5,54400,56400,55400,53600,54000,70000,1.2e+06,1.2e+06,1.2e+06,1.2e+06,1.596e+06,1.596e+06,,315748.747,,,,,,,,,,100,100,2,0,100,0
92150.6,,,,,,,,,,,,,,,,,,,,,,124507,,,,,,,
92194.8,,,,,,,,,,,,,,,,,,1089,,,,,,,,,,,
92650.7,,,,,,,,,,,,,,,,,,,,,,125184,,,,,,,
92994.5,54600,56400,55200,53200,53600,70000,1.2e+06,1.2e+06,1.2e+06,1.2e+06,1.596e+06,1.596e+06,,315756.948,,,,,,,,,,100,100,2.0202,0,100,0
93150.5,,,,,,,,,,,,,,,,,,,,,,125860,,,,,,,
93650.7,,,,,,,,,,,,,,,,,,,,,,126537,,,,,,,
93994.3,54800,56400,55400,53400,53800,70000,1.2e+06,1.2e+06,1.2e+06,1.2e+06,1.596e+06,1.596e+06,,315765.216,,,,,,,,,,100,100,1.0101,0,100,0.990099
94151.2,,,,,,,,,,,,,,,,,,,,,,127214,,,,,,,
94192.3,,,,,,,,,,,,,,,,,,,186,,,,,,,,,,
94651,,,,,,,,,,,,,,,,,,,,,,127890,,,,,,,
94693.6,,,,,,,,,,,,,,,,,,,187,,,,,,,,,,
94994.3,54400,56600,55200,53600,54000,70000,1.2e+06,1.2e+06,1.2e+06,1.2e+06,1.596e+06,1.596e+06,,315773.472,,,,,,,,,,100,100,2.0202,1,100,0
95150.5,,,,,,,,,,,,,,,,,,,,,,128565,,,,,,,
95150.7,,,,,,,,,,,,,,,,,,1124,,,,,,,,,,,
95650.5,,,,,,,,,,,,,,,,,,,,,,129242,,,,,,,
95657.2,,,,,,,,,,,,,,,,,,1130,,,,,,,,,,,
95994.1,54600,56600,55400,53200,53800,70000,1.2e+06,1.2e+06,1.2e+06,1.2e+06,1.596e+06,1.596e+06,,315779.595,,,,,,,,,,100,100,2,0,100,1
96150.9,,,,,,,,,,,,,,,,,,,,,,129919,,,,,,,
96651,,,,,,,,,,,,,,,,,,,,,,130596,,,,,,,
96994.7,54600,56600,55600,53400,54000,70000,1.2e+06,1.2e+06,1.2e+06,1.2e+06,1.596e+06,1.596e+06,,315787.910,,,,,,,,,,100,100,3.92157,0,100,0
97150.8,,,,,,,,,,,,,,,,,,,,,,131272,,,,,,,
97650.8,,,,,,,,,,,,,,,,,,,,,,131949,,,,,,,
97994.5,54800,56600,55600,53400,54000,70000,1.2e+06,1.2e+06,1.2e+06,1.2e+06,1.596e+06,1.596e+06,,315796.108,,,,,,,,,,100,100,0,0,100,0
98150.6,,,,,,,,,,,,,,,,,,,,,,132625,,,,,,,
98191.2,,,,,,,,,,,,,,,,,,1160,,,,,,,,,,,
98650.8,,,,,,,,,,,,,,,,,,,,,,133302,,,,,,,
98994.4,54400,56400,55400,53600,53800,70000,1.2e+06,1.2e+06,1.2e+06,1.2e+06,1.596e+06,1.596e+06,,315804.371,,,,,,,,,,100,100,2,0,100,0
99150.5,,,,,,,,,,,,,,,,,,,,,,133978,,,,,,,
99650.6,,,,,,,,,,,,,,,,,,,,,,134655,,,,,,,
99994.2,54400,56600,55600,53600,53800,70000,1.2e+06,1.2e+06,1.2e+06,1.2e+06,1.596e+06,1.596e+06,,315812.635,,,,,,,,,,100,100,3.9604,0,100,0
100151,,,,,,,,,,,,,,,,,,,,,,135332,,,,,,,
100650,,,,,,,,,,,,,,,,,,,,,,136008,,,,,,,
100994,54600,56600,55800,53600,54200,70000,1.2e+06,1.2e+06,1.2e+06,1.2e+06,1.596e+06,1.596e+06,26.091,315820.790,,,,,,,,,,100,100,0,0,100,0
101151,,,,,,,,,,,,,,,,,,,,,,136685,,,,,,,
101651,,,,,,,,,,,,,,,,,,,,,,137362,,,,,,,
101654,,,,,,,,,,,,,,,,,,1201,,,,,,,,,,,
101995,54600,56600,55600,53600,53800,70000,1.2e+06,1.2e+06,1.2e+06,1.2e+06,1.596e+06,1.596e+06,,315828.979,,,,,,,,,,100,100,2,0.990099,100,0
102151,,,,,,,,,,,,,,,,,,,,,,138038,,,,,,,
102161,,,,,,,,,,,,,,,,,,1207,,,,,,,,,,,
102651,,,,,,,,,,,,,,,,,,,,,,138715,,,,,,,
102995,54800,56800,55800,53600,54000,70000,1.2e+06,1.2e+06,1.2e+06,1.2e+06,1.596e+06,1.596e+06,,315837.138,,,,,,,,,,100,100,2.0202,0,100,1
103151,,,,,,,,,,,,,,,,,,,,,,139391,,,,,,,
103651,,,,,,,,,,,,,,,,,,,,,,140068,,,,,,,
103995,54800,56600,55600,53600,54000,70000,1.2e+06,1.2e+06,1.2e+06,1.2e+06,1.596e+06,1.596e+06,,315845.331,,,,,,,,,,100,100,2,0,100,0
104151,,,,,,,,,,,,,,,,,,,,,,140744,,,,,,,
104188,,,,,,,,,,,,,,,,,,1231,,,,,,,,,,,
104651,,,,,,,,,,,,,,,,,,,,,,141421,,,,,,,
104695,,,,,,,,,,,,,,,,,,1237,,,,,,,,,,,
104995,54800,56600,55800,53600,54000,70000,1.2e+06,1.2e+06,1.2e+06,1.2e+06,1.596e+06,1.596e+06,,315853.563,,,,,,,,,,100,100,2,0,100,0
105151,,,,,,,,,,,,,,,,,,,,,,142097,,,,,,,
105651,,,,,,,,,,,,,,,,,,,,,,142774,,,,,,,
105800,,,,,,,,,,,,,,,,,,,209,,,,,,,,,,
105995,54800,56600,55600,53400,54000,70000,1.2e+06,1.2e+06,1.2e+06,1.2e+06,1.596e+06,1.596e+06,,315861.818,,,,,,,,,,100,100,3,0,100,0
106151,,,,,,,,,,,,,,,,,,,,,,143450,,,,,,,
106651,,,,,,,,,,,,,,,,,,,,,,144126,,,,,,,
106811,,,,,,,,,,,,,,,,,,,211,,,,,,,,,,
106994,54600,57000,55600,53600,54200,70000,1.2e+06,1.2e+06,1.2e+06,1.2e+06,1.596e+06,1.596e+06,,315870.017,,,,,,,,,,100,100,2.9703,0,100,0.990099
107151,,,,,,,,,,,,,,,,,,,,,,144803,,,,,,,
107319,,,,,,,,,,,,,,,,,,,212,,,,,,,,,,
107650,,,,,,,,,,,,,,,,,,,,,,145479,,,,,,,
107651,,,,,,,,,,,,,,,,,,1272,,,,,,,,,,,
107819,,,,,,,,,,,,,,,,,,1274,,,,,,,,,,,
107994,54600,56800,55800,53600,54200,70000,1.2e+06,1.2e+06,1.2e+06,1.2e+06,1.596e+06,1.596e+06,,315878.153,,,,,,,,,,100,100,3,0,100,0
108151,,,,,,,,,,,,,,,,,,,,,,146156,,,,,,,
108158,,,,,,,,,,,,,,,,,,1278,,,,,,,,,,,
108330,,,,,,,,,,,,,,,,,,,214,,,,,,,,,,
108650,,,,,,,,,,,,,,,,,,,,,,146832,,,,,,,
108833,,,,,,,,,,,,,,,,,,1286,,,,,,,,,,,
108994,54800,57000,56000,54000,54200,70000,1.2e+06,1.2e+06,1.2e+06,1.2e+06,1.596e+06,1.596e+06,,315886.393,,,,,,,,,,100,100,2,0,100,0
109151,,,,,,,,,,,,,,,,,,,,,,147509,,,,,,,
109341,,,,,,,,,,,,,,,,,,,216,,,,,,,,,,
109651,,,,,,,,,,,,,,,,,,,,,,148186,,,,,,,
109846,,,,,,,,,,,,,,,,,,1298,,,,,,,,,,,
109995,54800,56600,56000,54000,54200,70000,1.2e+06,1.2e+06,1.2e+06,1.2e+06,1.596e+06,1.596e+06,,315894.578,,,,,,,,,,100,100,3,0,100,0
110151,,,,,,,,,,,,,,,,,,,,,,148862,,,,,,,
110353,,,,,,,,,,,,,,,,,,1304,,,,,,,,,,,
110650,,,,,,,,,,,,,,,,,,,,,,149538,,,,,,,
110691,,,,,,,,,,,,,,,,,,1308,,,,,,,,,,,
110994,54800,56800,55800,53600,54000,70000,1.2e+06,1.2e+06,1.2e+06,1.2e+06,1.596e+06,1.596e+06,26.102,315902.828,,,,,,,,,,100,100,2.9703,0,100,0
111151,,,,,,,,,,,,,,,,,,,,,,150215,,,,,,,
111367,,,,,,,,,,,,,,,,,,1316,,,,,,,,,,,
111651,,,,,,,,,,,,,,,,,,,,,,150892,,,,,,,
111995,54800,57000,55600,53600,54200,70000,1.2e+06,1.2e+06,1.2e+06,1.2e+06,1.596e+06,1.596e+06,,315911.033,,,,,,,,,,100,100,2,0,100,0.990099
112151,,,,,,,,,,,,,,,,,,,,,,151568,,,,,,,
112380,,,,,,,,,,,,,,,,,,1328,,,,,,,,,,,
112651,,,,,,,,,,,,,,,,,,,,,,152245,,,,,,,
112994,55000,56800,56000,54000,54200,70000,1.2e+06,1.2e+06,1.2e+06,1.2e+06,1.596e+06,1.596e+06,,315919.283,,,,,,,,,,100,100,0,0,100,1
113150,,,,,,,,,,,,,,,,,,,,,,152921,,,,,,,
113651,,,,,,,,,,,,,,,,,,,,,,153598,,,,,,,
113994,54800,57000,55800,54000,54400,70000,1.2e+06,1.2e+06,1.2e+06,1.2e+06,1.596e+06,1.596e+06,,315927.501,,,,,,,,,,100,100,2.9703,0,100,0
114151,,,,,,,,,,,,,,,,,,,,,,154275,,,,,,,
114153,,,,,,,,,,,,,,,,,,1349,,,,,,,,,,,
114651,,,,,,,,,,,,,,,,,,,,,,154952,,,,,,,
114660,,,,,,,,,,,,,,,,,,1355,,,,,,,,,,,
114994,54800,57000,55800,54000,54400,70000,1.2e+06,1.2e+06,1.2e+06,1.2e+06,1.596e+06,1.596e+06,,315935.752,,,,,,,,,,100,100,3,0,100,0
115150,,,,,,,,,,,,,,,,,,,,,,155628,,,,,,,
115651,,,,,,,,,,,,,,,,,,,,,,156305,,,,,,,
115994,54800,56800,55600,53600,54200,70000,1.2e+06,1.2e+06,1.2e+06,1.2e+06,1.596e+06,1.596e+06,,315943.968,,,,,,,,,,100,100,2,0,100,0
116151,,,,,,,,,,,,,,,,,,,,,,156982,,,,,,,
116651,,,,,,,,,,,,,,,,,,,,,,157659,,,,,,,
116687,,,,,,,,,,,,,,,,,,1379,,,,,,,,,,,
116994,54800,57000,55800,54000,54200,70000,1.2e+06,1.2e+06,1.2e+06,1.2e+06,1.596e+06,1.596e+06,,315952.238,,,,,,,,,,100,100,2,0,100,0
117150,,,,,,,,,,,,,,,,,,,,,,158335,,,,,,,
117194,,,,,,,,,,,,,,,,,,1385,,,,,,,,,,,
117650,,,,,,,,,,,,,,,,,,,,,,159012,,,,,,,
117994,55000,57200,56000,54000,54400,70000,1.2e+06,1.2e+06,1.2e+06,1.2e+06,1.596e+06,1.596e+06,,315960.494,,,,,,,,,,100,100,3.9604,0,100,0.990099
118151,,,,,,,,,,,,,,,,,,,,,,159689,,,,,,,
118651,,,,,,,,,,,,,,,,,,,,,,160366,,,,,,,
118995,55000,57000,56000,54000,54400,70000,1.2e+06,1.2e+06,1.2e+06,1.2e+06,1.596e+06,1.596e+06,,315968.674,,,,,,,,,,100,100,2,1,100,0
119151,,,,,,,,,,,,,,,,,,,,,,161042,,,,,,,
119651,,,,,,,,,,,,,,,,,,,,,,161719,,,,,,,
119994,54800,57000,56000,54000,54400,70000,1.2e+06,1.2e+06,1.2e+06,1.2e+06,1.596e+06,1.596e+06,,315976.894,,,,,,,,,,100,100,2.0202,0,100,0
120151,,,,,,,,,,,,,,,,,,,,,,162396,,,,,,,
120650,,,,,,,,,,,,,,,,,,,,,,163072,,,,,,,
120656,,,,,,,,,,,,,,,,,,1426,,,,,,,,,,,
120994,54800,57000,56000,54000,54400,70000,1.2e+06,1.2e+06,1.2e+06,1.2e+06,1.596e+06,1.596e+06,26.123,315985.091,,,,,,,,,,100,100,2,0,100,0
121151,,,,,,,,,,,,,,,,,,,,,,163749,,,,,,,
121651,,,,,,,,,,,,,,,,,,,,,,164426,,,,,,,
121995,55200,57000,56000,54000,54400,70000,1.2e+06,1.2e+06,1.2e+06,1.2e+06,1.596e+06,1.596e+06,,315993.383,,,,,,,,,,100,100,2.9703,0,100,0
122151,,,,,,,,,,,,,,,,,,,,,,165102,,,,,,,
122651,,,,,,,,,,,,,,,,,,,,,,165779,,,,,,,
122994,55000,57200,56000,54000,54400,70000,1.2e+06,1.2e+06,1.2e+06,1.2e+06,1.596e+06,1.596e+06,,316001.570,,,,,,,,,,100,100,2.0202,0,100,0
123150,,,,,,,,,,,,,,,,,,,,,,166455,,,,,,,
123190,,,,,,,,,,,,,,,,,,1456,,,,,,,,,,,
123651,,,,,,,,,,,,,,,,,,,,,,167132,,,,,,,
123697,,,,,,,,,,,,,,,,,,1462,,,,,,,,,,,
123994,54800,57200,56000,54000,54600,70000,1.2e+06,1.2e+06,1.2e+06,1.2e+06,1.596e+06,1.596e+06,,316009.902,,,,,,,,,,100,100,2,0,100,0
124151,,,,,,,,,,,,,,,,,,,,,,167809,,,,,,,
124651,,,,,,,,,,,,,,,,,,,,,,168486,,,,,,,
124995,55200,57200,56000,54000,54400,70000,1.2e+06,1.2e+06,1.2e+06,1.2e+06,1.596e+06,1.596e+06,,316018.089,,,,,,,,,,100,100,2.0202,0,100,0
125151,,,,,,,,,,,,,,,,,,,,,,169162,,,,,,,
125651,,,,,,,,,,,,,,,,,,,,,,169839,,,,,,,
125995,55200,57200,56000,54000,54400,70000,1.2e+06,1.2e+06,1.2e+06,1.2e+06,1.596e+06,1.596e+06,,316026.267,,,,,,,,,,100,100,2.9703,0,100,0
126151,,,,,,,,,,,,,,,,,,,,,,170515,,,,,,,
126651,,,,,,,,,,,,,,,,,,,,,,171192,,,,,,,
126653,,,,,,,,,,,,,,,,,,1497,,,,,,,,,,,
126995,55200,57200,56200,54000,54600,70000,1.2e+06,1.2e+06,1.2e+06,1.2e+06,1.596e+06,1.596e+06,,316034.541,,,,,,,,,,100,100,2.0202,0.990099,100,0
127150,,,,,,,,,,,,,,,,,,,,,,171868,,,,,,,
127159,,,,,,,,,,,,,,,,,,1503,,,,,,,,,,,
127507,,,,,,,,,,,,,,,,,,,252,,,,,,,,,,
127650,,,,,,,,,,,,,,,,,,,,,,172545,,,,,,,
127994,55200,57200,56000,54200,54200,70000,1.2e+06,1.2e+06,1.2e+06,1.2e+06,1.596e+06,1.596e+06,,316042.762,,,,,,,,,,100,100,1.0101,0,100,0.990099
128151,,,,,,,,,,,,,,,,,,,,,,173222,,,,,,,
128515,,,,,,,,,,,,,,,,,,,254,,,,,,,,,,
128651,,,,,,,,,,,,,,,,,,,,,,173899,,,,,,,
128995,55200,57200,56200,54000,54600,70000,1.2e+06,1.2e+06,1.2e+06,1.2e+06,1.596e+06,1.596e+06,,316051.042,,,,,,,,,,100,100,2.9703,0,100,0
129019,,,,,,,,,,,,,,,,,,,255,,,,,,,,,,
129151,,,,,,,,,,,,,,,,,,,,,,174575,,,,,,,
129186,,,,,,,,,,,,,,,,,,1527,,,,,,,,,,,
129524,,,,,,,,,,,,,,,,,,1531,,,,,,,,,,,
129651,,,,,,,,,,,,,,,,,,,,,,175252,,,,,,,
129693,,,,,,,,,,,,,,,,,,1533,,,,,,,,,,,
129995,55400,57400,56200,54400,54600,70000,1.2e+06,1.2e+06,1.2e+06,1.2e+06,1.596e+06,1.596e+06,,316059.186,,,,,,,,,,100,100,3,0,100,0
130031,,,,,,,,,,,,,,,,,,1537,,,,,,,,,,,
130151,,,,,,,,,,,,,,,,,,,,,,175928,,,,,,,
130537,,,,,,,,,,,,,,,,,,1543,,,,,,,,,,,
130651,,,,,,,,,,,,,,,,,,,,,,176605,,,,,,,
130994,55200,57400,56000,54200,54600,70000,1.2e+06,1.2e+06,1.2e+06,1.2e+06,1.596e+06,1.596e+06,26.134,316067.452,,,,,,,,,,100,100,2,0,100,1
131151,,,,,,,,,,,,,,,,,,,,,,177282,,,,,,,
131651,,,,,,,,,,,,,,,,,,,,,,177959,,,,,,,
131995,55200,57200,56400,54200,54400,70000,1.2e+06,1.2e+06,1.2e+06,1.2e+06,1.596e+06,1.596e+06,,316075.648,,,,,,,,,,100,100,1.02041,0,100,0
132151,,,,,,,,,,,,,,,,,,,,,,178635,,,,,,,
132651,,,,,,,,,,,,,,,,,,,,,,179312,,,,,,,
132994,55200,57500,56400,54400,54400,70000,1.2e+06,1.2e+06,1.2e+06,1.2e+06,1.596e+06,1.596e+06,,316083.869,,,,,,,,,,100,100,2.9703,0,100,0
133150,,,,,,,,,,,,,,,,,,,,,,179988,,,,,,,
133156,,,,,,,,,,,,,,,,,,1574,,,,,,,,,,,
133651,,,,,,,,,,,,,,,,,,,,,,180665,,,,,,,
133662,,,,,,,,,,,,,,,,,,1580,,,,,,,,,,,
133994,55200,57200,56400,54200,54600,70000,1.2e+06,1.2e+06,1.2e+06,1.2e+06,1.596e+06,1.596e+06,,316092.088,,,,,,,,,,100,100,1.0101,0,100,1
134151,,,,,,,,,,,,,,,,,,,,,,181342,,,,,,,
134651,,,,,,,,,,,,,,,,,,,,,,182019,,,,,,,
134995,55200,57200,56400,54400,54600,70000,1.2e+06,1.2e+06,1.2e+06,1.2e+06,1.596e+06,1.596e+06,,316100.383,,,,,,,,,,100,100,2.0202,0,100,0
135151,,,,,,,,,,,,,,,,,,,,,,182695,,,,,,,
135651,,,,,,,,,,,,,,,,,,,,,,183372,,,,,,,
135690,,,,,,,,,,,,,,,,,,1604,,,,,,,,,,,
135994,55200,57400,56400,54200,54600,70000,1.2e+06,1.2e+06,1.2e+06,1.2e+06,1.596e+06,1.596e+06,,316108.562,,,,,,,,,,100,100,2.9703,0,100,0
136150,,,,,,,,,,,,,,,,,,,,,,184048,,,,,,,
136197,,,,,,,,,,,,,,,,,,1610,,,,,,,,,,,
136650,,,,,,,,,,,,,,,,,,,,,,184725,,,,,,,
136994,55200,57400,56400,54400,54600,70000,1.2e+06,1.2e+06,1.2e+06,1.2e+06,1.596e+06,1.596e+06,,316116.868,,,,,,,,,,100,100,1.02041,0,100,0
137151,,,,,,,,,,,,,,,,,,,,,,185402,,,,,,,
137651,,,,,,,,,,,,,,,,,,,,,,186079,,,,,,,
137994,55200,57200,56200,54400,54600,70000,1.2e+06,1.2e+06,1.2e+06,1.2e+06,1.596e+06,1.596e+06,,316125.200,,,,,,,,,,100,100,2.9703,0.990099,100,0
138151,,,,,,,,,,,,,,,,,,,,,,186756,,,,,,,
138651,,,,,,,,,,,,,,,,,,,,,,187433,,,,,,,
138995,55200,57500,56000,54400,54600,70000,1.2e+06,1.2e+06,1.2e+06,1.2e+06,1.596e+06,1.596e+06,,316133.380,,,,,,,,,,100,100,1.02041,0,100,0
139151,,,,,,,,,,,,,,,,,,,,,,188109,,,,,,,
139153,,,,,,,,,,,,,,,,,,1645,,,,,,,,,,,
139651,,,,,,,,,,,,,,,,,,,,,,188786,,,,,,,
139659,,,,,,,,,,,,,,,,,,1651,,,,,,,,,,,
139994,55600,57400,56600,54400,55000,70000,1.2e+06,1.2e+06,1.2e+06,1.2e+06,1.596e+06,1.596e+06,,316141.657,,,,,,,,,,100,100,2.9703,0,100,0
140151,,,,,,,,,,,,,,,,,,,,,,189463,,,,,,,
140650,,,,,,,,,,,,,,,,,,,,,,190139,,,,,,,
140994,55400,57400,56400,54400,54600,70000,1.2e+06,1.2e+06,1.2e+06,1.2e+06,1.596e+06,1.596e+06,26.145,316149.856,,,,,,,,,,100,100,1.02041,0.990099,100,0
141151,,,,,,,,,,,,,,,,,,,,,,190816,,,,,,,
141651,,,,,,,,,,,,,,,,,,,,,,191493,,,,,,,
141686,,,,,,,,,,,,,,,,,,1675,,,,,,,,,,,
141994,55600,57400,56400,54400,54800,70000,1.2e+06,1.2e+06,1.2e+06,1.2e+06,1.596e+06,1.596e+06,,316158.150,,,,,,,,,,100,100,2,0,100,0
142151,,,,,,,,,,,,,,,,,,,,,,192170,,,,,,,
142153,,,,,,,,,,,,,,,,,,,281,,,,,,,,,,
142193,,,,,,,,,,,,,,,,,,1681,,,,,,,,,,,
142651,,,,,,,,,,,,,,,,,,,,,,192847,,,,,,,
142656,,,,,,,,,,,,,,,,,,,282,,,,,,,,,,
142995,55600,57500,56400,54600,54800,70000,1.2e+06,1.2e+06,1.2e+06,1.2e+06,1.596e+06,1.596e+06,,316164.311,,,,,,,,,,100,100,1.0101,0,100,0
143151,,,,,,,,,,,,,,,,,,,,,,193523,,,,,,,
143162,,,,,,,,,,,,,,,,,,,283,,,,,,,,,,
143651,,,,,,,,,,,,,,,,,,,,,,194200,,,,,,,
143659,,,,,,,,,,,,,,,,,,,284,,,,,,,,,,
143994,55600,57500,56400,54800,54800,70000,1.2e+06,1.2e+06,1.2e+06,1.2e+06,1.596e+06,1.596e+06,,316172.568,,,,,,,,,,100,100,0.990099,1.0101,100,1.9802
144150,,,,,,,,,,,,,,,,,,,,,,194876,,,,,,,
144651,,,,,,,,,,,,,,,,,,,,,,195553,,,,,,,
144994,55600,57400,56400,54400,54800,70000,1.2e+06,1.2e+06,1.2e+06,1.2e+06,1.596e+06,1.596e+06,,316180.803,,,,,,,,,,100,100,0,2.9703,100,0
145151,,,,,,,,,,,,,,,,,,,,,,196230,,,,,,,
145651,,,,,,,,,,,,,,,,,,,,,,196907,,,,,,,
145655,,,,,,,,,,,,,,,,,,1722,,,,,,,,,,,
145995,55600,57400,56600,54600,54800,70000,1.2e+06,1.2e+06,1.2e+06,1.2e+06,1.596e+06,1.596e+06,,316189.118,,,,,,,,,,100,100,0.990099,1.0101,100,0
146151,,,,,,,,,,,,,,,,,,,,,,197583,,,,,,,
146162,,,,,,,,,,,,,,,,,,1728,,,,,,,,,,,
146651,,,,,,,,,,,,,,,,,,,,,,198260,,,,,,,
146670,,,,,,,,,,,,,,,,,,,290,,,,,,,,,,
146995,55600,57400,56200,54400,54600,70000,1.2e+06,1.2e+06,1.2e+06,1.2e+06,1.596e+06,1.596e+06,,316197.272,,,,,,,,,,100,100,0,2,100,0
147151,,,,,,,,,,,,,,,,,,,,,,198936,,,,,,,
147651,,,,,,,,,,,,,,,,,,,,,,199613,,,,,,,
147995,55600,57500,56800,54600,55000,70000,1.2e+06,1.2e+06,1.2e+06,1.2e+06,1.596e+06,1.596e+06,,316205.510,,,,,,,,,,100,100,0.990099,2.9703,100,0
148151,,,,,,,,,,,,,,,,,,,,,,200289,,,,,,,
148189,,,,,,,,,,,,,,,,,,1752,,,,,,,,,,,
148651,,,,,,,,,,,,,,,,,,,,,,200966,,,,,,,
148696,,,,,,,,,,,,,,,,,,1758,,,,,,,,,,,
148995,55600,57700,57200,54800,54800,70000,1.2e+06,1.2e+06,1.2e+06,1.2e+06,1.596e+06,1.596e+06,,316213.652,,,,,,,,,,100,100,0,1.0101,100,0
149151,,,,,,,,,,,,,,,,,,,,,,201642,,,,,,,
149651,,,,,,,,,,,,,,,,,,,,,,202319,,,,,,,
149995,55600,57400,56400,54600,54800,70000,1.2e+06,1.2e+06,1.2e+06,1.2e+06,1.596e+06,1.596e+06,,316221.879,,,,,,,,,,100,99.0099,0,1.0101,100,0.990099
150151,,,,,,,,,,,,,,,,,,,,,,202995,,,,,,,
150651,,,,,,,,,,,,,,,,,,,,,,203672,,,,,,,
150994,55600,57700,56800,54600,55000,70000,1.2e+06,1.2e+06,1.2e+06,1.2e+06,1.596e+06,1.596e+06,26.123,316230.108,,,,,,,,,,100,100,0,2,100,0
151151,,,,,,,,,,,,,,,,,,,,,,204349,,,,,,,
151188,,,,,,,,,,,,,,,,,,,299,,,,,,,,,,
151651,,,,,,,,,,,,,,,,,,,,,,205026,,,,,,,
151651,,,,,,,,,,,,,,,,,,1793,,,,,,,,,,,
151994,55600,57700,56400,54800,55000,70000,1.2e+06,1.2e+06,1.2e+06,1.2e+06,1.596e+06,1.596e+06,,316238.401,,,,,,,,,,100,100,1.96078,2,100,0
152151,,,,,,,,,,,,,,,,,,,,,,205702,,,,,,,
152158,,,,,,,,,,,,,,,,,,1799,,,,,,,,,,,
152190,,,,,,,,,,,,,,,,,,,301,,,,,,,,,,
152650,,,,,,,,,,,,,,,,,,,,,,206378,,,,,,,
152690,,,,,,,,,,,,,,,,,,,302,,,,,,,,,,
152994,55800,57700,56800,54600,54800,70000,1.2e+06,1.2e+06,1.2e+06,1.2e+06,1.596e+06,1.596e+06,,316246.572,,,,,,,,,,100,100,0,3,100,0
153151,,,,,,,,,,,,,,,,,,,,,,207055,,,,,,,
153196,,,,,,,,,,,,,,,,,,,303,,,,,,,,,,
153651,,,,,,,,,,,,,,,,,,,,,,207732,,,,,,,
153694,,,,,,,,,,,,,,,,,,,304,,,,,,,,,,
153995,55800,57500,56600,54800,54800,70000,1.2e+06,1.2e+06,1.2e+06,1.2e+06,1.596e+06,1.596e+06,,316254.866,,,,,,,,,,100,100,0,1.0101,100,0
154151,,,,,,,,,,,,,,,,,,,,,,208408,,,,,,,
154197,,,,,,,,,,,,,,,,,,,305,,,,,,,,,,
154651,,,,,,,,,,,,,,,,,,,,,,209085,,,,,,,
154692,,,,,,,,,,,,,,,,,,1829,,,,,,,,,,,
154995,55600,57400,56400,54400,55000,70000,1.2e+06,1.2e+06,1.2e+06,1.2e+06,1.596e+06,1.596e+06,,316263.169,,,,,,,,,,100,100,0,2,100,0
155151,,,,,,,,,,,,,,,,,,,,,,209761,,,,,,,
155203,,,,,,,,,,,,,,,,,,,307,,,,,,,,,,
155651,,,,,,,,,,,,,,,,,,,,,,210438,,,,,,,
155705,,,,,,,,,,,,,,,,,,1841,,,,,,,,,,,
155995,56000,57700,56800,54800,55200,70000,1.2e+06,1.2e+06,1.2e+06,1.2e+06,1.596e+06,1.596e+06,,316271.382,,,,,,,,,,100,100,1,2.9703,100,0
156151,,,,,,,,,,,,,,,,,,,,,,211114,,,,,,,
156651,,,,,,,,,,,,,,,,,,,,,,211791,,,,,,,
156994,55600,57400,56600,54800,54600,70000,1.2e+06,1.2e+06,1.2e+06,1.2e+06,1.596e+06,1.596e+06,,316279.642,,,,,,,,,,100,100,0,1.0101,100,0
157150,,,,,,,,,,,,,,,,,,,,,,212467,,,,,,,
157651,,,,,,,,,,,,,,,,,,,,,,213144,,,,,,,
157994,55600,57700,56800,54600,54800,70000,1.2e+06,1.2e+06,1.2e+06,1.2e+06,1.596e+06,1.596e+06,,316287.787,,,,,,,,,,100,100,0,1.0101,100,0
158151,,,,,,,,,,,,,,,,,,,,,,213820,,,,,,,
158155,,,,,,,,,,,,,,,,,,1870,,,,,,,,,,,
158651,,,,,,,,,,,,,,,,,,,,,,214497,,,,,,,
158661,,,,,,,,,,,,,,,,,,1876,,,,,,,,,,,
158994,55800,57700,56800,54800,55000,70000,1.2e+06,1.2e+06,1.2e+06,1.2e+06,1.596e+06,1.596e+06,,316296.075,,,,,,,,,,100,100,0,2,100,0
159151,,,,,,,,,,,,,,,,,,,,,,215174,,,,,,,
159651,,,,,,,,,,,,,,,,,,,,,,215850,,,,,,,
159994,55600,57700,56800,54800,54800,70000,1.2e+06,1.2e+06,1.2e+06,1.2e+06,1.596e+06,1.596e+06,,316304.281,,,,,,,,,,100,100,1,2.9703,100,0.990099
160151,,,,,,,,,,,,,,,,,,,,,,216527,,,,,,,
160651,,,,,,,,,,,,,,,,,,,,,,217203,,,,,,,
160688,,,,,,,,,,,,,,,,,,1900,,,,,,,,,,,
160994,55800,57700,56600,54800,55000,70000,1.2e+06,1.2e+06,1.2e+06,1.2e+06,1.596e+06,1.596e+06,26.112,316312.625,,,,,,,,,,100,100,0,1.0101,100,0
161150,,,,,,,,,,,,,,,,,,,,,,217879,,,,,,,
161195,,,,,,,,,,,,,,,,,,1906,,,,,,,,,,,
161651,,,,,,,,,,,,,,,,,,,,,,218556,,,,,,,
161994,55600,57700,56600,54800,55000,70000,1.2e+06,1.2e+06,1.2e+06,1.2e+06,1.596e+06,1.596e+06,,316320.884,,,,,,,,,,100,100,0,2,100,1
162151,,,,,,,,,,,,,,,,,,,,,,219233,,,,,,,
162651,,,,,,,,,,,,,,,,,,,,,,219910,,,,,,,
162995,55800,57500,56800,54800,54800,70000,1.2e+06,1.2e+06,1.2e+06,1.2e+06,1.596e+06,1.596e+06,,316329.134,,,,,,,,,,100,100,0.990099,2,100,0
163151,,,,,,,,,,,,,,,,,,,,,,220586,,,,,,,
163651,,,,,,,,,,,,,,,,,,,,,,221263,,,,,,,
163994,55600,57700,56800,54800,55200,70000,1.2e+06,1.2e+06,1.2e+06,1.2e+06,1.596e+06,1.596e+06,,316337.335,,,,,,,,,,100,100,1,2,100,0.990099
164151,,,,,,,,,,,,,,,,,,,,,,221940,,,,,,,
164151,,,,,,,,,,,,,,,,,,1941,,,,,,,,,,,
164237,,,,,,,,,,,,,,,,,,,325,,,,,,,,,,
164651,,,,,,,,,,,,,,,,,,,,,,222617,,,,,,,
164658,,,,,,,,,,,,,,,,,,1947,,,,,,,,,,,
164742,,,,,,,,,,,,,,,,,,1948,,,,,,,,,,,
164995,55800,57700,56800,54600,55000,70000,1.2e+06,1.2e+06,1.2e+06,1.2e+06,1.596e+06,1.596e+06,,316345.616,,,,,,,,,,100,100,0,1.0101,100,0
165151,,,,,,,,,,,,,,,,,,,,,,223293,,,,,,,
165651,,,,,,,,,,,,,,,,,,,,,,223970,,,,,,,
165995,55800,57500,56800,54800,55000,70000,1.2e+06,1.2e+06,1.2e+06,1.2e+06,1.596e+06,1.596e+06,,316353.855,,,,,,,,,,100,100,0,2,100,0
166151,,,,,,,,,,,,,,,,,,,,,,224646,,,,,,,
166651,,,,,,,,,,,,,,,,,,,,,,225323,,,,,,,
166995,56000,57700,56800,55000,55000,70000,1.2e+06,1.2e+06,1.2e+06,1.2e+06,1.596e+06,1.596e+06,,316362.043,,,,,,,,,,100,100,0,3,100,0
167151,,,,,,,,,,,,,,,,,,,,,,225999,,,,,,,
167192,,,,,,,,,,,,,,,,,,1977,,,,,,,,,,,
167651,,,,,,,,,,,,,,,,,,,,,,226676,,,,,,,
167995,56000,57700,56800,54800,55200,70000,1.2e+06,1.2e+06,1.2e+06,1.2e+06,1.596e+06,1.596e+06,,316370.284,,,,,,,,,,100,100,0.990099,2.9703,100,0
168151,,,,,,,,,,,,,,,,,,,,,,227352,,,,,,,
168651,,,,,,,,,,,,,,,,,,,,,,228029,,,,,,,
168995,56000,57900,57200,54800,55200,70000,1.2e+06,1.2e+06,1.2e+06,1.2e+06,1.596e+06,1.596e+06,,316378.588,,,,,,,,,,100,100,0,2,100,0
169151,,,,,,,,,,,,,,,,,,,,,,228705,,,,,,,
169651,,,,,,,,,,,,,,,,,,,,,,229382,,,,,,,
169994,55800,57900,56800,54800,55400,70000,1.2e+06,1.2e+06,1.2e+06,1.2e+06,1.596e+06,1.596e+06,,316386.845,,,,,,,,,,100,100,0,1.0101,100,0.990099
170151,,,,,,,,,,,,,,,,,,,,,,230059,,,,,,,
170651,,,,,,,,,,,,,,,,,,,,,,230736,,,,,,,
170655,,,,,,,,,,,,,,,,,,2018,,,,,,,,,,,
170995,56000,57900,57200,55000,55200,70000,1.2e+06,1.2e+06,1.2e+06,1.2e+06,1.596e+06,1.596e+06,26.102,316395.047,,,,,,,,,,100,100,0,2.9703,100,0
171151,,,,,,,,,,,,,,,,,,,,,,231412,,,,,,,
171162,,,,,,,,,,,,,,,,,,2024,,,,,,,,,,,
171651,,,,,,,,,,,,,,,,,,,,,,232089,,,,,,,
171994,56000,57900,57000,54800,55400,70000,1.2e+06,1.2e+06,1.2e+06,1.2e+06,1.596e+06,1.596e+06,,316403.373,,,,,,,,,,100,100,1.96078,1.0101,100,0
172151,,,,,,,,,,,,,,,,,,,,,,232766,,,,,,,
172651,,,,,,,,,,,,,,,,,,,,,,233443,,,,,,,
172995,56000,57900,56800,54800,55200,70000,1.2e+06,1.2e+06,1.2e+06,1.2e+06,1.596e+06,1.596e+06,,316411.587,,,,,,,,,,100,100,0,2.9703,100,0
173151,,,,,,,,,,,,,,,,,,,,,,234119,,,,,,,
173188,,,,,,,,,,,,,,,,,,2048,,,,,,,,,,,
173651,,,,,,,,,,,,,,,,,,,,,,234796,,,,,,,
173695,,,,,,,,,,,,,,,,,,2054,,,,,,,,,,,
173785,,,,,,,,,,,,,,,,,,,344,,,,,,,,,,
173994,56000,57900,56800,54800,55200,70000,1.2e+06,1.2e+06,1.2e+06,1.2e+06,1.596e+06,1.596e+06,,316419.915,,,,,,,,,,100,100,0,1.0101,100,0
174151,,,,,,,,,,,,,,,,,,,,,,235473,,,,,,,
174290,,,,,,,,,,,,,,,,,,,345,,,,,,,,,,
174651,,,,,,,,,,,,,,,,,,,,,,236150,,,,,,,
174995,56000,57900,56800,54800,55200,70000,1.2e+06,1.2e+06,1.2e+06,1.2e+06,1.596e+06,1.596e+06,,316428.086,,,,,,,,,,100,100,0,1.0101,100,0
175151,,,,,,,,,,,,,,,,,,,,,,236826,,,,,,,
175299,,,,,,,,,,,,,,,,,,2073,,,,,,,,,,,
175651,,,,,,,,,,,,,,,,,,,,,,237503,,,,,,,
175994,56000,57700,57000,55000,55200,70000,1.2e+06,1.2e+06,1.2e+06,1.2e+06,1.596e+06,1.596e+06,,316436.321,,,,,,,,,,100,100,0,2,100,1
176151,,,,,,,,,,,,,,,,,,,,,,238179,,,,,,,
176651,,,,,,,,,,,,,,,,,,,,,,238856,,,,,,,
176994,56000,57700,56800,55200,55200,70000,1.2e+06,1.2e+06,1.2e+06,1.2e+06,1.596e+06,1.596e+06,,316444.547,,,,,,,,,,100,100,0.990099,2,100,0
177150,,,,,,,,,,,,,,,,,,,,,,239532,,,,,,,
177157,,,,,,,,,,,,,,,,,,2095,,,,,,,,,,,
177651,,,,,,,,,,,,,,,,,,,,,,240209,,,,,,,
177994,56200,58100,57200,55200,55200,70000,1.2e+06,1.2e+06,1.2e+06,1.2e+06,1.596e+06,1.596e+06,,316452.730,,,,,,,,,,100,100,1,2,100,0
178151,,,,,,,,,,,,,,,,,,,,,,240886,,,,,,,
178651,,,,,,,,,,,,,,,,,,,,,,241563,,,,,,,
178995,56400,57900,57200,55200,55400,70000,1.2e+06,1.2e+06,1.2e+06,1.2e+06,1.596e+06,1.596e+06,,316461.055,,,,,,,,,,100,100,0,2.0202,100,0
179151,,,,,,,,,,,,,,,,,,,,,,242239,,,,,,,
179651,,,,,,,,,,,,,,,,,,,,,,242916,,,,,,,
179691,,,,,,,,,,,,,,,,,,2125,,,,,,,,,,,
179994,56400,57900,57200,55200,55600,70000,1.2e+06,1.2e+06,1.2e+06,1.2e+06,1.596e+06,1.596e+06,,316469.277,,,,,,,,,,100,100,0,2,100,1
