# Started at: 2022-05-03 19:47:48 +0000, Version: v0.1-177-gf3f14d1, Generated by: thermobench --verbose --fan-cmd=fan --fan-on=0 --time=180 --wait=50 --wait-timeout=60 --sensors_file=/root/thermobench/src/sensors.imx8 --cpu-usage --column=CPU0_work_done --column=CPU1_work_done --column=CPU2_work_done --column=CPU3_work_done --column=CPU4_work_done --column=CPU5_work_done --output=/root/JSA/lr_experiment/measurements/imx8a//2_29_0_0_1_5.json.yaml.csv -- demos-sched -p high -c /root/JSA/lr_experiment/demos_configurations/imx8a//2_29_0_0_1_5.json.yaml
time/ms,CPU_0_temp/m°C,CPU_1_temp/m°C,GPU_0_temp/m°C,GPU_1_temp/m°C,DRC_temp/m°C,PMIC_temp/m°C,Cortex_A53_0_freq/Hz,Cortex_A53_1_freq/Hz,Cortex_A53_2_freq/Hz,Cortex_A53_3_freq/Hz,Cortex_A72_0_freq/Hz,Cortex_A72_1_freq/Hz,ambient,energy,cam_cpu,cam_mem,heat_sources,CPU0_work_done,CPU1_work_done,CPU2_work_done,CPU3_work_done,CPU4_work_done,CPU5_work_done,CPU0_load/%,CPU1_load/%,CPU2_load/%,CPU3_load/%,CPU4_load/%,CPU5_load/%
1.11215,48500,49500,49700,48100,48500,70000,600000,600000,600000,600000,1.056e+06,1.056e+06,,,,,,,,,,,,0,0,0,0,0,0
166.027,,,,,,,,,,,,,,,,,,,,,,,0,,,,,,
166.085,,,,,,,,,,,,,,,,,,,0,,,0,,,,,,,
666.357,,,,,,,,,,,,,,,,,,,,,,280,,,,,,,
669.155,,,,,,,,,,,,,,,,,,,,,,,123,,,,,,
670.332,,,,,,,,,,,,,,,,,,,94,,,,,,,,,,
994.943,49300,51700,50100,48500,49300,70000,1.2e+06,1.2e+06,1.2e+06,1.2e+06,1.596e+06,1.596e+06,27.142,120811.111,,,,,,,,,,85,84.8485,9,7,84.1584,86.2745
1166.43,,,,,,,,,,,,,,,,,,,,,,560,,,,,,,
1170.88,,,,,,,,,,,,,,,,,,,,,,,246,,,,,,
1174.67,,,,,,,,,,,,,,,,,,,188,,,,,,,,,,
1666.3,,,,,,,,,,,,,,,,,,,,,,840,,,,,,,
1672.45,,,,,,,,,,,,,,,,,,,,,,,369,,,,,,
1678.54,,,,,,,,,,,,,,,,,,,282,,,,,,,,,,
1994.6,49300,51300,50100,48500,49100,70000,1.2e+06,1.2e+06,1.2e+06,1.2e+06,1.596e+06,1.596e+06,,120820.086,,,,,,,,,,100,100,2.9703,1,100,100
2166.34,,,,,,,,,,,,,,,,,,,,,,1120,,,,,,,
2174.13,,,,,,,,,,,,,,,,,,,,,,,492,,,,,,
2182.73,,,,,,,,,,,,,,,,,,,376,,,,,,,,,,
2667.91,,,,,,,,,,,,,,,,,,,,,,1401,,,,,,,
2675.95,,,,,,,,,,,,,,,,,,,,,,,615,,,,,,
2686.61,,,,,,,,,,,,,,,,,,,470,,,,,,,,,,
2995.19,49300,51300,50100,48700,49300,70000,1.2e+06,1.2e+06,1.2e+06,1.2e+06,1.596e+06,1.596e+06,,120829.151,,,,,,,,,,100,100,4.80769,0,100,100
3167.9,,,,,,,,,,,,,,,,,,,,,,1681,,,,,,,
3175.45,,,,,,,,,,,,,,,,,,,,,,,738,,,,,,
3190.73,,,,,,,,,,,,,,,,,,,564,,,,,,,,,,
3493.86,,,,,,,,,,,,,,,,,,1,,,,,,,,,,,
3667.74,,,,,,,,,,,,,,,,,,,,,,1961,,,,,,,
3675.76,,,,,,,,,,,,,,,,,,,,,,,861,,,,,,
3694.69,,,,,,,,,,,,,,,,,,,658,,,,,,,,,,
3994.98,49500,51700,50300,48500,49300,70000,1.2e+06,1.2e+06,1.2e+06,1.2e+06,1.596e+06,1.596e+06,,120838.150,,,,,,,,,,100,100,1.0101,0,100,100
4167.73,,,,,,,,,,,,,,,,,,,,,,2241,,,,,,,
4177.27,,,,,,,,,,,,,,,,,,,,,,,984,,,,,,
4198.98,,,,,,,,,,,,,,,,,,,752,,,,,,,,,,
4667.47,,,,,,,,,,,,,,,,,,,,,,2521,,,,,,,
4681.18,,,,,,,,,,,,,,,,,,,,,,,1108,,,,,,
4702.93,,,,,,,,,,,,,,,,,,,846,,,,,,,,,,
4994.75,49700,51700,50500,48900,49700,70000,1.2e+06,1.2e+06,1.2e+06,1.2e+06,1.596e+06,1.596e+06,,120847.236,,,,,,,,,,100,100,1,0,100,100
5167.44,,,,,,,,,,,,,,,,,,,,,,2801,,,,,,,
5180.52,,,,,,,,,,,,,,,,,,,,,,,1231,,,,,,
5207.09,,,,,,,,,,,,,,,,,,,940,,,,,,,,,,
5668.97,,,,,,,,,,,,,,,,,,,,,,3082,,,,,,,
5680.51,,,,,,,,,,,,,,,,,,,,,,,1354,,,,,,
5711.06,,,,,,,,,,,,,,,,,,,1034,,,,,,,,,,
5995.21,49700,51700,50500,48900,49500,70000,1.2e+06,1.2e+06,1.2e+06,1.2e+06,1.596e+06,1.596e+06,,120856.305,,,,,,,,,,100,100,1.0101,0,100,100
6168.93,,,,,,,,,,,,,,,,,,,,,,3362,,,,,,,
6180.44,,,,,,,,,,,,,,,,,,,,,,,1477,,,,,,
6215.44,,,,,,,,,,,,,,,,,,,1128,,,,,,,,,,
6612.14,,,,,,,,,,,,,,,,,,2,,,,,,,,,,,
6668.72,,,,,,,,,,,,,,,,,,,,,,3642,,,,,,,
6683.2,,,,,,,,,,,,,,,,,,,,,,,1601,,,,,,
6719.44,,,,,,,,,,,,,,,,,,,1222,,,,,,,,,,
6994.93,49900,52100,50700,49100,49900,70000,1.2e+06,1.2e+06,1.2e+06,1.2e+06,1.596e+06,1.596e+06,,120865.307,,,,,,,,,,100,100,2.9703,1,100,100
7168.67,,,,,,,,,,,,,,,,,,,,,,3922,,,,,,,
7182.39,,,,,,,,,,,,,,,,,,,,,,,1724,,,,,,
7223.6,,,,,,,,,,,,,,,,,,,1316,,,,,,,,,,
7668.51,,,,,,,,,,,,,,,,,,,,,,4202,,,,,,,
7684.44,,,,,,,,,,,,,,,,,,,,,,,1848,,,,,,
7727.57,,,,,,,,,,,,,,,,,,,1410,,,,,,,,,,
7994.75,50100,52100,50700,49100,49700,70000,1.2e+06,1.2e+06,1.2e+06,1.2e+06,1.596e+06,1.596e+06,,120874.402,,,,,,,,,,100,100,0,0,100,100
8168.48,,,,,,,,,,,,,,,,,,,,,,4482,,,,,,,
8186.52,,,,,,,,,,,,,,,,,,,,,,,1972,,,,,,
8231.74,,,,,,,,,,,,,,,,,,,1504,,,,,,,,,,
8669.98,,,,,,,,,,,,,,,,,,,,,,4763,,,,,,,
8687.15,,,,,,,,,,,,,,,,,,,,,,,2095,,,,,,
8735.65,,,,,,,,,,,,,,,,,,,1598,,,,,,,,,,
8994.79,50100,52300,50900,49500,50100,70000,1.2e+06,1.2e+06,1.2e+06,1.2e+06,1.596e+06,1.596e+06,,120883.412,,,,,,,,,,100,100,2.9703,0,100,100
9169.93,,,,,,,,,,,,,,,,,,,,,,5043,,,,,,,
9189.44,,,,,,,,,,,,,,,,,,,,,,,2219,,,,,,
9239.81,,,,,,,,,,,,,,,,,,,1692,,,,,,,,,,
9669.65,,,,,,,,,,,,,,,,,,,,,,5323,,,,,,,
9693.21,,,,,,,,,,,,,,,,,,,,,,,2343,,,,,,
9730.46,,,,,,,,,,,,,,,,,,3,,,,,,,,,,,
9743.82,,,,,,,,,,,,,,,,,,,1786,,,,,,,,,,
9994.89,50300,52500,51300,49700,50100,70000,1.2e+06,1.2e+06,1.2e+06,1.2e+06,1.596e+06,1.596e+06,,120892.507,,,,,,,,,,100,100,1.0101,0,100,100
10169.6,,,,,,,,,,,,,,,,,,,,,,5603,,,,,,,
10193.8,,,,,,,,,,,,,,,,,,,,,,,2466,,,,,,
10248,,,,,,,,,,,,,,,,,,,1880,,,,,,,,,,
10669.3,,,,,,,,,,,,,,,,,,,,,,5883,,,,,,,
10696.6,,,,,,,,,,,,,,,,,,,,,,,2590,,,,,,
10752.2,,,,,,,,,,,,,,,,,,,1974,,,,,,,,,,
10994.6,50300,52600,51300,49700,50100,70000,1.2e+06,1.2e+06,1.2e+06,1.2e+06,1.596e+06,1.596e+06,27.131,120901.518,,,,,,,,,,100,100,1,1,100,100
11169.3,,,,,,,,,,,,,,,,,,,,,,6163,,,,,,,
11200.1,,,,,,,,,,,,,,,,,,,,,,,2714,,,,,,
11256.3,,,,,,,,,,,,,,,,,,,2068,,,,,,,,,,
11670.8,,,,,,,,,,,,,,,,,,,,,,6444,,,,,,,
11701.7,,,,,,,,,,,,,,,,,,,,,,,2838,,,,,,
11760,,,,,,,,,,,,,,,,,,,2162,,,,,,,,,,
11995.1,50900,52800,51700,49900,50500,70000,1.2e+06,1.2e+06,1.2e+06,1.2e+06,1.596e+06,1.596e+06,,120910.620,,,,,,,,,,100,100,1.0101,1,100,100
12170.7,,,,,,,,,,,,,,,,,,,,,,6724,,,,,,,
12202.2,,,,,,,,,,,,,,,,,,,,,,,2961,,,,,,
12264.1,,,,,,,,,,,,,,,,,,,2256,,,,,,,,,,
12670.5,,,,,,,,,,,,,,,,,,,,,,7004,,,,,,,
12704.4,,,,,,,,,,,,,,,,,,,,,,,3085,,,,,,
12767.9,,,,,,,,,,,,,,,,,,,2350,,,,,,,,,,
12849.7,,,,,,,,,,,,,,,,,,4,,,,,,,,,,,
12994.7,50900,53000,51700,50100,50700,70000,1.2e+06,1.2e+06,1.2e+06,1.2e+06,1.596e+06,1.596e+06,,120919.628,,,,,,,,,,100,100,1.9802,0,100,100
13170.4,,,,,,,,,,,,,,,,,,,,,,7284,,,,,,,
13204.3,,,,,,,,,,,,,,,,,,,,,,,3208,,,,,,
13272,,,,,,,,,,,,,,,,,,,2444,,,,,,,,,,
13672,,,,,,,,,,,,,,,,,,,,,,7565,,,,,,,
13707.7,,,,,,,,,,,,,,,,,,,,,,,3332,,,,,,
13775.8,,,,,,,,,,,,,,,,,,,2538,,,,,,,,,,
13994.2,50900,53000,51900,50300,50900,70000,1.2e+06,1.2e+06,1.2e+06,1.2e+06,1.596e+06,1.596e+06,,120928.744,,,,,,,,,,100,100,1.0101,0,100,100
14171.9,,,,,,,,,,,,,,,,,,,,,,7845,,,,,,,
14208.3,,,,,,,,,,,,,,,,,,,,,,,3455,,,,,,
14280,,,,,,,,,,,,,,,,,,,2632,,,,,,,,,,
14671.7,,,,,,,,,,,,,,,,,,,,,,8125,,,,,,,
14712.1,,,,,,,,,,,,,,,,,,,,,,,3579,,,,,,
14783.6,,,,,,,,,,,,,,,,,,,2726,,,,,,,,,,
14995,51300,53400,52100,50500,50900,70000,1.2e+06,1.2e+06,1.2e+06,1.2e+06,1.596e+06,1.596e+06,,120937.759,,,,,,,,,,100,100,1.0101,0,100,100
15171.7,,,,,,,,,,,,,,,,,,,,,,8405,,,,,,,
15211.9,,,,,,,,,,,,,,,,,,,,,,,3702,,,,,,
15287.7,,,,,,,,,,,,,,,,,,,2820,,,,,,,,,,
15671.5,,,,,,,,,,,,,,,,,,,,,,8685,,,,,,,
15711.5,,,,,,,,,,,,,,,,,,,,,,,3825,,,,,,
15791.5,,,,,,,,,,,,,,,,,,,2914,,,,,,,,,,
15965.2,,,,,,,,,,,,,,,,,,5,,,,,,,,,,,
15994.7,51300,53400,52100,50500,50900,70000,1.2e+06,1.2e+06,1.2e+06,1.2e+06,1.596e+06,1.596e+06,,120946.878,,,,,,,,,,100,100,1,0,100,100
16171.4,,,,,,,,,,,,,,,,,,,,,,8965,,,,,,,
16213.3,,,,,,,,,,,,,,,,,,,,,,,3948,,,,,,
16295.4,,,,,,,,,,,,,,,,,,,3008,,,,,,,,,,
16673,,,,,,,,,,,,,,,,,,,,,,9246,,,,,,,
16717.2,,,,,,,,,,,,,,,,,,,,,,,4072,,,,,,
16799.3,,,,,,,,,,,,,,,,,,,3102,,,,,,,,,,
16995.2,51300,53600,52100,50500,51100,70000,1.2e+06,1.2e+06,1.2e+06,1.2e+06,1.596e+06,1.596e+06,,120955.918,,,,,,,,,,100,100,1.0101,0,100,100
17172.9,,,,,,,,,,,,,,,,,,,,,,9526,,,,,,,
17221.2,,,,,,,,,,,,,,,,,,,,,,,4196,,,,,,
17303.5,,,,,,,,,,,,,,,,,,,3196,,,,,,,,,,
17672.7,,,,,,,,,,,,,,,,,,,,,,9806,,,,,,,
17722.4,,,,,,,,,,,,,,,,,,,,,,,4319,,,,,,
17807.4,,,,,,,,,,,,,,,,,,,3290,,,,,,,,,,
17994.9,51300,53400,52500,50700,51300,70000,1.2e+06,1.2e+06,1.2e+06,1.2e+06,1.596e+06,1.596e+06,,120965.046,,,,,,,,,,100,98.9899,0.990099,1.0101,100,100
18172.6,,,,,,,,,,,,,,,,,,,,,,10086,,,,,,,
18222.7,,,,,,,,,,,,,,,,,,,,,,,4442,,,,,,
18311.4,,,,,,,,,,,,,,,,,,,3384,,,,,,,,,,
18672.4,,,,,,,,,,,,,,,,,,,,,,10366,,,,,,,
18724.3,,,,,,,,,,,,,,,,,,,,,,,4565,,,,,,
18815.3,,,,,,,,,,,,,,,,,,,3478,,,,,,,,,,
18995,51500,53600,52500,50900,51500,70000,1.2e+06,1.2e+06,1.2e+06,1.2e+06,1.596e+06,1.596e+06,,120974.175,,,,,,,,,,100,100,0,0,100,100
19080.3,,,,,,,,,,,,,,,,,,6,,,,,,,,,,,
19172.3,,,,,,,,,,,,,,,,,,,,,,10646,,,,,,,
19228.1,,,,,,,,,,,,,,,,,,,,,,,4689,,,,,,
19319.5,,,,,,,,,,,,,,,,,,,3572,,,,,,,,,,
19674,,,,,,,,,,,,,,,,,,,,,,10927,,,,,,,
19728.5,,,,,,,,,,,,,,,,,,,,,,,4812,,,,,,
19823.3,,,,,,,,,,,,,,,,,,,3666,,,,,,,,,,
19994.7,52100,53800,52800,50900,51700,70000,1.2e+06,1.2e+06,1.2e+06,1.2e+06,1.596e+06,1.596e+06,,120983.222,,,,,,,,,,100,100,1,0,100,99
20173.9,,,,,,,,,,,,,,,,,,,,,,11207,,,,,,,
20229.7,,,,,,,,,,,,,,,,,,,,,,,4935,,,,,,
20327.3,,,,,,,,,,,,,,,,,,,3760,,,,,,,,,,
20673.7,,,,,,,,,,,,,,,,,,,,,,11487,,,,,,,
20729.6,,,,,,,,,,,,,,,,,,,,,,,5058,,,,,,
20831.2,,,,,,,,,,,,,,,,,,,3854,,,,,,,,,,
20994.9,52100,54400,52800,51300,51700,70000,1.2e+06,1.2e+06,1.2e+06,1.2e+06,1.596e+06,1.596e+06,27.11,120992.364,,,,,,,,,,100,100,0.990099,1.0101,100,100
21173.6,,,,,,,,,,,,,,,,,,,,,,11767,,,,,,,
21230.2,,,,,,,,,,,,,,,,,,,,,,,5181,,,,,,
21335.4,,,,,,,,,,,,,,,,,,,3948,,,,,,,,,,
21673.3,,,,,,,,,,,,,,,,,,,,,,12047,,,,,,,
21730.2,,,,,,,,,,,,,,,,,,,,,,,5304,,,,,,
21839.2,,,,,,,,,,,,,,,,,,,4042,,,,,,,,,,
21994.5,52100,54400,53000,51300,51700,70000,1.2e+06,1.2e+06,1.2e+06,1.2e+06,1.596e+06,1.596e+06,,121001.411,,,,,,,,,,100,100,0.990099,2,100,100
22173.3,,,,,,,,,,,,,,,,,,,,,,12327,,,,,,,
22196.2,,,,,,,,,,,,,,,,,,7,,,,,,,,,,,
22234.1,,,,,,,,,,,,,,,,,,,,,,,5428,,,,,,
22343.3,,,,,,,,,,,,,,,,,,,4136,,,,,,,,,,
22674.8,,,,,,,,,,,,,,,,,,,,,,12608,,,,,,,
22737.1,,,,,,,,,,,,,,,,,,,,,,,5552,,,,,,
22847.1,,,,,,,,,,,,,,,,,,,4230,,,,,,,,,,
22994.6,52300,54400,53200,51700,52100,70000,1.2e+06,1.2e+06,1.2e+06,1.2e+06,1.596e+06,1.596e+06,,121010.558,,,,,,,,,,100,100,0,1.0101,100,100
23174.7,,,,,,,,,,,,,,,,,,,,,,12888,,,,,,,
23239.9,,,,,,,,,,,,,,,,,,,,,,,5676,,,,,,
23351.2,,,,,,,,,,,,,,,,,,,4324,,,,,,,,,,
23674.5,,,,,,,,,,,,,,,,,,,,,,13168,,,,,,,
23740.8,,,,,,,,,,,,,,,,,,,,,,,5799,,,,,,
23854.9,,,,,,,,,,,,,,,,,,,4418,,,,,,,,,,
23994.7,52500,54600,53200,51700,52100,70000,1.2e+06,1.2e+06,1.2e+06,1.2e+06,1.596e+06,1.596e+06,,121019.620,,,,,,,,,,100,100,1,3.92157,100,100
24174.4,,,,,,,,,,,,,,,,,,,,,,13448,,,,,,,
24243.4,,,,,,,,,,,,,,,,,,,,,,,5923,,,,,,
24359,,,,,,,,,,,,,,,,,,,4512,,,,,,,,,,
24676,,,,,,,,,,,,,,,,,,,,,,13729,,,,,,,
24744.2,,,,,,,,,,,,,,,,,,,,,,,6046,,,,,,
24862.8,,,,,,,,,,,,,,,,,,,4606,,,,,,,,,,
24994.2,52500,54400,53400,51900,52100,70000,1.2e+06,1.2e+06,1.2e+06,1.2e+06,1.596e+06,1.596e+06,,121028.774,,,,,,,,,,100,100,0,1.0101,100,100
25175.9,,,,,,,,,,,,,,,,,,,,,,14009,,,,,,,
25245.2,,,,,,,,,,,,,,,,,,,,,,,6169,,,,,,
25311.8,,,,,,,,,,,,,,,,,,8,,,,,,,,,,,
25366.8,,,,,,,,,,,,,,,,,,,4700,,,,,,,,,,
25675.7,,,,,,,,,,,,,,,,,,,,,,14289,,,,,,,
25746.3,,,,,,,,,,,,,,,,,,,,,,,6292,,,,,,
25870.7,,,,,,,,,,,,,,,,,,,4794,,,,,,,,,,
25995,52800,55000,53600,52100,52500,70000,1.2e+06,1.2e+06,1.2e+06,1.2e+06,1.596e+06,1.596e+06,,121037.840,,,,,,,,,,100,100,0,0,100,100
26175.9,,,,,,,,,,,,,,,,,,,,,,14569,,,,,,,
26246.9,,,,,,,,,,,,,,,,,,,,,,,6415,,,,,,
26374.9,,,,,,,,,,,,,,,,,,,4888,,,,,,,,,,
26675.5,,,,,,,,,,,,,,,,,,,,,,14849,,,,,,,
26749.1,,,,,,,,,,,,,,,,,,,,,,,6539,,,,,,
26878.7,,,,,,,,,,,,,,,,,,,4982,,,,,,,,,,
26994.7,52500,55000,53600,52100,52500,70000,1.2e+06,1.2e+06,1.2e+06,1.2e+06,1.596e+06,1.596e+06,,121046.999,,,,,,,,,,100,100,1,1.0101,100,100
27175.4,,,,,,,,,,,,,,,,,,,,,,15129,,,,,,,
27249.1,,,,,,,,,,,,,,,,,,,,,,,6662,,,,,,
27382.8,,,,,,,,,,,,,,,,,,,5076,,,,,,,,,,
27676.9,,,,,,,,,,,,,,,,,,,,,,15410,,,,,,,
27749.3,,,,,,,,,,,,,,,,,,,,,,,6785,,,,,,
27886.7,,,,,,,,,,,,,,,,,,,5170,,,,,,,,,,
27995.2,52800,55000,53600,52300,52500,70000,1.2e+06,1.2e+06,1.2e+06,1.2e+06,1.596e+06,1.596e+06,,121056.160,,,,,,,,,,100,100,0.990099,1.0101,100,100
28176.9,,,,,,,,,,,,,,,,,,,,,,15690,,,,,,,
28249.5,,,,,,,,,,,,,,,,,,,,,,,6908,,,,,,
28390.8,,,,,,,,,,,,,,,,,,,5264,,,,,,,,,,
28426.7,,,,,,,,,,,,,,,,,,9,,,,,,,,,,,
28676.7,,,,,,,,,,,,,,,,,,,,,,15970,,,,,,,
28750.7,,,,,,,,,,,,,,,,,,,,,,,7031,,,,,,
28894.5,,,,,,,,,,,,,,,,,,,5358,,,,,,,,,,
28994.9,52800,55200,53800,52300,52800,70000,1.2e+06,1.2e+06,1.2e+06,1.2e+06,1.596e+06,1.596e+06,,121065.240,,,,,,,,,,100,100,0,2,100,100
29176.6,,,,,,,,,,,,,,,,,,,,,,16250,,,,,,,
29252.6,,,,,,,,,,,,,,,,,,,,,,,7154,,,,,,
29398.8,,,,,,,,,,,,,,,,,,,5452,,,,,,,,,,
29676.4,,,,,,,,,,,,,,,,,,,,,,16530,,,,,,,
29752.4,,,,,,,,,,,,,,,,,,,,,,,7277,,,,,,
29902.7,,,,,,,,,,,,,,,,,,,5546,,,,,,,,,,
29994.6,53200,55400,54000,52300,52600,70000,1.2e+06,1.2e+06,1.2e+06,1.2e+06,1.596e+06,1.596e+06,,121074.403,,,,,,,,,,100,100,1.96078,0,100,100
30176.4,,,,,,,,,,,,,,,,,,,,,,16810,,,,,,,
30254.1,,,,,,,,,,,,,,,,,,,,,,,7400,,,,,,
30406.8,,,,,,,,,,,,,,,,,,,5640,,,,,,,,,,
30678,,,,,,,,,,,,,,,,,,,,,,17091,,,,,,,
30757.1,,,,,,,,,,,,,,,,,,,,,,,7524,,,,,,
30910.6,,,,,,,,,,,,,,,,,,,5734,,,,,,,,,,
30995.2,53200,55200,54000,52500,52800,70000,1.2e+06,1.2e+06,1.2e+06,1.2e+06,1.596e+06,1.596e+06,27.099,121083.482,,,,,,,,,,100,100,0,2,100,100
31177.9,,,,,,,,,,,,,,,,,,,,,,17371,,,,,,,
31257.4,,,,,,,,,,,,,,,,,,,,,,,7647,,,,,,
31414.7,,,,,,,,,,,,,,,,,,,5828,,,,,,,,,,
31541.7,,,,,,,,,,,,,,,,,,10,,,,,,,,,,,
31677.7,,,,,,,,,,,,,,,,,,,,,,17651,,,,,,,
31757.3,,,,,,,,,,,,,,,,,,,,,,,7770,,,,,,
31918.6,,,,,,,,,,,,,,,,,,,5922,,,,,,,,,,
31994.9,53200,55400,54000,52500,52800,70000,1.2e+06,1.2e+06,1.2e+06,1.2e+06,1.596e+06,1.596e+06,,121092.658,,,,,,,,,,100,100,0,2,100,100
32177.6,,,,,,,,,,,,,,,,,,,,,,17931,,,,,,,
32258.1,,,,,,,,,,,,,,,,,,,,,,,7892,,,,,,
32422.7,,,,,,,,,,,,,,,,,,,6016,,,,,,,,,,
32677.4,,,,,,,,,,,,,,,,,,,,,,18211,,,,,,,
32758,,,,,,,,,,,,,,,,,,,,,,,8015,,,,,,
32926.7,,,,,,,,,,,,,,,,,,,6110,,,,,,,,,,
32994.6,53200,55400,54000,52500,52800,70000,1.2e+06,1.2e+06,1.2e+06,1.2e+06,1.596e+06,1.596e+06,,121101.754,,,,,,,,,,100,100,1,2,100,100
33177.3,,,,,,,,,,,,,,,,,,,,,,18491,,,,,,,
33257.9,,,,,,,,,,,,,,,,,,,,,,,8138,,,,,,
33430.7,,,,,,,,,,,,,,,,,,,6204,,,,,,,,,,
33678.9,,,,,,,,,,,,,,,,,,,,,,18772,,,,,,,
33758,,,,,,,,,,,,,,,,,,,,,,,8261,,,,,,
33934.6,,,,,,,,,,,,,,,,,,,6298,,,,,,,,,,
33995.1,53400,55400,54400,52500,53000,70000,1.2e+06,1.2e+06,1.2e+06,1.2e+06,1.596e+06,1.596e+06,,121110.929,,,,,,,,,,100,100,0,2.9703,100,100
34178.8,,,,,,,,,,,,,,,,,,,,,,19052,,,,,,,
34258.6,,,,,,,,,,,,,,,,,,,,,,,8384,,,,,,
34438.7,,,,,,,,,,,,,,,,,,,6392,,,,,,,,,,
34656.2,,,,,,,,,,,,,,,,,,11,,,,,,,,,,,
34678.6,,,,,,,,,,,,,,,,,,,,,,19332,,,,,,,
34759.6,,,,,,,,,,,,,,,,,,,,,,,8507,,,,,,
34942.4,,,,,,,,,,,,,,,,,,,6486,,,,,,,,,,
34994.8,53600,56000,54600,52800,53400,70000,1.2e+06,1.2e+06,1.2e+06,1.2e+06,1.596e+06,1.596e+06,,121120.035,,,,,,,,,,100,100,1.96078,2,100,100
35178.5,,,,,,,,,,,,,,,,,,,,,,19612,,,,,,,
35260.9,,,,,,,,,,,,,,,,,,,,,,,8630,,,,,,
35446.5,,,,,,,,,,,,,,,,,,,6580,,,,,,,,,,
35678.3,,,,,,,,,,,,,,,,,,,,,,19892,,,,,,,
35762.1,,,,,,,,,,,,,,,,,,,,,,,8753,,,,,,
35950.5,,,,,,,,,,,,,,,,,,,6674,,,,,,,,,,
35994.5,53800,55800,54600,52800,53400,70000,1.2e+06,1.2e+06,1.2e+06,1.2e+06,1.596e+06,1.596e+06,,121129.210,,,,,,,,,,100,100,0,4.85437,100,100
36180,,,,,,,,,,,,,,,,,,,,,,20173,,,,,,,
36263.3,,,,,,,,,,,,,,,,,,,,,,,8876,,,,,,
36454.6,,,,,,,,,,,,,,,,,,,6768,,,,,,,,,,
36679.7,,,,,,,,,,,,,,,,,,,,,,20453,,,,,,,
36763.8,,,,,,,,,,,,,,,,,,,,,,,8999,,,,,,
36958.4,,,,,,,,,,,,,,,,,,,6862,,,,,,,,,,
36995,53800,56000,54400,53200,53200,70000,1.2e+06,1.2e+06,1.2e+06,1.2e+06,1.596e+06,1.596e+06,,121138.309,,,,,,,,,,100,100,0.990099,0,100,100
37179.7,,,,,,,,,,,,,,,,,,,,,,20733,,,,,,,
37263.3,,,,,,,,,,,,,,,,,,,,,,,9122,,,,,,
37462.4,,,,,,,,,,,,,,,,,,,6956,,,,,,,,,,
37679.4,,,,,,,,,,,,,,,,,,,,,,21013,,,,,,,
37765,,,,,,,,,,,,,,,,,,,,,,,9245,,,,,,
37771.7,,,,,,,,,,,,,,,,,,12,,,,,,,,,,,
37966.3,,,,,,,,,,,,,,,,,,,7050,,,,,,,,,,
37994.5,54000,56200,54800,53000,53400,70000,1.2e+06,1.2e+06,1.2e+06,1.2e+06,1.596e+06,1.596e+06,,121147.505,,,,,,,,,,100,100,0,0,100,100
38179.4,,,,,,,,,,,,,,,,,,,,,,21293,,,,,,,
38266.1,,,,,,,,,,,,,,,,,,,,,,,9368,,,,,,
38470.3,,,,,,,,,,,,,,,,,,,7144,,,,,,,,,,
38680.9,,,,,,,,,,,,,,,,,,,,,,21574,,,,,,,
38769,,,,,,,,,,,,,,,,,,,,,,,9492,,,,,,
38974.3,,,,,,,,,,,,,,,,,,,7238,,,,,,,,,,
38995.2,54000,56200,54800,53200,53600,70000,1.2e+06,1.2e+06,1.2e+06,1.2e+06,1.596e+06,1.596e+06,,121154.433,,,,,,,,,,100,100,1,1.0101,100,100
39180.9,,,,,,,,,,,,,,,,,,,,,,21854,,,,,,,
39269.8,,,,,,,,,,,,,,,,,,,,,,,9615,,,,,,
39478.5,,,,,,,,,,,,,,,,,,,7332,,,,,,,,,,
39680.6,,,,,,,,,,,,,,,,,,,,,,22134,,,,,,,
39770.7,,,,,,,,,,,,,,,,,,,,,,,9738,,,,,,
39982.3,,,,,,,,,,,,,,,,,,,7426,,,,,,,,,,
39994.8,54000,56200,55000,53200,53800,70000,1.2e+06,1.2e+06,1.2e+06,1.2e+06,1.596e+06,1.596e+06,,121163.531,,,,,,,,,,100,100,0,0,100,100
40180.5,,,,,,,,,,,,,,,,,,,,,,22414,,,,,,,
40272.4,,,,,,,,,,,,,,,,,,,,,,,9861,,,,,,
40486.4,,,,,,,,,,,,,,,,,,,7520,,,,,,,,,,
40680.3,,,,,,,,,,,,,,,,,,,,,,22694,,,,,,,
40773.8,,,,,,,,,,,,,,,,,,,,,,,9984,,,,,,
40887.7,,,,,,,,,,,,,,,,,,13,,,,,,,,,,,
40990.2,,,,,,,,,,,,,,,,,,,7614,,,,,,,,,,
40994.4,54200,56400,55000,53600,53600,70000,1.2e+06,1.2e+06,1.2e+06,1.2e+06,1.596e+06,1.596e+06,27.088,121172.743,,,,,,,,,,100,100,1.96078,1.0101,100,100
41180.3,,,,,,,,,,,,,,,,,,,,,,22974,,,,,,,
41274.1,,,,,,,,,,,,,,,,,,,,,,,10107,,,,,,
41494.3,,,,,,,,,,,,,,,,,,,7708,,,,,,,,,,
41681.9,,,,,,,,,,,,,,,,,,,,,,23255,,,,,,,
41777,,,,,,,,,,,,,,,,,,,,,,,10231,,,,,,
41995.1,54200,56600,55200,53200,53800,70000,1.2e+06,1.2e+06,1.2e+06,1.2e+06,1.596e+06,1.596e+06,,121181.844,,,,,,,,,,100,100,0,1.0101,100,100
41998.2,,,,,,,,,,,,,,,,,,,7802,,,,,,,,,,
42181.8,,,,,,,,,,,,,,,,,,,,,,23535,,,,,,,
42277.7,,,,,,,,,,,,,,,,,,,,,,,10354,,,,,,
42502.3,,,,,,,,,,,,,,,,,,,7896,,,,,,,,,,
42681.5,,,,,,,,,,,,,,,,,,,,,,23815,,,,,,,
42777.7,,,,,,,,,,,,,,,,,,,,,,,10477,,,,,,
42994.8,54400,56600,55000,53600,54000,70000,1.2e+06,1.2e+06,1.2e+06,1.2e+06,1.596e+06,1.596e+06,,121191.054,,,,,,,,,,100,100,0.990099,2.9703,100,100
43006.1,,,,,,,,,,,,,,,,,,,7990,,,,,,,,,,
43181.5,,,,,,,,,,,,,,,,,,,,,,24095,,,,,,,
43278.2,,,,,,,,,,,,,,,,,,,,,,,10600,,,,,,
43510.1,,,,,,,,,,,,,,,,,,,8084,,,,,,,,,,
43681.3,,,,,,,,,,,,,,,,,,,,,,24375,,,,,,,
43781.8,,,,,,,,,,,,,,,,,,,,,,,10724,,,,,,
43994.5,54400,56600,55600,53800,54000,70000,1.2e+06,1.2e+06,1.2e+06,1.2e+06,1.596e+06,1.596e+06,,121200.264,,,,,,,,,,100,100,0.990099,2,100,100
44003.2,,,,,,,,,,,,,,,,,,14,,,,,,,,,,,
44014,,,,,,,,,,,,,,,,,,,8178,,,,,,,,,,
44181.2,,,,,,,,,,,,,,,,,,,,,,24655,,,,,,,
44282.8,,,,,,,,,,,,,,,,,,,,,,,10847,,,,,,
44518,,,,,,,,,,,,,,,,,,,8272,,,,,,,,,,
44682.8,,,,,,,,,,,,,,,,,,,,,,24936,,,,,,,
44784.3,,,,,,,,,,,,,,,,,,,,,,,10970,,,,,,
44995,54400,57000,55600,53600,54200,70000,1.2e+06,1.2e+06,1.2e+06,1.2e+06,1.596e+06,1.596e+06,,121209.381,,,,,,,,,,100,100,0,0,100,100
45021.8,,,,,,,,,,,,,,,,,,,8366,,,,,,,,,,
45182.7,,,,,,,,,,,,,,,,,,,,,,25216,,,,,,,
45284.7,,,,,,,,,,,,,,,,,,,,,,,11093,,,,,,
45525.9,,,,,,,,,,,,,,,,,,,8460,,,,,,,,,,
45682.5,,,,,,,,,,,,,,,,,,,,,,25496,,,,,,,
45786.3,,,,,,,,,,,,,,,,,,,,,,,11216,,,,,,
45994.7,54600,56800,55400,53600,54000,70000,1.2e+06,1.2e+06,1.2e+06,1.2e+06,1.596e+06,1.596e+06,,121218.583,,,,,,,,,,100,100,0,2.9703,100,100
46029.8,,,,,,,,,,,,,,,,,,,8554,,,,,,,,,,
46182.4,,,,,,,,,,,,,,,,,,,,,,25776,,,,,,,
46287.9,,,,,,,,,,,,,,,,,,,,,,,11339,,,,,,
46533.8,,,,,,,,,,,,,,,,,,,8648,,,,,,,,,,
46684,,,,,,,,,,,,,,,,,,,,,,26057,,,,,,,
46788.5,,,,,,,,,,,,,,,,,,,,,,,11462,,,,,,
46995.2,54800,56800,55600,54000,54200,70000,1.2e+06,1.2e+06,1.2e+06,1.2e+06,1.596e+06,1.596e+06,,121227.714,,,,,,,,,,100,100,0.990099,1.0101,100,100
47037.7,,,,,,,,,,,,,,,,,,,8742,,,,,,,,,,
47118.4,,,,,,,,,,,,,,,,,,15,,,,,,,,,,,
47183.9,,,,,,,,,,,,,,,,,,,,,,26337,,,,,,,
47288.4,,,,,,,,,,,,,,,,,,,,,,,11585,,,,,,
47541.6,,,,,,,,,,,,,,,,,,,8836,,,,,,,,,,
47683.6,,,,,,,,,,,,,,,,,,,,,,26617,,,,,,,
47789.5,,,,,,,,,,,,,,,,,,,,,,,11708,,,,,,
47994.9,54800,57000,55600,54000,54200,70000,1.2e+06,1.2e+06,1.2e+06,1.2e+06,1.596e+06,1.596e+06,,121236.922,,,,,,,,,,100,100,1.9802,0,100,100
48045.5,,,,,,,,,,,,,,,,,,,8930,,,,,,,,,,
48183.6,,,,,,,,,,,,,,,,,,,,,,26897,,,,,,,
48293,,,,,,,,,,,,,,,,,,,,,,,11831,,,,,,
48549.4,,,,,,,,,,,,,,,,,,,9024,,,,,,,,,,
48683.4,,,,,,,,,,,,,,,,,,,,,,27177,,,,,,,
48792.6,,,,,,,,,,,,,,,,,,,,,,,11954,,,,,,
48994.6,54800,57200,55600,54000,54200,70000,1.2e+06,1.2e+06,1.2e+06,1.2e+06,1.596e+06,1.596e+06,,121246.148,,,,,,,,,,100,100,0,0,100,100
49053.4,,,,,,,,,,,,,,,,,,,9118,,,,,,,,,,
49183.3,,,,,,,,,,,,,,,,,,,,,,27457,,,,,,,
49292.7,,,,,,,,,,,,,,,,,,,,,,,12077,,,,,,
49557.4,,,,,,,,,,,,,,,,,,,9212,,,,,,,,,,
49684.9,,,,,,,,,,,,,,,,,,,,,,27738,,,,,,,
49793.4,,,,,,,,,,,,,,,,,,,,,,,12200,,,,,,
49995.2,54800,57200,56000,54200,54400,70000,1.2e+06,1.2e+06,1.2e+06,1.2e+06,1.596e+06,1.596e+06,,121255.277,,,,,,,,,,100,100,0,0,100,100
50061.3,,,,,,,,,,,,,,,,,,,9306,,,,,,,,,,
50184.9,,,,,,,,,,,,,,,,,,,,,,28018,,,,,,,
50234,,,,,,,,,,,,,,,,,,16,,,,,,,,,,,
50296.9,,,,,,,,,,,,,,,,,,,,,,,12324,,,,,,
50565.5,,,,,,,,,,,,,,,,,,,9400,,,,,,,,,,
50684.7,,,,,,,,,,,,,,,,,,,,,,28298,,,,,,,
50796.9,,,,,,,,,,,,,,,,,,,,,,,12447,,,,,,
50994.9,55000,57000,56000,54200,54400,70000,1.2e+06,1.2e+06,1.2e+06,1.2e+06,1.596e+06,1.596e+06,27.11,121264.501,,,,,,,,,,100,100,0,1.0101,100,100
51069.4,,,,,,,,,,,,,,,,,,,9494,,,,,,,,,,
51184.7,,,,,,,,,,,,,,,,,,,,,,28578,,,,,,,
51298.1,,,,,,,,,,,,,,,,,,,,,,,12570,,,,,,
51573.4,,,,,,,,,,,,,,,,,,,9588,,,,,,,,,,
51684.4,,,,,,,,,,,,,,,,,,,,,,28858,,,,,,,
51797.7,,,,,,,,,,,,,,,,,,,,,,,12693,,,,,,
51994.6,55200,57200,56200,54400,54400,70000,1.2e+06,1.2e+06,1.2e+06,1.2e+06,1.596e+06,1.596e+06,,121273.636,,,,,,,,,,100,100,0.990099,1.0101,100,100
52077.2,,,,,,,,,,,,,,,,,,,9682,,,,,,,,,,
52184.4,,,,,,,,,,,,,,,,,,,,,,29138,,,,,,,
52298.8,,,,,,,,,,,,,,,,,,,,,,,12816,,,,,,
52581.3,,,,,,,,,,,,,,,,,,,9776,,,,,,,,,,
52685.9,,,,,,,,,,,,,,,,,,,,,,29419,,,,,,,
52798.5,,,,,,,,,,,,,,,,,,,,,,,12939,,,,,,
52995.1,55200,57200,56000,54400,54600,70000,1.2e+06,1.2e+06,1.2e+06,1.2e+06,1.596e+06,1.596e+06,,121282.871,,,,,,,,,,100,100,0.990099,0,100,100
53085.2,,,,,,,,,,,,,,,,,,,9870,,,,,,,,,,
53185.9,,,,,,,,,,,,,,,,,,,,,,29699,,,,,,,
53299,,,,,,,,,,,,,,,,,,,,,,,13062,,,,,,
53349.4,,,,,,,,,,,,,,,,,,17,,,,,,,,,,,
53589.1,,,,,,,,,,,,,,,,,,,9964,,,,,,,,,,
53685.6,,,,,,,,,,,,,,,,,,,,,,29979,,,,,,,
53799.8,,,,,,,,,,,,,,,,,,,,,,,13185,,,,,,
53994.9,55200,57400,56200,54400,54800,70000,1.2e+06,1.2e+06,1.2e+06,1.2e+06,1.596e+06,1.596e+06,,121292.108,,,,,,,,,,100,100,1,2.9703,100,100
54093.1,,,,,,,,,,,,,,,,,,,10058,,,,,,,,,,
54185.6,,,,,,,,,,,,,,,,,,,,,,30259,,,,,,,
54303.1,,,,,,,,,,,,,,,,,,,,,,,13309,,,,,,
54597.1,,,,,,,,,,,,,,,,,,,10152,,,,,,,,,,
54685.3,,,,,,,,,,,,,,,,,,,,,,30539,,,,,,,
54804.1,,,,,,,,,,,,,,,,,,,,,,,13432,,,,,,
54994.6,55200,57400,56000,54400,54600,70000,1.2e+06,1.2e+06,1.2e+06,1.2e+06,1.596e+06,1.596e+06,,121301.257,,,,,,,,,,100,100,0.990099,1.0101,100,100
55101,,,,,,,,,,,,,,,,,,,10246,,,,,,,,,,
55185.3,,,,,,,,,,,,,,,,,,,,,,30819,,,,,,,
55305.6,,,,,,,,,,,,,,,,,,,,,,,13555,,,,,,
55604.7,,,,,,,,,,,,,,,,,,,10340,,,,,,,,,,
55686.9,,,,,,,,,,,,,,,,,,,,,,31100,,,,,,,
55806.3,,,,,,,,,,,,,,,,,,,,,,,13678,,,,,,
55995,55200,57400,56400,54400,54800,70000,1.2e+06,1.2e+06,1.2e+06,1.2e+06,1.596e+06,1.596e+06,,121310.488,,,,,,,,,,100,100,0.990099,2,100,100
56108.7,,,,,,,,,,,,,,,,,,,10434,,,,,,,,,,
56186.8,,,,,,,,,,,,,,,,,,,,,,31380,,,,,,,
56307.1,,,,,,,,,,,,,,,,,,,,,,,13801,,,,,,
56464.3,,,,,,,,,,,,,,,,,,18,,,,,,,,,,,
56612.7,,,,,,,,,,,,,,,,,,,10528,,,,,,,,,,
56686.6,,,,,,,,,,,,,,,,,,,,,,31660,,,,,,,
56807.7,,,,,,,,,,,,,,,,,,,,,,,13924,,,,,,
56994.7,55200,57400,56200,54600,54800,70000,1.2e+06,1.2e+06,1.2e+06,1.2e+06,1.596e+06,1.596e+06,,121319.638,,,,,,,,,,100,100,0,1.0101,100,100
57116.6,,,,,,,,,,,,,,,,,,,10622,,,,,,,,,,
57186.5,,,,,,,,,,,,,,,,,,,,,,31940,,,,,,,
57308.1,,,,,,,,,,,,,,,,,,,,,,,14047,,,,,,
57620.4,,,,,,,,,,,,,,,,,,,10716,,,,,,,,,,
57686.3,,,,,,,,,,,,,,,,,,,,,,32220,,,,,,,
57810.8,,,,,,,,,,,,,,,,,,,,,,,14171,,,,,,
57994.4,55600,57500,56400,54800,55000,70000,1.2e+06,1.2e+06,1.2e+06,1.2e+06,1.596e+06,1.596e+06,,121328.887,,,,,,,,,,100,100,0,3.92157,100,100
58124.4,,,,,,,,,,,,,,,,,,,10810,,,,,,,,,,
58188,,,,,,,,,,,,,,,,,,,,,,32501,,,,,,,
58310.2,,,,,,,,,,,,,,,,,,,,,,,14294,,,,,,
58628.4,,,,,,,,,,,,,,,,,,,10904,,,,,,,,,,
58687.7,,,,,,,,,,,,,,,,,,,,,,32781,,,,,,,
58810.6,,,,,,,,,,,,,,,,,,,,,,,14417,,,,,,
58994.7,55600,57700,56600,54800,55000,70000,1.2e+06,1.2e+06,1.2e+06,1.2e+06,1.596e+06,1.596e+06,,121338.051,,,,,,,,,,100,100,0.990099,0,100,100
59132.5,,,,,,,,,,,,,,,,,,,10998,,,,,,,,,,
59187.7,,,,,,,,,,,,,,,,,,,,,,33061,,,,,,,
59311.3,,,,,,,,,,,,,,,,,,,,,,,14540,,,,,,
59579.4,,,,,,,,,,,,,,,,,,19,,,,,,,,,,,
59636.4,,,,,,,,,,,,,,,,,,,11092,,,,,,,,,,
59687.4,,,,,,,,,,,,,,,,,,,,,,33341,,,,,,,
59814,,,,,,,,,,,,,,,,,,,,,,,14664,,,,,,
59994.2,55600,57900,56400,54800,55200,70000,1.2e+06,1.2e+06,1.2e+06,1.2e+06,1.596e+06,1.596e+06,,121347.306,,,,,,,,,,100,100,0,2,100,100
60140.5,,,,,,,,,,,,,,,,,,,11186,,,,,,,,,,
60187.4,,,,,,,,,,,,,,,,,,,,,,33621,,,,,,,
60314.1,,,,,,,,,,,,,,,,,,,,,,,14787,,,,,,
60644.4,,,,,,,,,,,,,,,,,,,11280,,,,,,,,,,
60689,,,,,,,,,,,,,,,,,,,,,,33902,,,,,,,
60817.2,,,,,,,,,,,,,,,,,,,,,,,14911,,,,,,
60994.3,55600,57900,56800,55200,55200,70000,1.2e+06,1.2e+06,1.2e+06,1.2e+06,1.596e+06,1.596e+06,27.11,121356.557,,,,,,,,,,100,100,1.96078,2.9703,100,100
61148.5,,,,,,,,,,,,,,,,,,,11374,,,,,,,,,,
61188.9,,,,,,,,,,,,,,,,,,,,,,34182,,,,,,,
61319.4,,,,,,,,,,,,,,,,,,,,,,,15034,,,,,,
61652.3,,,,,,,,,,,,,,,,,,,11468,,,,,,,,,,
61688.7,,,,,,,,,,,,,,,,,,,,,,34462,,,,,,,
61819.9,,,,,,,,,,,,,,,,,,,,,,,15157,,,,,,
61995.2,56000,57900,56800,55200,55400,70000,1.2e+06,1.2e+06,1.2e+06,1.2e+06,1.596e+06,1.596e+06,,121365.727,,,,,,,,,,100,100,0,0,100,100
62156.4,,,,,,,,,,,,,,,,,,,11562,,,,,,,,,,
62188.6,,,,,,,,,,,,,,,,,,,,,,34742,,,,,,,
62319.5,,,,,,,,,,,,,,,,,,,,,,,15280,,,,,,
62660.4,,,,,,,,,,,,,,,,,,,11656,,,,,,,,,,
62688.4,,,,,,,,,,,,,,,,,,,,,,35022,,,,,,,
62694.9,,,,,,,,,,,,,,,,,,20,,,,,,,,,,,
62821.1,,,,,,,,,,,,,,,,,,,,,,,15404,,,,,,
62994.9,56000,57900,56800,54800,55000,70000,1.2e+06,1.2e+06,1.2e+06,1.2e+06,1.596e+06,1.596e+06,,121374.980,,,,,,,,,,100,100,0,1.0101,100,100
63164.4,,,,,,,,,,,,,,,,,,,11750,,,,,,,,,,
63188.4,,,,,,,,,,,,,,,,,,,,,,35302,,,,,,,
63323.3,,,,,,,,,,,,,,,,,,,,,,,15527,,,,,,
63668.2,,,,,,,,,,,,,,,,,,,11844,,,,,,,,,,
63689.9,,,,,,,,,,,,,,,,,,,,,,35583,,,,,,,
63826.6,,,,,,,,,,,,,,,,,,,,,,,15651,,,,,,
63994.4,56000,58100,56800,55200,55400,70000,1.2e+06,1.2e+06,1.2e+06,1.2e+06,1.596e+06,1.596e+06,,121384.148,,,,,,,,,,100,100,1,1.0101,100,100
64172.3,,,,,,,,,,,,,,,,,,,11938,,,,,,,,,,
64189.9,,,,,,,,,,,,,,,,,,,,,,35863,,,,,,,
64326.4,,,,,,,,,,,,,,,,,,,,,,,15774,,,,,,
64676.1,,,,,,,,,,,,,,,,,,,12032,,,,,,,,,,
64689.7,,,,,,,,,,,,,,,,,,,,,,36143,,,,,,,
64829.6,,,,,,,,,,,,,,,,,,,,,,,15898,,,,,,
64995.2,55800,57900,57000,55200,55600,70000,1.2e+06,1.2e+06,1.2e+06,1.2e+06,1.596e+06,1.596e+06,,121393.396,,,,,,,,,,100,100,0.990099,1.0101,100,100
65180.3,,,,,,,,,,,,,,,,,,,12126,,,,,,,,,,
65189.6,,,,,,,,,,,,,,,,,,,,,,36423,,,,,,,
65331.2,,,,,,,,,,,,,,,,,,,,,,,16021,,,,,,
65684.1,,,,,,,,,,,,,,,,,,,12220,,,,,,,,,,
65689.4,,,,,,,,,,,,,,,,,,,,,,36703,,,,,,,
65810.2,,,,,,,,,,,,,,,,,,21,,,,,,,,,,,
65832.3,,,,,,,,,,,,,,,,,,,,,,,16144,,,,,,
65994.9,56000,58300,57200,55200,55600,70000,1.2e+06,1.2e+06,1.2e+06,1.2e+06,1.596e+06,1.596e+06,,121402.663,,,,,,,,,,99,100,0,2,100,100
66188.3,,,,,,,,,,,,,,,,,,,12314,,,,,,,,,,
66189.4,,,,,,,,,,,,,,,,,,,,,,36983,,,,,,,
66336.1,,,,,,,,,,,,,,,,,,,,,,,16268,,,,,,
66691,,,,,,,,,,,,,,,,,,,,,,37264,,,,,,,
66692.2,,,,,,,,,,,,,,,,,,,12408,,,,,,,,,,
66835.4,,,,,,,,,,,,,,,,,,,,,,,16391,,,,,,
66994.4,56200,58100,56800,55200,55600,70000,1.2e+06,1.2e+06,1.2e+06,1.2e+06,1.596e+06,1.596e+06,,121411.832,,,,,,,,,,100,100,1,2,100,100
67191,,,,,,,,,,,,,,,,,,,,,,37544,,,,,,,
67196.3,,,,,,,,,,,,,,,,,,,12502,,,,,,,,,,
67335.3,,,,,,,,,,,,,,,,,,,,,,,16514,,,,,,
67690.7,,,,,,,,,,,,,,,,,,,,,,37824,,,,,,,
67700.1,,,,,,,,,,,,,,,,,,,12596,,,,,,,,,,
67835.7,,,,,,,,,,,,,,,,,,,,,,,16637,,,,,,
67995.2,56200,58500,57200,55600,55600,70000,1.2e+06,1.2e+06,1.2e+06,1.2e+06,1.596e+06,1.596e+06,,121421.099,,,,,,,,,,100,100,0.990099,0,99.0099,100
68190.7,,,,,,,,,,,,,,,,,,,,,,38104,,,,,,,
68204.3,,,,,,,,,,,,,,,,,,,12690,,,,,,,,,,
68335.4,,,,,,,,,,,,,,,,,,,,,,,16760,,,,,,
68690.4,,,,,,,,,,,,,,,,,,,,,,38384,,,,,,,
68708.2,,,,,,,,,,,,,,,,,,,12784,,,,,,,,,,
68835.4,,,,,,,,,,,,,,,,,,,,,,,16883,,,,,,
68925.5,,,,,,,,,,,,,,,,,,22,,,,,,,,,,,
68994.9,56400,58500,57400,55600,56000,70000,1.2e+06,1.2e+06,1.2e+06,1.2e+06,1.596e+06,1.596e+06,,121430.265,,,,,,,,,,100,100,0.990099,3.92157,100,100
69190.4,,,,,,,,,,,,,,,,,,,,,,38664,,,,,,,
69212.4,,,,,,,,,,,,,,,,,,,12878,,,,,,,,,,
69336.2,,,,,,,,,,,,,,,,,,,,,,,17006,,,,,,
69691.9,,,,,,,,,,,,,,,,,,,,,,38945,,,,,,,
69716.3,,,,,,,,,,,,,,,,,,,12972,,,,,,,,,,
69836.7,,,,,,,,,,,,,,,,,,,,,,,17129,,,,,,
69994.4,56400,58300,57200,55600,55600,70000,1.2e+06,1.2e+06,1.2e+06,1.2e+06,1.596e+06,1.596e+06,,121439.530,,,,,,,,,,100,100,0,2.9703,100,100
70191.9,,,,,,,,,,,,,,,,,,,,,,39225,,,,,,,
70220.4,,,,,,,,,,,,,,,,,,,13066,,,,,,,,,,
70337.1,,,,,,,,,,,,,,,,,,,,,,,17252,,,,,,
70691.8,,,,,,,,,,,,,,,,,,,,,,39505,,,,,,,
70724.2,,,,,,,,,,,,,,,,,,,13160,,,,,,,,,,
70836.5,,,,,,,,,,,,,,,,,,,,,,,17375,,,,,,
70994.3,56600,58500,57200,55600,56000,70000,1.2e+06,1.2e+06,1.2e+06,1.2e+06,1.596e+06,1.596e+06,27.099,121448.706,,,,,,,,,,100,100,0,0,100,100
71191.7,,,,,,,,,,,,,,,,,,,,,,39785,,,,,,,
71228.3,,,,,,,,,,,,,,,,,,,13254,,,,,,,,,,
71337.8,,,,,,,,,,,,,,,,,,,,,,,17498,,,,,,
71691.5,,,,,,,,,,,,,,,,,,,,,,40065,,,,,,,
71732.1,,,,,,,,,,,,,,,,,,,13348,,,,,,,,,,
71839,,,,,,,,,,,,,,,,,,,,,,,17621,,,,,,
71994.3,56400,58700,57500,55600,56000,70000,1.2e+06,1.2e+06,1.2e+06,1.2e+06,1.596e+06,1.596e+06,,121457.983,,,,,,,,,,100,100,0.990099,0,100,100
72041.5,,,,,,,,,,,,,,,,,,23,,,,,,,,,,,
72191.4,,,,,,,,,,,,,,,,,,,,,,40345,,,,,,,
72236.3,,,,,,,,,,,,,,,,,,,13442,,,,,,,,,,
72340.3,,,,,,,,,,,,,,,,,,,,,,,17744,,,,,,
72691.2,,,,,,,,,,,,,,,,,,,,,,40625,,,,,,,
72740.2,,,,,,,,,,,,,,,,,,,13536,,,,,,,,,,
72844.2,,,,,,,,,,,,,,,,,,,,,,,17868,,,,,,
72994.3,56400,58500,57500,55600,56000,70000,1.2e+06,1.2e+06,1.2e+06,1.2e+06,1.596e+06,1.596e+06,,121467.164,,,,,,,,,,100,100,0,1.0101,100,100
73192.9,,,,,,,,,,,,,,,,,,,,,,40906,,,,,,,
73244.2,,,,,,,,,,,,,,,,,,,13630,,,,,,,,,,
73344.3,,,,,,,,,,,,,,,,,,,,,,,17991,,,,,,
73692.7,,,,,,,,,,,,,,,,,,,,,,41186,,,,,,,
73747.9,,,,,,,,,,,,,,,,,,,13724,,,,,,,,,,
73847.5,,,,,,,,,,,,,,,,,,,,,,,18115,,,,,,
73994.9,56400,58700,57500,55800,56000,70000,1.2e+06,1.2e+06,1.2e+06,1.2e+06,1.596e+06,1.596e+06,,121476.456,,,,,,,,,,100,100,1.96078,1.0101,100,100
74192.7,,,,,,,,,,,,,,,,,,,,,,41466,,,,,,,
74252.1,,,,,,,,,,,,,,,,,,,13818,,,,,,,,,,
74350.3,,,,,,,,,,,,,,,,,,,,,,,18239,,,,,,
74692.5,,,,,,,,,,,,,,,,,,,,,,41746,,,,,,,
74755.9,,,,,,,,,,,,,,,,,,,13912,,,,,,,,,,
74850.3,,,,,,,,,,,,,,,,,,,,,,,18362,,,,,,
74994.6,56400,58700,57500,55600,56000,70000,1.2e+06,1.2e+06,1.2e+06,1.2e+06,1.596e+06,1.596e+06,,121485.636,,,,,,,,,,100,100,0.990099,0,100,100
75157.3,,,,,,,,,,,,,,,,,,24,,,,,,,,,,,
75192.4,,,,,,,,,,,,,,,,,,,,,,42026,,,,,,,
75259.9,,,,,,,,,,,,,,,,,,,14006,,,,,,,,,,
75350.9,,,,,,,,,,,,,,,,,,,,,,,18485,,,,,,
75694,,,,,,,,,,,,,,,,,,,,,,42307,,,,,,,
75763.7,,,,,,,,,,,,,,,,,,,14100,,,,,,,,,,
75854.1,,,,,,,,,,,,,,,,,,,,,,,18609,,,,,,
75994.9,56800,58700,57700,56000,56000,70000,1.2e+06,1.2e+06,1.2e+06,1.2e+06,1.596e+06,1.596e+06,,121494.913,,,,,,,,,,100,100,0,1.0101,100,100
76194,,,,,,,,,,,,,,,,,,,,,,42587,,,,,,,
76267.9,,,,,,,,,,,,,,,,,,,14194,,,,,,,,,,
76353.9,,,,,,,,,,,,,,,,,,,,,,,18732,,,,,,
76693.7,,,,,,,,,,,,,,,,,,,,,,42867,,,,,,,
76771.7,,,,,,,,,,,,,,,,,,,14288,,,,,,,,,,
76853.4,,,,,,,,,,,,,,,,,,,,,,,18855,,,,,,
76994.6,56800,58900,57700,56000,56000,70000,1.2e+06,1.2e+06,1.2e+06,1.2e+06,1.596e+06,1.596e+06,,121504.106,,,,,,,,,,100,100,0.990099,1.0101,100,100
77193.7,,,,,,,,,,,,,,,,,,,,,,43147,,,,,,,
77275.7,,,,,,,,,,,,,,,,,,,14382,,,,,,,,,,
77357.1,,,,,,,,,,,,,,,,,,,,,,,18979,,,,,,
77693.5,,,,,,,,,,,,,,,,,,,,,,43427,,,,,,,
77779.7,,,,,,,,,,,,,,,,,,,14476,,,,,,,,,,
77860.3,,,,,,,,,,,,,,,,,,,,,,,19103,,,,,,
77994.8,56800,58900,57700,56000,56400,70000,1.2e+06,1.2e+06,1.2e+06,1.2e+06,1.596e+06,1.596e+06,,121513.400,,,,,,,,,,100,100,0,3,100,100
78193.5,,,,,,,,,,,,,,,,,,,,,,43707,,,,,,,
78273.2,,,,,,,,,,,,,,,,,,25,,,,,,,,,,,
78283.8,,,,,,,,,,,,,,,,,,,14570,,,,,,,,,,
78361.5,,,,,,,,,,,,,,,,,,,,,,,19226,,,,,,
78693.3,,,,,,,,,,,,,,,,,,,,,,43987,,,,,,,
78787.6,,,,,,,,,,,,,,,,,,,14664,,,,,,,,,,
78862.4,,,,,,,,,,,,,,,,,,,,,,,19349,,,,,,
78994.4,57000,58900,57900,56200,56400,70000,1.2e+06,1.2e+06,1.2e+06,1.2e+06,1.596e+06,1.596e+06,,121522.591,,,,,,,,,,100,100,1.9802,0,100,100
79193.3,,,,,,,,,,,,,,,,,,,,,,44267,,,,,,,
79291.7,,,,,,,,,,,,,,,,,,,14758,,,,,,,,,,
79365.2,,,,,,,,,,,,,,,,,,,,,,,19473,,,,,,
79694.9,,,,,,,,,,,,,,,,,,,,,,44548,,,,,,,
79795.6,,,,,,,,,,,,,,,,,,,14852,,,,,,,,,,
79866.2,,,,,,,,,,,,,,,,,,,,,,,19596,,,,,,
79994.6,57000,58900,57900,56400,56400,70000,1.2e+06,1.2e+06,1.2e+06,1.2e+06,1.596e+06,1.596e+06,,121531.889,,,,,,,,,,100,100,0,1.0101,100,100
80194.8,,,,,,,,,,,,,,,,,,,,,,44828,,,,,,,
80299.7,,,,,,,,,,,,,,,,,,,14946,,,,,,,,,,
80365.8,,,,,,,,,,,,,,,,,,,,,,,19719,,,,,,
80694.6,,,,,,,,,,,,,,,,,,,,,,45108,,,,,,,
80803.6,,,,,,,,,,,,,,,,,,,15040,,,,,,,,,,
80866.6,,,,,,,,,,,,,,,,,,,,,,,19842,,,,,,
80994.7,57200,59100,57900,56000,56400,70000,1.2e+06,1.2e+06,1.2e+06,1.2e+06,1.596e+06,1.596e+06,27.12,121541.088,,,,,,,,,,100,100,0.990099,0,100,100
81194.6,,,,,,,,,,,,,,,,,,,,,,45388,,,,,,,
81307.8,,,,,,,,,,,,,,,,,,,15134,,,,,,,,,,
81369.4,,,,,,,,,,,,,,,,,,,,,,,19966,,,,,,
81388.4,,,,,,,,,,,,,,,,,,26,,,,,,,,,,,
81694.4,,,,,,,,,,,,,,,,,,,,,,45668,,,,,,,
81811.6,,,,,,,,,,,,,,,,,,,15228,,,,,,,,,,
81871.1,,,,,,,,,,,,,,,,,,,,,,,20090,,,,,,
81994.9,57000,59300,57900,56400,56400,70000,1.2e+06,1.2e+06,1.2e+06,1.2e+06,1.596e+06,1.596e+06,,121550.380,,,,,,,,,,100,100,1,2,100,100
82194.3,,,,,,,,,,,,,,,,,,,,,,45948,,,,,,,
82315.5,,,,,,,,,,,,,,,,,,,15322,,,,,,,,,,
82373.8,,,,,,,,,,,,,,,,,,,,,,,20214,,,,,,
82695.9,,,,,,,,,,,,,,,,,,,,,,46229,,,,,,,
82819.5,,,,,,,,,,,,,,,,,,,15416,,,,,,,,,,
82875.8,,,,,,,,,,,,,,,,,,,,,,,20338,,,,,,
82994.6,57000,59300,57900,56400,56800,70000,1.2e+06,1.2e+06,1.2e+06,1.2e+06,1.596e+06,1.596e+06,,121559.576,,,,,,,,,,100,100,0,1.0101,100,100
83195.9,,,,,,,,,,,,,,,,,,,,,,46509,,,,,,,
83323.5,,,,,,,,,,,,,,,,,,,15510,,,,,,,,,,
83377,,,,,,,,,,,,,,,,,,,,,,,20461,,,,,,
83695.7,,,,,,,,,,,,,,,,,,,,,,46789,,,,,,,
83827.3,,,,,,,,,,,,,,,,,,,15604,,,,,,,,,,
83877.1,,,,,,,,,,,,,,,,,,,,,,,20584,,,,,,
83995.1,57200,59100,58300,56400,56800,70000,1.2e+06,1.2e+06,1.2e+06,1.2e+06,1.596e+06,1.596e+06,,121566.586,,,,,,,,,,100,100,0,0,100,100
84195.6,,,,,,,,,,,,,,,,,,,,,,47069,,,,,,,
84331.3,,,,,,,,,,,,,,,,,,,15698,,,,,,,,,,
84376.5,,,,,,,,,,,,,,,,,,,,,,,20707,,,,,,
84503.3,,,,,,,,,,,,,,,,,,27,,,,,,,,,,,
84695.4,,,,,,,,,,,,,,,,,,,,,,47349,,,,,,,
84835.2,,,,,,,,,,,,,,,,,,,15792,,,,,,,,,,
84876.8,,,,,,,,,,,,,,,,,,,,,,,20830,,,,,,
84994.9,57200,59300,58300,56400,56600,70000,1.2e+06,1.2e+06,1.2e+06,1.2e+06,1.596e+06,1.596e+06,,121575.783,,,,,,,,,,100,100,1,0,100,100
85195.4,,,,,,,,,,,,,,,,,,,,,,47629,,,,,,,
85339.4,,,,,,,,,,,,,,,,,,,15886,,,,,,,,,,
85377.2,,,,,,,,,,,,,,,,,,,,,,,20953,,,,,,
85696.9,,,,,,,,,,,,,,,,,,,,,,47910,,,,,,,
85843.2,,,,,,,,,,,,,,,,,,,15980,,,,,,,,,,
85878.7,,,,,,,,,,,,,,,,,,,,,,,21077,,,,,,
85994.4,57400,59700,58300,56400,56800,70000,1.2e+06,1.2e+06,1.2e+06,1.2e+06,1.596e+06,1.596e+06,,121585.080,,,,,,,,,,100,100,0.990099,2,100,100
86196.9,,,,,,,,,,,,,,,,,,,,,,48190,,,,,,,
86347.2,,,,,,,,,,,,,,,,,,,16074,,,,,,,,,,
86379.6,,,,,,,,,,,,,,,,,,,,,,,21200,,,,,,
86696.7,,,,,,,,,,,,,,,,,,,,,,48470,,,,,,,
86851.1,,,,,,,,,,,,,,,,,,,16168,,,,,,,,,,
86882.1,,,,,,,,,,,,,,,,,,,,,,,21324,,,,,,
86995.1,57200,59300,58300,56400,56600,70000,1.2e+06,1.2e+06,1.2e+06,1.2e+06,1.596e+06,1.596e+06,,121594.283,,,,,,,,,,100,100,0.990099,0,100,100
87196.6,,,,,,,,,,,,,,,,,,,,,,48750,,,,,,,
87355.2,,,,,,,,,,,,,,,,,,,16262,,,,,,,,,,
87381.5,,,,,,,,,,,,,,,,,,,,,,,21447,,,,,,
87618.4,,,,,,,,,,,,,,,,,,28,,,,,,,,,,,
87696.4,,,,,,,,,,,,,,,,,,,,,,49030,,,,,,,
87859.1,,,,,,,,,,,,,,,,,,,16356,,,,,,,,,,
87881.3,,,,,,,,,,,,,,,,,,,,,,,21570,,,,,,
87994.9,57500,59300,58300,56400,56800,70000,1.2e+06,1.2e+06,1.2e+06,1.2e+06,1.596e+06,1.596e+06,,121603.594,,,,,,,,,,100,100,0,1.0101,100,100
88196.4,,,,,,,,,,,,,,,,,,,,,,49310,,,,,,,
88363.2,,,,,,,,,,,,,,,,,,,16450,,,,,,,,,,
88382.3,,,,,,,,,,,,,,,,,,,,,,,21693,,,,,,
88698,,,,,,,,,,,,,,,,,,,,,,49591,,,,,,,
88867.1,,,,,,,,,,,,,,,,,,,16544,,,,,,,,,,
88883.2,,,,,,,,,,,,,,,,,,,,,,,21816,,,,,,
88994.5,57500,59700,58300,56400,56800,70000,1.2e+06,1.2e+06,1.2e+06,1.2e+06,1.596e+06,1.596e+06,,121612.798,,,,,,,,,,100,100,0,0,100,100
89198,,,,,,,,,,,,,,,,,,,,,,49871,,,,,,,
89371.1,,,,,,,,,,,,,,,,,,,16638,,,,,,,,,,
89384,,,,,,,,,,,,,,,,,,,,,,,21939,,,,,,
89697.8,,,,,,,,,,,,,,,,,,,,,,50151,,,,,,,
89875.1,,,,,,,,,,,,,,,,,,,16732,,,,,,,,,,
89885,,,,,,,,,,,,,,,,,,,,,,,22062,,,,,,
89994.2,57400,59500,58300,56800,56800,70000,1.2e+06,1.2e+06,1.2e+06,1.2e+06,1.596e+06,1.596e+06,,121622.106,,,,,,,,,,100,100,0,3.92157,100,100
90197.9,,,,,,,,,,,,,,,,,,,,,,50431,,,,,,,
90379.1,,,,,,,,,,,,,,,,,,,16826,,,,,,,,,,
90385.6,,,,,,,,,,,,,,,,,,,,,,,22185,,,,,,
90697.7,,,,,,,,,,,,,,,,,,,,,,50711,,,,,,,
90733.8,,,,,,,,,,,,,,,,,,29,,,,,,,,,,,
90883,,,,,,,,,,,,,,,,,,,16920,,,,,,,,,,
90889.1,,,,,,,,,,,,,,,,,,,,,,,22309,,,,,,
90994.2,57500,59500,58300,56400,56800,70000,1.2e+06,1.2e+06,1.2e+06,1.2e+06,1.596e+06,1.596e+06,27.131,121631.310,,,,,,,,,,100,100,1,2,100,100
91197.8,,,,,,,,,,,,,,,,,,,,,,50991,,,,,,,
91387.1,,,,,,,,,,,,,,,,,,,17014,,,,,,,,,,
91391.2,,,,,,,,,,,,,,,,,,,,,,,22433,,,,,,
91697.7,,,,,,,,,,,,,,,,,,,,,,51271,,,,,,,
91891.1,,,,,,,,,,,,,,,,,,,17108,,,,,,,,,,
91893.5,,,,,,,,,,,,,,,,,,,,,,,22557,,,,,,
91995.1,57500,59700,58700,56800,56800,70000,1.2e+06,1.2e+06,1.2e+06,1.2e+06,1.596e+06,1.596e+06,,121640.626,,,,,,,,,,100,100,0,2,100,100
92197.7,,,,,,,,,,,,,,,,,,,,,,51551,,,,,,,
92395.3,,,,,,,,,,,,,,,,,,,17202,,,,,,,,,,
92396.3,,,,,,,,,,,,,,,,,,,,,,,22681,,,,,,
92697.6,,,,,,,,,,,,,,,,,,,,,,51831,,,,,,,
92897.7,,,,,,,,,,,,,,,,,,,,,,,22805,,,,,,
92899,,,,,,,,,,,,,,,,,,,17296,,,,,,,,,,
92994.9,57500,59900,58700,56800,57200,70000,1.2e+06,1.2e+06,1.2e+06,1.2e+06,1.596e+06,1.596e+06,,121649.840,,,,,,,,,,100,100,0.990099,1.0101,100,100
93197.6,,,,,,,,,,,,,,,,,,,,,,52111,,,,,,,
93400.9,,,,,,,,,,,,,,,,,,,,,,,22929,,,,,,
93403.2,,,,,,,,,,,,,,,,,,,17390,,,,,,,,,,
93697.4,,,,,,,,,,,,,,,,,,,,,,52391,,,,,,,
93849.7,,,,,,,,,,,,,,,,,,30,,,,,,,,,,,
93903.2,,,,,,,,,,,,,,,,,,,,,,,23053,,,,,,
93907.1,,,,,,,,,,,,,,,,,,,17484,,,,,,,,,,
93995.1,57700,59900,58700,56800,57000,70000,1.2e+06,1.2e+06,1.2e+06,1.2e+06,1.596e+06,1.596e+06,,121659.155,,,,,,,,,,100,100,1.9802,2,100,100
94197.5,,,,,,,,,,,,,,,,,,,,,,52671,,,,,,,
94405.9,,,,,,,,,,,,,,,,,,,,,,,23177,,,,,,
94411.2,,,,,,,,,,,,,,,,,,,17578,,,,,,,,,,
94697.3,,,,,,,,,,,,,,,,,,,,,,52951,,,,,,,
94906.6,,,,,,,,,,,,,,,,,,,,,,,23300,,,,,,
94915.1,,,,,,,,,,,,,,,,,,,17672,,,,,,,,,,
94994.7,57700,60100,58700,57000,57200,70000,1.2e+06,1.2e+06,1.2e+06,1.2e+06,1.596e+06,1.596e+06,,121668.383,,,,,,,,,,100,100,0,1.0101,100,100
95197.3,,,,,,,,,,,,,,,,,,,,,,53231,,,,,,,
95407,,,,,,,,,,,,,,,,,,,,,,,23423,,,,,,
95419.2,,,,,,,,,,,,,,,,,,,17766,,,,,,,,,,
95698.9,,,,,,,,,,,,,,,,,,,,,,53512,,,,,,,
95906.5,,,,,,,,,,,,,,,,,,,,,,,23546,,,,,,
95923.1,,,,,,,,,,,,,,,,,,,17860,,,,,,,,,,
95994.3,57700,59900,58700,57000,57200,70000,1.2e+06,1.2e+06,1.2e+06,1.2e+06,1.596e+06,1.596e+06,,121677.687,,,,,,,,,,100,100,0,0,100,100
96198.8,,,,,,,,,,,,,,,,,,,,,,53792,,,,,,,
96406.5,,,,,,,,,,,,,,,,,,,,,,,23669,,,,,,
96427.1,,,,,,,,,,,,,,,,,,,17954,,,,,,,,,,
96698.6,,,,,,,,,,,,,,,,,,,,,,54072,,,,,,,
96908.3,,,,,,,,,,,,,,,,,,,,,,,23793,,,,,,
96931,,,,,,,,,,,,,,,,,,,18048,,,,,,,,,,
96964.8,,,,,,,,,,,,,,,,,,31,,,,,,,,,,,
96995.1,57900,60100,58900,57200,57200,70000,1.2e+06,1.2e+06,1.2e+06,1.2e+06,1.596e+06,1.596e+06,,121686.906,,,,,,,,,,100,100,0,0,100,100
97198.6,,,,,,,,,,,,,,,,,,,,,,54352,,,,,,,
97411.7,,,,,,,,,,,,,,,,,,,,,,,23917,,,,,,
97435,,,,,,,,,,,,,,,,,,,18142,,,,,,,,,,
97698.4,,,,,,,,,,,,,,,,,,,,,,54632,,,,,,,
97914.6,,,,,,,,,,,,,,,,,,,,,,,24041,,,,,,
97938.9,,,,,,,,,,,,,,,,,,,18236,,,,,,,,,,
97994.6,57700,60100,58700,57200,57200,70000,1.2e+06,1.2e+06,1.2e+06,1.2e+06,1.596e+06,1.596e+06,,121696.223,,,,,,,,,,100,100,0.990099,2,100,100
98198.4,,,,,,,,,,,,,,,,,,,,,,54912,,,,,,,
98417.7,,,,,,,,,,,,,,,,,,,,,,,24165,,,,,,
98442.9,,,,,,,,,,,,,,,,,,,18330,,,,,,,,,,
98699.9,,,,,,,,,,,,,,,,,,,,,,55193,,,,,,,
98920.3,,,,,,,,,,,,,,,,,,,,,,,24289,,,,,,
98946.8,,,,,,,,,,,,,,,,,,,18424,,,,,,,,,,
98994.8,57900,60100,59100,57200,57400,70000,1.2e+06,1.2e+06,1.2e+06,1.2e+06,1.596e+06,1.596e+06,,121705.449,,,,,,,,,,100,100,0.990099,2,100,100
99199.9,,,,,,,,,,,,,,,,,,,,,,55473,,,,,,,
99424,,,,,,,,,,,,,,,,,,,,,,,24413,,,,,,
99450.8,,,,,,,,,,,,,,,,,,,18518,,,,,,,,,,
99699.8,,,,,,,,,,,,,,,,,,,,,,55753,,,,,,,
99927,,,,,,,,,,,,,,,,,,,,,,,24537,,,,,,
99954.7,,,,,,,,,,,,,,,,,,,18612,,,,,,,,,,
99995,57900,60300,58700,57200,57400,70000,1.2e+06,1.2e+06,1.2e+06,1.2e+06,1.596e+06,1.596e+06,,121714.775,,,,,,,,,,100,100,1.9802,0,100,100
100080,,,,,,,,,,,,,,,,,,32,,,,,,,,,,,
100200,,,,,,,,,,,,,,,,,,,,,,56033,,,,,,,
100427,,,,,,,,,,,,,,,,,,,,,,,24660,,,,,,
100459,,,,,,,,,,,,,,,,,,,18706,,,,,,,,,,
100700,,,,,,,,,,,,,,,,,,,,,,56313,,,,,,,
100930,,,,,,,,,,,,,,,,,,,,,,,24784,,,,,,
100963,,,,,,,,,,,,,,,,,,,18800,,,,,,,,,,
100995,57900,60300,58900,57200,57500,70000,1.2e+06,1.2e+06,1.2e+06,1.2e+06,1.596e+06,1.596e+06,27.163,121724.007,,,,,,,,,,100,100,0,1.0101,100,100
101200,,,,,,,,,,,,,,,,,,,,,,56593,,,,,,,
101430,,,,,,,,,,,,,,,,,,,,,,,24907,,,,,,
101467,,,,,,,,,,,,,,,,,,,18894,,,,,,,,,,
101699,,,,,,,,,,,,,,,,,,,,,,56873,,,,,,,
101932,,,,,,,,,,,,,,,,,,,,,,,25031,,,,,,
101971,,,,,,,,,,,,,,,,,,,18988,,,,,,,,,,
101995,57700,59900,59100,57200,57200,70000,1.2e+06,1.2e+06,1.2e+06,1.2e+06,1.596e+06,1.596e+06,,121733.238,,,,,,,,,,100,100,0,2,100,99.0196
102199,,,,,,,,,,,,,,,,,,,,,,57153,,,,,,,
102431,,,,,,,,,,,,,,,,,,,,,,,25154,,,,,,
102475,,,,,,,,,,,,,,,,,,,19082,,,,,,,,,,
102701,,,,,,,,,,,,,,,,,,,,,,57434,,,,,,,
102934,,,,,,,,,,,,,,,,,,,,,,,25278,,,,,,
102979,,,,,,,,,,,,,,,,,,,19176,,,,,,,,,,
102994,58100,60300,59100,57400,57500,70000,1.2e+06,1.2e+06,1.2e+06,1.2e+06,1.596e+06,1.596e+06,,121742.552,,,,,,,,,,100,100,1,1.0101,100,100
103197,,,,,,,,,,,,,,,,,,33,,,,,,,,,,,
103201,,,,,,,,,,,,,,,,,,,,,,57714,,,,,,,
103437,,,,,,,,,,,,,,,,,,,,,,,25402,,,,,,
103483,,,,,,,,,,,,,,,,,,,19270,,,,,,,,,,
103701,,,,,,,,,,,,,,,,,,,,,,57994,,,,,,,
103937,,,,,,,,,,,,,,,,,,,,,,,25525,,,,,,
103987,,,,,,,,,,,,,,,,,,,19364,,,,,,,,,,
103995,57900,60300,58900,57200,57200,70000,1.2e+06,1.2e+06,1.2e+06,1.2e+06,1.596e+06,1.596e+06,,121751.784,,,,,,,,,,100,100,0,2,100,100
104200,,,,,,,,,,,,,,,,,,,,,,58274,,,,,,,
104440,,,,,,,,,,,,,,,,,,,,,,,25649,,,,,,
104491,,,,,,,,,,,,,,,,,,,19458,,,,,,,,,,
104700,,,,,,,,,,,,,,,,,,,,,,58554,,,,,,,
104943,,,,,,,,,,,,,,,,,,,,,,,25773,,,,,,
104995,57900,60100,59100,57200,57400,70000,1.2e+06,1.2e+06,1.2e+06,1.2e+06,1.596e+06,1.596e+06,,121761.199,,,,,,,,,,100,100,0.990099,1.0101,100,100
104996,,,,,,,,,,,,,,,,,,,19552,,,,,,,,,,
105200,,,,,,,,,,,,,,,,,,,,,,58834,,,,,,,
105444,,,,,,,,,,,,,,,,,,,,,,,25896,,,,,,
105499,,,,,,,,,,,,,,,,,,,19646,,,,,,,,,,
105702,,,,,,,,,,,,,,,,,,,,,,59115,,,,,,,
105945,,,,,,,,,,,,,,,,,,,,,,,26019,,,,,,
105994,58100,60500,59100,57500,57500,70000,1.2e+06,1.2e+06,1.2e+06,1.2e+06,1.596e+06,1.596e+06,,121770.436,,,,,,,,,,100,100,0,2,100,100
106003,,,,,,,,,,,,,,,,,,,19740,,,,,,,,,,
106202,,,,,,,,,,,,,,,,,,,,,,59395,,,,,,,
106312,,,,,,,,,,,,,,,,,,34,,,,,,,,,,,
106446,,,,,,,,,,,,,,,,,,,,,,,26142,,,,,,
106507,,,,,,,,,,,,,,,,,,,19834,,,,,,,,,,
106702,,,,,,,,,,,,,,,,,,,,,,59675,,,,,,,
106949,,,,,,,,,,,,,,,,,,,,,,,26266,,,,,,
106995,58100,60500,59300,57500,57400,70000,1.2e+06,1.2e+06,1.2e+06,1.2e+06,1.596e+06,1.596e+06,,121779.685,,,,,,,,,,100,100,0.990099,1.0101,100,100
107011,,,,,,,,,,,,,,,,,,,19928,,,,,,,,,,
107202,,,,,,,,,,,,,,,,,,,,,,59955,,,,,,,
107452,,,,,,,,,,,,,,,,,,,,,,,26390,,,,,,
107515,,,,,,,,,,,,,,,,,,,20022,,,,,,,,,,
107701,,,,,,,,,,,,,,,,,,,,,,60235,,,,,,,
107952,,,,,,,,,,,,,,,,,,,,,,,26513,,,,,,
107995,58300,60500,59300,57500,57700,70000,1.2e+06,1.2e+06,1.2e+06,1.2e+06,1.596e+06,1.596e+06,,121789.015,,,,,,,,,,100,100,0,2.9703,100,100
108019,,,,,,,,,,,,,,,,,,,20116,,,,,,,,,,
108201,,,,,,,,,,,,,,,,,,,,,,60515,,,,,,,
108452,,,,,,,,,,,,,,,,,,,,,,,26636,,,,,,
108523,,,,,,,,,,,,,,,,,,,20210,,,,,,,,,,
108703,,,,,,,,,,,,,,,,,,,,,,60796,,,,,,,
108952,,,,,,,,,,,,,,,,,,,,,,,26759,,,,,,
108994,58300,60700,59500,57900,57700,70000,1.2e+06,1.2e+06,1.2e+06,1.2e+06,1.596e+06,1.596e+06,,121798.345,,,,,,,,,,100,100,1,0,100,100
109026,,,,,,,,,,,,,,,,,,,20304,,,,,,,,,,
109203,,,,,,,,,,,,,,,,,,,,,,61076,,,,,,,
109426,,,,,,,,,,,,,,,,,,35,,,,,,,,,,,
109452,,,,,,,,,,,,,,,,,,,,,,,26882,,,,,,
109530,,,,,,,,,,,,,,,,,,,20398,,,,,,,,,,
109703,,,,,,,,,,,,,,,,,,,,,,61356,,,,,,,
109955,,,,,,,,,,,,,,,,,,,,,,,27006,,,,,,
109995,58300,60500,59300,57700,57700,70000,1.2e+06,1.2e+06,1.2e+06,1.2e+06,1.596e+06,1.596e+06,,121807.584,,,,,,,,,,100,100,0.990099,2,100,100
110034,,,,,,,,,,,,,,,,,,,20492,,,,,,,,,,
110203,,,,,,,,,,,,,,,,,,,,,,61636,,,,,,,
110455,,,,,,,,,,,,,,,,,,,,,,,27129,,,,,,
110538,,,,,,,,,,,,,,,,,,,20586,,,,,,,,,,
110702,,,,,,,,,,,,,,,,,,,,,,61916,,,,,,,
110957,,,,,,,,,,,,,,,,,,,,,,,27253,,,,,,
110995,58300,60700,59500,57500,57500,70000,1.2e+06,1.2e+06,1.2e+06,1.2e+06,1.596e+06,1.596e+06,27.174,121816.918,,,,,,,,,,100,100,0,1.0101,100,100
111042,,,,,,,,,,,,,,,,,,,20680,,,,,,,,,,
111202,,,,,,,,,,,,,,,,,,,,,,62196,,,,,,,
111457,,,,,,,,,,,,,,,,,,,,,,,27376,,,,,,
111546,,,,,,,,,,,,,,,,,,,20774,,,,,,,,,,
111704,,,,,,,,,,,,,,,,,,,,,,62477,,,,,,,
111957,,,,,,,,,,,,,,,,,,,,,,,27499,,,,,,
111994,58500,60900,59300,57500,57900,70000,1.2e+06,1.2e+06,1.2e+06,1.2e+06,1.596e+06,1.596e+06,,121826.149,,,,,,,,,,100,100,1,2.9703,100,100
112050,,,,,,,,,,,,,,,,,,,20868,,,,,,,,,,
112204,,,,,,,,,,,,,,,,,,,,,,62757,,,,,,,
112458,,,,,,,,,,,,,,,,,,,,,,,27621,,,,,,
112542,,,,,,,,,,,,,,,,,,36,,,,,,,,,,,
112554,,,,,,,,,,,,,,,,,,,20962,,,,,,,,,,
112704,,,,,,,,,,,,,,,,,,,,,,63037,,,,,,,
112960,,,,,,,,,,,,,,,,,,,,,,,27744,,,,,,
112995,58500,60900,59500,57900,57900,70000,1.2e+06,1.2e+06,1.2e+06,1.2e+06,1.596e+06,1.596e+06,,121835.402,,,,,,,,,,100,100,0.990099,0,100,100
113058,,,,,,,,,,,,,,,,,,,21056,,,,,,,,,,
113204,,,,,,,,,,,,,,,,,,,,,,63317,,,,,,,
113464,,,,,,,,,,,,,,,,,,,,,,,27868,,,,,,
113562,,,,,,,,,,,,,,,,,,,21150,,,,,,,,,,
113703,,,,,,,,,,,,,,,,,,,,,,63597,,,,,,,
113966,,,,,,,,,,,,,,,,,,,,,,,27992,,,,,,
113995,58300,60500,59500,57700,57900,70000,1.2e+06,1.2e+06,1.2e+06,1.2e+06,1.596e+06,1.596e+06,,121844.742,,,,,,,,,,100,100,0,1.0101,100,100
114066,,,,,,,,,,,,,,,,,,,21244,,,,,,,,,,
114203,,,,,,,,,,,,,,,,,,,,,,63877,,,,,,,
114467,,,,,,,,,,,,,,,,,,,,,,,28115,,,,,,
114570,,,,,,,,,,,,,,,,,,,21338,,,,,,,,,,
114705,,,,,,,,,,,,,,,,,,,,,,64158,,,,,,,
114969,,,,,,,,,,,,,,,,,,,,,,,28239,,,,,,
114995,58700,60900,59500,57900,57900,70000,1.2e+06,1.2e+06,1.2e+06,1.2e+06,1.596e+06,1.596e+06,,121854.066,,,,,,,,,,100,100,1,1.0101,100,100
115074,,,,,,,,,,,,,,,,,,,21432,,,,,,,,,,
115205,,,,,,,,,,,,,,,,,,,,,,64438,,,,,,,
115472,,,,,,,,,,,,,,,,,,,,,,,28363,,,,,,
115578,,,,,,,,,,,,,,,,,,,21526,,,,,,,,,,
115657,,,,,,,,,,,,,,,,,,37,,,,,,,,,,,
115705,,,,,,,,,,,,,,,,,,,,,,64718,,,,,,,
115974,,,,,,,,,,,,,,,,,,,,,,,28487,,,,,,
115995,58700,60500,59500,57500,57700,70000,1.2e+06,1.2e+06,1.2e+06,1.2e+06,1.596e+06,1.596e+06,,121863.316,,,,,,,,,,100,100,0,1.0101,100,100
116082,,,,,,,,,,,,,,,,,,,21620,,,,,,,,,,
116205,,,,,,,,,,,,,,,,,,,,,,64998,,,,,,,
116476,,,,,,,,,,,,,,,,,,,,,,,28611,,,,,,
116586,,,,,,,,,,,,,,,,,,,21714,,,,,,,,,,
116704,,,,,,,,,,,,,,,,,,,,,,65278,,,,,,,
116978,,,,,,,,,,,,,,,,,,,,,,,28735,,,,,,
116995,58500,60900,59700,57900,57900,70000,1.2e+06,1.2e+06,1.2e+06,1.2e+06,1.596e+06,1.596e+06,,121872.653,,,,,,,,,,100,100,0.990099,2,100,100
117090,,,,,,,,,,,,,,,,,,,21808,,,,,,,,,,
117204,,,,,,,,,,,,,,,,,,,,,,65558,,,,,,,
117479,,,,,,,,,,,,,,,,,,,,,,,28858,,,,,,
117594,,,,,,,,,,,,,,,,,,,21902,,,,,,,,,,
117706,,,,,,,,,,,,,,,,,,,,,,65839,,,,,,,
117981,,,,,,,,,,,,,,,,,,,,,,,28982,,,,,,
117994,58700,60900,59700,57700,57900,70000,1.2e+06,1.2e+06,1.2e+06,1.2e+06,1.596e+06,1.596e+06,,121881.998,,,,,,,,,,100,100,0,2,100,100
118098,,,,,,,,,,,,,,,,,,,21996,,,,,,,,,,
118206,,,,,,,,,,,,,,,,,,,,,,66119,,,,,,,
118483,,,,,,,,,,,,,,,,,,,,,,,29105,,,,,,
118602,,,,,,,,,,,,,,,,,,,22090,,,,,,,,,,
118706,,,,,,,,,,,,,,,,,,,,,,66399,,,,,,,
118773,,,,,,,,,,,,,,,,,,38,,,,,,,,,,,
118986,,,,,,,,,,,,,,,,,,,,,,,29229,,,,,,
118995,58700,60900,59700,57900,58300,70000,1.2e+06,1.2e+06,1.2e+06,1.2e+06,1.596e+06,1.596e+06,,121891.245,,,,,,,,,,100,100,0.990099,2,100,100
119106,,,,,,,,,,,,,,,,,,,22184,,,,,,,,,,
119205,,,,,,,,,,,,,,,,,,,,,,66679,,,,,,,
119485,,,,,,,,,,,,,,,,,,,,,,,29352,,,,,,
119610,,,,,,,,,,,,,,,,,,,22278,,,,,,,,,,
119707,,,,,,,,,,,,,,,,,,,,,,66960,,,,,,,
119988,,,,,,,,,,,,,,,,,,,,,,,29476,,,,,,
119995,58700,60900,59900,57900,58100,70000,1.2e+06,1.2e+06,1.2e+06,1.2e+06,1.596e+06,1.596e+06,,121900.603,,,,,,,,,,100,100,0.990099,2,100,100
120114,,,,,,,,,,,,,,,,,,,22372,,,,,,,,,,
120207,,,,,,,,,,,,,,,,,,,,,,67240,,,,,,,
120489,,,,,,,,,,,,,,,,,,,,,,,29599,,,,,,
120618,,,,,,,,,,,,,,,,,,,22466,,,,,,,,,,
120707,,,,,,,,,,,,,,,,,,,,,,67520,,,,,,,
120992,,,,,,,,,,,,,,,,,,,,,,,29723,,,,,,
120994,58700,60900,59900,57900,58300,70000,1.2e+06,1.2e+06,1.2e+06,1.2e+06,1.596e+06,1.596e+06,27.174,121909.955,,,,,,,,,,100,100,1,2,100,100
121122,,,,,,,,,,,,,,,,,,,22560,,,,,,,,,,
121207,,,,,,,,,,,,,,,,,,,,,,67800,,,,,,,
121492,,,,,,,,,,,,,,,,,,,,,,,29846,,,,,,
121626,,,,,,,,,,,,,,,,,,,22654,,,,,,,,,,
121706,,,,,,,,,,,,,,,,,,,,,,68080,,,,,,,
121888,,,,,,,,,,,,,,,,,,39,,,,,,,,,,,
121993,,,,,,,,,,,,,,,,,,,,,,,29969,,,,,,
121995,58700,60900,59900,57900,58300,70000,1.2e+06,1.2e+06,1.2e+06,1.2e+06,1.596e+06,1.596e+06,,121919.210,,,,,,,,,,100,100,0.990099,1.0101,100,100
122130,,,,,,,,,,,,,,,,,,,22748,,,,,,,,,,
122206,,,,,,,,,,,,,,,,,,,,,,68360,,,,,,,
122497,,,,,,,,,,,,,,,,,,,,,,,30093,,,,,,
122634,,,,,,,,,,,,,,,,,,,22842,,,,,,,,,,
122708,,,,,,,,,,,,,,,,,,,,,,68641,,,,,,,
122994,58700,60900,59900,57900,58300,70000,1.2e+06,1.2e+06,1.2e+06,1.2e+06,1.596e+06,1.596e+06,,121928.553,,,,,,,,,,100,100,0.990099,0,100,100
122999,,,,,,,,,,,,,,,,,,,,,,,30217,,,,,,
123138,,,,,,,,,,,,,,,,,,,22936,,,,,,,,,,
123208,,,,,,,,,,,,,,,,,,,,,,68921,,,,,,,
123502,,,,,,,,,,,,,,,,,,,,,,,30341,,,,,,
123642,,,,,,,,,,,,,,,,,,,23030,,,,,,,,,,
123708,,,,,,,,,,,,,,,,,,,,,,69201,,,,,,,
123995,58700,61100,59900,58300,58300,70000,1.2e+06,1.2e+06,1.2e+06,1.2e+06,1.596e+06,1.596e+06,,121937.809,,,,,,,,,,100,100,1,0,100,100
124002,,,,,,,,,,,,,,,,,,,,,,,30464,,,,,,
124146,,,,,,,,,,,,,,,,,,,23124,,,,,,,,,,
124207,,,,,,,,,,,,,,,,,,,,,,69481,,,,,,,
124504,,,,,,,,,,,,,,,,,,,,,,,30588,,,,,,
124650,,,,,,,,,,,,,,,,,,,23218,,,,,,,,,,
124707,,,,,,,,,,,,,,,,,,,,,,69761,,,,,,,
124995,58700,61100,59900,57900,58300,70000,1.2e+06,1.2e+06,1.2e+06,1.2e+06,1.596e+06,1.596e+06,,121947.157,,,,,,,,,,100,100,0.990099,2,100,100
125004,,,,,,,,,,,,,,,,,,40,,,,,,,,,,,
125006,,,,,,,,,,,,,,,,,,,,,,,30712,,,,,,
125154,,,,,,,,,,,,,,,,,,,23312,,,,,,,,,,
125209,,,,,,,,,,,,,,,,,,,,,,70042,,,,,,,
125505,,,,,,,,,,,,,,,,,,,,,,,30835,,,,,,
125658,,,,,,,,,,,,,,,,,,,23406,,,,,,,,,,
125709,,,,,,,,,,,,,,,,,,,,,,70322,,,,,,,
125995,58700,60900,59900,58100,58300,70000,1.2e+06,1.2e+06,1.2e+06,1.2e+06,1.596e+06,1.596e+06,,121956.414,,,,,,,,,,100,99,0,2,100,100
126007,,,,,,,,,,,,,,,,,,,,,,,30958,,,,,,
126162,,,,,,,,,,,,,,,,,,,23500,,,,,,,,,,
126209,,,,,,,,,,,,,,,,,,,,,,70602,,,,,,,
126511,,,,,,,,,,,,,,,,,,,,,,,31082,,,,,,
126666,,,,,,,,,,,,,,,,,,,23594,,,,,,,,,,
126708,,,,,,,,,,,,,,,,,,,,,,70882,,,,,,,
126995,58700,61100,59700,57900,58300,70000,1.2e+06,1.2e+06,1.2e+06,1.2e+06,1.596e+06,1.596e+06,,121965.758,,,,,,,,,,100,100,1,0,100,100
127011,,,,,,,,,,,,,,,,,,,,,,,31205,,,,,,
127170,,,,,,,,,,,,,,,,,,,23688,,,,,,,,,,
127208,,,,,,,,,,,,,,,,,,,,,,71162,,,,,,,
127511,,,,,,,,,,,,,,,,,,,,,,,31328,,,,,,
127674,,,,,,,,,,,,,,,,,,,23782,,,,,,,,,,
127710,,,,,,,,,,,,,,,,,,,,,,71443,,,,,,,
127994,58700,60900,59900,58300,58300,70000,1.2e+06,1.2e+06,1.2e+06,1.2e+06,1.596e+06,1.596e+06,,121975.025,,,,,,,,,,100,100,0.990099,1.0101,100,100
128013,,,,,,,,,,,,,,,,,,,,,,,31451,,,,,,
128119,,,,,,,,,,,,,,,,,,41,,,,,,,,,,,
128178,,,,,,,,,,,,,,,,,,,23876,,,,,,,,,,
128210,,,,,,,,,,,,,,,,,,,,,,71723,,,,,,,
128513,,,,,,,,,,,,,,,,,,,,,,,31574,,,,,,
128681,,,,,,,,,,,,,,,,,,,23970,,,,,,,,,,
128710,,,,,,,,,,,,,,,,,,,,,,72003,,,,,,,
128995,58700,60900,59900,57500,57900,70000,1.2e+06,1.2e+06,1.2e+06,1.2e+06,1.596e+06,1.596e+06,,121984.386,,,,,,,,,,100,100,0,2,100,100
129014,,,,,,,,,,,,,,,,,,,,,,,31698,,,,,,
129186,,,,,,,,,,,,,,,,,,,24064,,,,,,,,,,
129210,,,,,,,,,,,,,,,,,,,,,,72283,,,,,,,
129517,,,,,,,,,,,,,,,,,,,,,,,31822,,,,,,
129689,,,,,,,,,,,,,,,,,,,24158,,,,,,,,,,
129709,,,,,,,,,,,,,,,,,,,,,,72563,,,,,,,
129995,58700,60900,59900,57900,58300,70000,1.2e+06,1.2e+06,1.2e+06,1.2e+06,1.596e+06,1.596e+06,,121993.648,,,,,,,,,,100,100,0,1.0101,100,100
130019,,,,,,,,,,,,,,,,,,,,,,,31946,,,,,,
130193,,,,,,,,,,,,,,,,,,,24252,,,,,,,,,,
130209,,,,,,,,,,,,,,,,,,,,,,72843,,,,,,,
130519,,,,,,,,,,,,,,,,,,,,,,,32069,,,,,,
130697,,,,,,,,,,,,,,,,,,,24346,,,,,,,,,,
130709,,,,,,,,,,,,,,,,,,,,,,73123,,,,,,,
130995,58700,60900,59900,57900,57900,70000,1.2e+06,1.2e+06,1.2e+06,1.2e+06,1.596e+06,1.596e+06,27.185,122000.777,,,,,,,,,,100,100,1,0,100,100
131018,,,,,,,,,,,,,,,,,,,,,,,32192,,,,,,
131201,,,,,,,,,,,,,,,,,,,24440,,,,,,,,,,
131209,,,,,,,,,,,,,,,,,,,,,,73403,,,,,,,
131234,,,,,,,,,,,,,,,,,,42,,,,,,,,,,,
131519,,,,,,,,,,,,,,,,,,,,,,,32315,,,,,,
131705,,,,,,,,,,,,,,,,,,,24534,,,,,,,,,,
131711,,,,,,,,,,,,,,,,,,,,,,73684,,,,,,,
131994,58700,61300,59900,57900,57900,70000,1.2e+06,1.2e+06,1.2e+06,1.2e+06,1.596e+06,1.596e+06,,122010.047,,,,,,,,,,100,100,0.990099,1.0101,100,100
132022,,,,,,,,,,,,,,,,,,,,,,,32439,,,,,,
132209,,,,,,,,,,,,,,,,,,,24628,,,,,,,,,,
132211,,,,,,,,,,,,,,,,,,,,,,73964,,,,,,,
132523,,,,,,,,,,,,,,,,,,,,,,,32562,,,,,,
132711,,,,,,,,,,,,,,,,,,,,,,74244,,,,,,,
132713,,,,,,,,,,,,,,,,,,,24722,,,,,,,,,,
132995,59100,61300,59900,58300,58300,70000,1.2e+06,1.2e+06,1.2e+06,1.2e+06,1.596e+06,1.596e+06,,122019.410,,,,,,,,,,100,100,0.990099,2,100,100
133026,,,,,,,,,,,,,,,,,,,,,,,32686,,,,,,
133210,,,,,,,,,,,,,,,,,,,,,,74524,,,,,,,
133217,,,,,,,,,,,,,,,,,,,24816,,,,,,,,,,
133525,,,,,,,,,,,,,,,,,,,,,,,32809,,,,,,
133710,,,,,,,,,,,,,,,,,,,,,,74804,,,,,,,
133721,,,,,,,,,,,,,,,,,,,24910,,,,,,,,,,
133995,58700,61100,59900,58300,58300,70000,1.2e+06,1.2e+06,1.2e+06,1.2e+06,1.596e+06,1.596e+06,,122028.678,,,,,,,,,,100,100,0,2,100,100
134028,,,,,,,,,,,,,,,,,,,,,,,32933,,,,,,
134210,,,,,,,,,,,,,,,,,,,,,,75084,,,,,,,
134225,,,,,,,,,,,,,,,,,,,25004,,,,,,,,,,
134350,,,,,,,,,,,,,,,,,,43,,,,,,,,,,,
134529,,,,,,,,,,,,,,,,,,,,,,,33056,,,,,,
134712,,,,,,,,,,,,,,,,,,,,,,75365,,,,,,,
134729,,,,,,,,,,,,,,,,,,,25098,,,,,,,,,,
134994,59100,61500,60100,58300,58300,70000,1.2e+06,1.2e+06,1.2e+06,1.2e+06,1.596e+06,1.596e+06,,122038.041,,,,,,,,,,100,100,0.990099,1.02041,100,100
135029,,,,,,,,,,,,,,,,,,,,,,,33179,,,,,,
135212,,,,,,,,,,,,,,,,,,,,,,75645,,,,,,,
135233,,,,,,,,,,,,,,,,,,,25192,,,,,,,,,,
135532,,,,,,,,,,,,,,,,,,,,,,,33303,,,,,,
135712,,,,,,,,,,,,,,,,,,,,,,75925,,,,,,,
135737,,,,,,,,,,,,,,,,,,,25286,,,,,,,,,,
135995,58900,61100,59900,57900,58300,70000,1.2e+06,1.2e+06,1.2e+06,1.2e+06,1.596e+06,1.596e+06,,122047.391,,,,,,,,,,100,100,0,0,100,100
136032,,,,,,,,,,,,,,,,,,,,,,,33426,,,,,,
136211,,,,,,,,,,,,,,,,,,,,,,76205,,,,,,,
136241,,,,,,,,,,,,,,,,,,,25380,,,,,,,,,,
136536,,,,,,,,,,,,,,,,,,,,,,,33550,,,,,,
136711,,,,,,,,,,,,,,,,,,,,,,76485,,,,,,,
136745,,,,,,,,,,,,,,,,,,,25474,,,,,,,,,,
136995,59100,61300,60300,58300,58300,70000,1.2e+06,1.2e+06,1.2e+06,1.2e+06,1.596e+06,1.596e+06,,122056.752,,,,,,,,,,100,100,0,1.0101,100,100
137038,,,,,,,,,,,,,,,,,,,,,,,33674,,,,,,
137211,,,,,,,,,,,,,,,,,,,,,,76765,,,,,,,
137249,,,,,,,,,,,,,,,,,,,25568,,,,,,,,,,
137465,,,,,,,,,,,,,,,,,,44,,,,,,,,,,,
137542,,,,,,,,,,,,,,,,,,,,,,,33798,,,,,,
137713,,,,,,,,,,,,,,,,,,,,,,77046,,,,,,,
137753,,,,,,,,,,,,,,,,,,,25662,,,,,,,,,,
137995,59100,61500,60500,58300,58500,70000,1.2e+06,1.2e+06,1.2e+06,1.2e+06,1.596e+06,1.596e+06,,122066.037,,,,,,,,,,100,100,1,2,100,100
138045,,,,,,,,,,,,,,,,,,,,,,,33922,,,,,,
138213,,,,,,,,,,,,,,,,,,,,,,77326,,,,,,,
138257,,,,,,,,,,,,,,,,,,,25756,,,,,,,,,,
138548,,,,,,,,,,,,,,,,,,,,,,,34046,,,,,,
138713,,,,,,,,,,,,,,,,,,,,,,77606,,,,,,,
138761,,,,,,,,,,,,,,,,,,,25850,,,,,,,,,,
138994,59500,61700,60300,58300,58700,70000,1.2e+06,1.2e+06,1.2e+06,1.2e+06,1.596e+06,1.596e+06,,122075.400,,,,,,,,,,100,100,0.990099,0,100,100
139051,,,,,,,,,,,,,,,,,,,,,,,34170,,,,,,
139212,,,,,,,,,,,,,,,,,,,,,,77886,,,,,,,
139265,,,,,,,,,,,,,,,,,,,25944,,,,,,,,,,
139553,,,,,,,,,,,,,,,,,,,,,,,34294,,,,,,
139712,,,,,,,,,,,,,,,,,,,,,,78166,,,,,,,
139769,,,,,,,,,,,,,,,,,,,26038,,,,,,,,,,
139995,59100,61500,60300,58500,58300,70000,1.2e+06,1.2e+06,1.2e+06,1.2e+06,1.596e+06,1.596e+06,,122084.686,,,,,,,,,,100,100,0.990099,0,100,100
140056,,,,,,,,,,,,,,,,,,,,,,,34418,,,,,,
140214,,,,,,,,,,,,,,,,,,,,,,78447,,,,,,,
140273,,,,,,,,,,,,,,,,,,,26132,,,,,,,,,,
140555,,,,,,,,,,,,,,,,,,,,,,,34541,,,,,,
140580,,,,,,,,,,,,,,,,,,45,,,,,,,,,,,
140714,,,,,,,,,,,,,,,,,,,,,,78727,,,,,,,
140777,,,,,,,,,,,,,,,,,,,26226,,,,,,,,,,
140995,59500,61700,60500,58700,58500,70000,1.2e+06,1.2e+06,1.2e+06,1.2e+06,1.596e+06,1.596e+06,27.185,122094.045,,,,,,,,,,100,100,1.9802,1.0101,100,100
141059,,,,,,,,,,,,,,,,,,,,,,,34664,,,,,,
141214,,,,,,,,,,,,,,,,,,,,,,79007,,,,,,,
141281,,,,,,,,,,,,,,,,,,,26320,,,,,,,,,,
141559,,,,,,,,,,,,,,,,,,,,,,,34787,,,,,,
141714,,,,,,,,,,,,,,,,,,,,,,79287,,,,,,,
141785,,,,,,,,,,,,,,,,,,,26414,,,,,,,,,,
141995,59300,61300,60300,58700,58700,70000,1.2e+06,1.2e+06,1.2e+06,1.2e+06,1.596e+06,1.596e+06,,122103.332,,,,,,,,,,100,100,0,2,100,100
142059,,,,,,,,,,,,,,,,,,,,,,,34910,,,,,,
142213,,,,,,,,,,,,,,,,,,,,,,79567,,,,,,,
142289,,,,,,,,,,,,,,,,,,,26508,,,,,,,,,,
142560,,,,,,,,,,,,,,,,,,,,,,,35033,,,,,,
142715,,,,,,,,,,,,,,,,,,,,,,79848,,,,,,,
142793,,,,,,,,,,,,,,,,,,,26602,,,,,,,,,,
142995,59500,61700,60500,58500,58500,70000,1.2e+06,1.2e+06,1.2e+06,1.2e+06,1.596e+06,1.596e+06,,122112.706,,,,,,,,,,100,100,0.990099,3,100,100
143063,,,,,,,,,,,,,,,,,,,,,,,35157,,,,,,
143215,,,,,,,,,,,,,,,,,,,,,,80128,,,,,,,
143297,,,,,,,,,,,,,,,,,,,26696,,,,,,,,,,
143564,,,,,,,,,,,,,,,,,,,,,,,35280,,,,,,
143695,,,,,,,,,,,,,,,,,,46,,,,,,,,,,,
143715,,,,,,,,,,,,,,,,,,,,,,80408,,,,,,,
143801,,,,,,,,,,,,,,,,,,,26790,,,,,,,,,,
143995,59500,61700,60500,58300,58700,70000,1.2e+06,1.2e+06,1.2e+06,1.2e+06,1.596e+06,1.596e+06,,122122.073,,,,,,,,,,100,100,0,0,100,100
144063,,,,,,,,,,,,,,,,,,,,,,,35403,,,,,,
144215,,,,,,,,,,,,,,,,,,,,,,80688,,,,,,,
144305,,,,,,,,,,,,,,,,,,,26884,,,,,,,,,,
144565,,,,,,,,,,,,,,,,,,,,,,,35526,,,,,,
144714,,,,,,,,,,,,,,,,,,,,,,80968,,,,,,,
144809,,,,,,,,,,,,,,,,,,,26978,,,,,,,,,,
144994,59100,61900,60500,58700,58700,70000,1.2e+06,1.2e+06,1.2e+06,1.2e+06,1.596e+06,1.596e+06,,122131.363,,,,,,,,,,100,100,0,2,100,100
145065,,,,,,,,,,,,,,,,,,,,,,,35649,,,,,,
145214,,,,,,,,,,,,,,,,,,,,,,81248,,,,,,,
145313,,,,,,,,,,,,,,,,,,,27072,,,,,,,,,,
145565,,,,,,,,,,,,,,,,,,,,,,,35772,,,,,,
145714,,,,,,,,,,,,,,,,,,,,,,81528,,,,,,,
145817,,,,,,,,,,,,,,,,,,,27166,,,,,,,,,,
145994,59500,61700,60700,58700,58700,70000,1.2e+06,1.2e+06,1.2e+06,1.2e+06,1.596e+06,1.596e+06,,122140.742,,,,,,,,,,100,100,1.9802,2.9703,100,100
146067,,,,,,,,,,,,,,,,,,,,,,,35896,,,,,,
146214,,,,,,,,,,,,,,,,,,,,,,81808,,,,,,,
146321,,,,,,,,,,,,,,,,,,,27260,,,,,,,,,,
146568,,,,,,,,,,,,,,,,,,,,,,,36019,,,,,,
146716,,,,,,,,,,,,,,,,,,,,,,82089,,,,,,,
146811,,,,,,,,,,,,,,,,,,47,,,,,,,,,,,
146825,,,,,,,,,,,,,,,,,,,27354,,,,,,,,,,
146995,59500,61900,60700,58700,58700,70000,1.2e+06,1.2e+06,1.2e+06,1.2e+06,1.596e+06,1.596e+06,,122150.111,,,,,,,,,,99.0099,100,0.990099,0,100,100
147071,,,,,,,,,,,,,,,,,,,,,,,36143,,,,,,
147216,,,,,,,,,,,,,,,,,,,,,,82369,,,,,,,
147329,,,,,,,,,,,,,,,,,,,27448,,,,,,,,,,
147571,,,,,,,,,,,,,,,,,,,,,,,36266,,,,,,
147716,,,,,,,,,,,,,,,,,,,,,,82649,,,,,,,
147832,,,,,,,,,,,,,,,,,,,27542,,,,,,,,,,
147995,59500,61700,60700,58700,58900,70000,1.2e+06,1.2e+06,1.2e+06,1.2e+06,1.596e+06,1.596e+06,,122159.485,,,,,,,,,,100,100,0.990099,2.9703,99.0099,100
148073,,,,,,,,,,,,,,,,,,,,,,,36390,,,,,,
148216,,,,,,,,,,,,,,,,,,,,,,82929,,,,,,,
148337,,,,,,,,,,,,,,,,,,,27636,,,,,,,,,,
148575,,,,,,,,,,,,,,,,,,,,,,,36514,,,,,,
148715,,,,,,,,,,,,,,,,,,,,,,83209,,,,,,,
148840,,,,,,,,,,,,,,,,,,,27730,,,,,,,,,,
148994,59500,61700,60700,58700,58700,70000,1.2e+06,1.2e+06,1.2e+06,1.2e+06,1.596e+06,1.596e+06,,122168.769,,,,,,,,,,100,100,0,2,100,100
149077,,,,,,,,,,,,,,,,,,,,,,,36638,,,,,,
149215,,,,,,,,,,,,,,,,,,,,,,83489,,,,,,,
149344,,,,,,,,,,,,,,,,,,,27824,,,,,,,,,,
149577,,,,,,,,,,,,,,,,,,,,,,,36761,,,,,,
149717,,,,,,,,,,,,,,,,,,,,,,83770,,,,,,,
149848,,,,,,,,,,,,,,,,,,,27918,,,,,,,,,,
149926,,,,,,,,,,,,,,,,,,48,,,,,,,,,,,
149995,59500,61900,60700,58900,58700,70000,1.2e+06,1.2e+06,1.2e+06,1.2e+06,1.596e+06,1.596e+06,,122178.146,,,,,,,,,,100,100,0,1.0101,100,100
150079,,,,,,,,,,,,,,,,,,,,,,,36885,,,,,,
150217,,,,,,,,,,,,,,,,,,,,,,84050,,,,,,,
150352,,,,,,,,,,,,,,,,,,,28012,,,,,,,,,,
150581,,,,,,,,,,,,,,,,,,,,,,,37009,,,,,,
150717,,,,,,,,,,,,,,,,,,,,,,84330,,,,,,,
150856,,,,,,,,,,,,,,,,,,,28106,,,,,,,,,,
150995,59500,61700,60500,58900,58700,70000,1.2e+06,1.2e+06,1.2e+06,1.2e+06,1.596e+06,1.596e+06,27.196,122187.526,,,,,,,,,,100,100,1,2,100,100
151081,,,,,,,,,,,,,,,,,,,,,,,37132,,,,,,
151217,,,,,,,,,,,,,,,,,,,,,,84610,,,,,,,
151360,,,,,,,,,,,,,,,,,,,28200,,,,,,,,,,
151585,,,,,,,,,,,,,,,,,,,,,,,37256,,,,,,
151716,,,,,,,,,,,,,,,,,,,,,,84890,,,,,,,
151864,,,,,,,,,,,,,,,,,,,28294,,,,,,,,,,
151994,59500,61900,60700,58700,59100,70000,1.2e+06,1.2e+06,1.2e+06,1.2e+06,1.596e+06,1.596e+06,,122196.812,,,,,,,,,,100,100,0.990099,1.0101,100,100
152086,,,,,,,,,,,,,,,,,,,,,,,37380,,,,,,
152216,,,,,,,,,,,,,,,,,,,,,,85170,,,,,,,
152368,,,,,,,,,,,,,,,,,,,28388,,,,,,,,,,
152587,,,,,,,,,,,,,,,,,,,,,,,37503,,,,,,
152716,,,,,,,,,,,,,,,,,,,,,,85450,,,,,,,
152872,,,,,,,,,,,,,,,,,,,28482,,,,,,,,,,
152995,59500,61700,60700,58900,58700,70000,1.2e+06,1.2e+06,1.2e+06,1.2e+06,1.596e+06,1.596e+06,,122206.197,,,,,,,,,,100,100,0.990099,1.0101,100,100
153042,,,,,,,,,,,,,,,,,,49,,,,,,,,,,,
153090,,,,,,,,,,,,,,,,,,,,,,,37627,,,,,,
153218,,,,,,,,,,,,,,,,,,,,,,85731,,,,,,,
153376,,,,,,,,,,,,,,,,,,,28576,,,,,,,,,,
153593,,,,,,,,,,,,,,,,,,,,,,,37751,,,,,,
153718,,,,,,,,,,,,,,,,,,,,,,86011,,,,,,,
153880,,,,,,,,,,,,,,,,,,,28670,,,,,,,,,,
153994,59700,61900,60700,58700,58700,70000,1.2e+06,1.2e+06,1.2e+06,1.2e+06,1.596e+06,1.596e+06,,122215.482,,,,,,,,,,100,100,0,1.0101,100,100
154092,,,,,,,,,,,,,,,,,,,,,,,37874,,,,,,
154218,,,,,,,,,,,,,,,,,,,,,,86291,,,,,,,
154384,,,,,,,,,,,,,,,,,,,28764,,,,,,,,,,
154593,,,,,,,,,,,,,,,,,,,,,,,37997,,,,,,
154718,,,,,,,,,,,,,,,,,,,,,,86571,,,,,,,
154888,,,,,,,,,,,,,,,,,,,28858,,,,,,,,,,
154994,59500,62100,60700,58900,58900,70000,1.2e+06,1.2e+06,1.2e+06,1.2e+06,1.596e+06,1.596e+06,,122224.859,,,,,,,,,,100,100,0.990099,2.9703,100,100
155092,,,,,,,,,,,,,,,,,,,,,,,38120,,,,,,
155217,,,,,,,,,,,,,,,,,,,,,,86851,,,,,,,
155392,,,,,,,,,,,,,,,,,,,28952,,,,,,,,,,
155595,,,,,,,,,,,,,,,,,,,,,,,38243,,,,,,
155717,,,,,,,,,,,,,,,,,,,,,,87131,,,,,,,
155896,,,,,,,,,,,,,,,,,,,29046,,,,,,,,,,
155995,59700,61700,60700,58700,59100,70000,1.2e+06,1.2e+06,1.2e+06,1.2e+06,1.596e+06,1.596e+06,,122234.160,,,,,,,,,,100,100,0,0,100,100
156095,,,,,,,,,,,,,,,,,,,,,,,38366,,,,,,
156157,,,,,,,,,,,,,,,,,,50,,,,,,,,,,,
156217,,,,,,,,,,,,,,,,,,,,,,87411,,,,,,,
156400,,,,,,,,,,,,,,,,,,,29140,,,,,,,,,,
156595,,,,,,,,,,,,,,,,,,,,,,,38489,,,,,,
156719,,,,,,,,,,,,,,,,,,,,,,87692,,,,,,,
156904,,,,,,,,,,,,,,,,,,,29234,,,,,,,,,,
156995,59500,61700,60900,58900,59100,70000,1.2e+06,1.2e+06,1.2e+06,1.2e+06,1.596e+06,1.596e+06,,122243.541,,,,,,,,,,100,100,1,1.0101,100,100
157098,,,,,,,,,,,,,,,,,,,,,,,38613,,,,,,
157219,,,,,,,,,,,,,,,,,,,,,,87972,,,,,,,
157408,,,,,,,,,,,,,,,,,,,29328,,,,,,,,,,
157600,,,,,,,,,,,,,,,,,,,,,,,38737,,,,,,
157719,,,,,,,,,,,,,,,,,,,,,,88252,,,,,,,
157912,,,,,,,,,,,,,,,,,,,29422,,,,,,,,,,
157995,59500,62100,60700,58700,58900,70000,1.2e+06,1.2e+06,1.2e+06,1.2e+06,1.596e+06,1.596e+06,,122252.839,,,,,,,,,,100,100,0.990099,0,100,100
158102,,,,,,,,,,,,,,,,,,,,,,,38861,,,,,,
158219,,,,,,,,,,,,,,,,,,,,,,88532,,,,,,,
158416,,,,,,,,,,,,,,,,,,,29516,,,,,,,,,,
158605,,,,,,,,,,,,,,,,,,,,,,,38985,,,,,,
158718,,,,,,,,,,,,,,,,,,,,,,88812,,,,,,,
158920,,,,,,,,,,,,,,,,,,,29610,,,,,,,,,,
158995,59500,61900,60700,58700,58700,70000,1.2e+06,1.2e+06,1.2e+06,1.2e+06,1.596e+06,1.596e+06,,122262.222,,,,,,,,,,100,100,0.990099,2.9703,100,100
159104,,,,,,,,,,,,,,,,,,,,,,,39108,,,,,,
159218,,,,,,,,,,,,,,,,,,,,,,89092,,,,,,,
159272,,,,,,,,,,,,,,,,,,51,,,,,,,,,,,
159423,,,,,,,,,,,,,,,,,,,29704,,,,,,,,,,
159604,,,,,,,,,,,,,,,,,,,,,,,39231,,,,,,
159720,,,,,,,,,,,,,,,,,,,,,,89373,,,,,,,
159927,,,,,,,,,,,,,,,,,,,29798,,,,,,,,,,
159995,59500,62100,60700,58700,59100,70000,1.2e+06,1.2e+06,1.2e+06,1.2e+06,1.596e+06,1.596e+06,,122271.611,,,,,,,,,,100,100,0,0,100,100
160108,,,,,,,,,,,,,,,,,,,,,,,39355,,,,,,
160220,,,,,,,,,,,,,,,,,,,,,,89653,,,,,,,
160432,,,,,,,,,,,,,,,,,,,29892,,,,,,,,,,
160611,,,,,,,,,,,,,,,,,,,,,,,39479,,,,,,
160720,,,,,,,,,,,,,,,,,,,,,,89933,,,,,,,
160935,,,,,,,,,,,,,,,,,,,29986,,,,,,,,,,
160995,59900,62100,61100,59100,59100,70000,1.2e+06,1.2e+06,1.2e+06,1.2e+06,1.596e+06,1.596e+06,27.206,122280.907,,,,,,,,,,100,100,0,2,100,100
161113,,,,,,,,,,,,,,,,,,,,,,,39603,,,,,,
161220,,,,,,,,,,,,,,,,,,,,,,90213,,,,,,,
161440,,,,,,,,,,,,,,,,,,,30080,,,,,,,,,,
161612,,,,,,,,,,,,,,,,,,,,,,,39726,,,,,,
161719,,,,,,,,,,,,,,,,,,,,,,90493,,,,,,,
161943,,,,,,,,,,,,,,,,,,,30174,,,,,,,,,,
161995,59900,62100,61100,59100,59100,70000,1.2e+06,1.2e+06,1.2e+06,1.2e+06,1.596e+06,1.596e+06,,122290.285,,,,,,,,,,100,100,1,0,100,100
162116,,,,,,,,,,,,,,,,,,,,,,,39850,,,,,,
162219,,,,,,,,,,,,,,,,,,,,,,90773,,,,,,,
162388,,,,,,,,,,,,,,,,,,52,,,,,,,,,,,
162447,,,,,,,,,,,,,,,,,,,30268,,,,,,,,,,
162615,,,,,,,,,,,,,,,,,,,,,,,39973,,,,,,
162719,,,,,,,,,,,,,,,,,,,,,,91053,,,,,,,
162951,,,,,,,,,,,,,,,,,,,30362,,,,,,,,,,
162995,60100,62100,60900,59100,59100,70000,1.2e+06,1.2e+06,1.2e+06,1.2e+06,1.596e+06,1.596e+06,,122299.587,,,,,,,,,,100,100,0,0,100,100
163118,,,,,,,,,,,,,,,,,,,,,,,40096,,,,,,
163219,,,,,,,,,,,,,,,,,,,,,,91333,,,,,,,
163455,,,,,,,,,,,,,,,,,,,30456,,,,,,,,,,
163617,,,,,,,,,,,,,,,,,,,,,,,40219,,,,,,
163721,,,,,,,,,,,,,,,,,,,,,,91614,,,,,,,
163959,,,,,,,,,,,,,,,,,,,30550,,,,,,,,,,
163995,59900,62500,61100,59300,59100,70000,1.2e+06,1.2e+06,1.2e+06,1.2e+06,1.596e+06,1.596e+06,,122308.974,,,,,,,,,,100,100,0.990099,2.9703,100,100
164118,,,,,,,,,,,,,,,,,,,,,,,40342,,,,,,
164221,,,,,,,,,,,,,,,,,,,,,,91894,,,,,,,
164463,,,,,,,,,,,,,,,,,,,30644,,,,,,,,,,
164618,,,,,,,,,,,,,,,,,,,,,,,40465,,,,,,
164721,,,,,,,,,,,,,,,,,,,,,,92174,,,,,,,
164967,,,,,,,,,,,,,,,,,,,30738,,,,,,,,,,
164995,59900,62100,61100,59100,59100,70000,1.2e+06,1.2e+06,1.2e+06,1.2e+06,1.596e+06,1.596e+06,,122318.265,,,,,,,,,,100,100,0,1.0101,100,100
165118,,,,,,,,,,,,,,,,,,,,,,,40588,,,,,,
165221,,,,,,,,,,,,,,,,,,,,,,92454,,,,,,,
165471,,,,,,,,,,,,,,,,,,,30832,,,,,,,,,,
165504,,,,,,,,,,,,,,,,,,53,,,,,,,,,,,
165620,,,,,,,,,,,,,,,,,,,,,,,40712,,,,,,
165720,,,,,,,,,,,,,,,,,,,,,,92734,,,,,,,
165975,,,,,,,,,,,,,,,,,,,30926,,,,,,,,,,
165994,60100,62300,61300,59100,59100,70000,1.2e+06,1.2e+06,1.2e+06,1.2e+06,1.596e+06,1.596e+06,,122327.655,,,,,,,,,,100,100,2.91262,0,100,100
166123,,,,,,,,,,,,,,,,,,,,,,,40836,,,,,,
166220,,,,,,,,,,,,,,,,,,,,,,93014,,,,,,,
166479,,,,,,,,,,,,,,,,,,,31020,,,,,,,,,,
166623,,,,,,,,,,,,,,,,,,,,,,,40959,,,,,,
166720,,,,,,,,,,,,,,,,,,,,,,93294,,,,,,,
166983,,,,,,,,,,,,,,,,,,,31114,,,,,,,,,,
166995,59900,62300,61500,59300,59300,70000,1.2e+06,1.2e+06,1.2e+06,1.2e+06,1.596e+06,1.596e+06,,122336.956,,,,,,,,,,100,100,0,1.0101,100,100
167126,,,,,,,,,,,,,,,,,,,,,,,41083,,,,,,
167220,,,,,,,,,,,,,,,,,,,,,,93574,,,,,,,
167487,,,,,,,,,,,,,,,,,,,31208,,,,,,,,,,
167627,,,,,,,,,,,,,,,,,,,,,,,41206,,,,,,
167722,,,,,,,,,,,,,,,,,,,,,,93855,,,,,,,
167991,,,,,,,,,,,,,,,,,,,31302,,,,,,,,,,
167995,60100,62500,61500,59500,59300,70000,1.2e+06,1.2e+06,1.2e+06,1.2e+06,1.596e+06,1.596e+06,,122346.346,,,,,,,,,,100,100,0,1.0101,100,100
168129,,,,,,,,,,,,,,,,,,,,,,,41330,,,,,,
168222,,,,,,,,,,,,,,,,,,,,,,94135,,,,,,,
168495,,,,,,,,,,,,,,,,,,,31396,,,,,,,,,,
168619,,,,,,,,,,,,,,,,,,54,,,,,,,,,,,
168630,,,,,,,,,,,,,,,,,,,,,,,41453,,,,,,
168722,,,,,,,,,,,,,,,,,,,,,,94415,,,,,,,
168995,60300,62100,61100,59300,59500,70000,1.2e+06,1.2e+06,1.2e+06,1.2e+06,1.596e+06,1.596e+06,,122355.736,,,,,,,,,,100,100,0.990099,2.9703,100,100
168999,,,,,,,,,,,,,,,,,,,31490,,,,,,,,,,
169131,,,,,,,,,,,,,,,,,,,,,,,41576,,,,,,
169222,,,,,,,,,,,,,,,,,,,,,,94695,,,,,,,
169503,,,,,,,,,,,,,,,,,,,31584,,,,,,,,,,
169635,,,,,,,,,,,,,,,,,,,,,,,41700,,,,,,
169721,,,,,,,,,,,,,,,,,,,,,,94975,,,,,,,
169994,60100,62500,61500,59300,59100,70000,1.2e+06,1.2e+06,1.2e+06,1.2e+06,1.596e+06,1.596e+06,,122365.038,,,,,,,,,,100,100,0,0,100,100
170007,,,,,,,,,,,,,,,,,,,31678,,,,,,,,,,
170137,,,,,,,,,,,,,,,,,,,,,,,41824,,,,,,
170221,,,,,,,,,,,,,,,,,,,,,,95255,,,,,,,
170510,,,,,,,,,,,,,,,,,,,31772,,,,,,,,,,
170640,,,,,,,,,,,,,,,,,,,,,,,41948,,,,,,
170723,,,,,,,,,,,,,,,,,,,,,,95536,,,,,,,
170995,60100,62300,61500,59500,59300,70000,1.2e+06,1.2e+06,1.2e+06,1.2e+06,1.596e+06,1.596e+06,27.206,122372.022,,,,,,,,,,100,100,0.990099,2.9703,100,100
171015,,,,,,,,,,,,,,,,,,,31866,,,,,,,,,,
171142,,,,,,,,,,,,,,,,,,,,,,,42072,,,,,,
171223,,,,,,,,,,,,,,,,,,,,,,95816,,,,,,,
171519,,,,,,,,,,,,,,,,,,,31960,,,,,,,,,,
171643,,,,,,,,,,,,,,,,,,,,,,,42196,,,,,,
171723,,,,,,,,,,,,,,,,,,,,,,96096,,,,,,,
171734,,,,,,,,,,,,,,,,,,55,,,,,,,,,,,
171995,59900,62500,61500,59100,59100,70000,1.2e+06,1.2e+06,1.2e+06,1.2e+06,1.596e+06,1.596e+06,,122381.419,,,,,,,,,,100,100,0.990099,1.0101,100,100
172023,,,,,,,,,,,,,,,,,,,32054,,,,,,,,,,
172145,,,,,,,,,,,,,,,,,,,,,,,42320,,,,,,
172223,,,,,,,,,,,,,,,,,,,,,,96376,,,,,,,
172527,,,,,,,,,,,,,,,,,,,32148,,,,,,,,,,
172648,,,,,,,,,,,,,,,,,,,,,,,42444,,,,,,
172722,,,,,,,,,,,,,,,,,,,,,,96656,,,,,,,
172994,60300,62300,61300,59300,59500,70000,1.2e+06,1.2e+06,1.2e+06,1.2e+06,1.596e+06,1.596e+06,,122390.726,,,,,,,,,,100,100,1.9802,1,100,100
173031,,,,,,,,,,,,,,,,,,,32242,,,,,,,,,,
173147,,,,,,,,,,,,,,,,,,,,,,,42567,,,,,,
173222,,,,,,,,,,,,,,,,,,,,,,96936,,,,,,,
173535,,,,,,,,,,,,,,,,,,,32336,,,,,,,,,,
173648,,,,,,,,,,,,,,,,,,,,,,,42690,,,,,,
173722,,,,,,,,,,,,,,,,,,,,,,97216,,,,,,,
173995,60100,62500,61100,59300,59300,70000,1.2e+06,1.2e+06,1.2e+06,1.2e+06,1.596e+06,1.596e+06,,122400.128,,,,,,,,,,100,100,0,2.9703,100,100
174038,,,,,,,,,,,,,,,,,,,32430,,,,,,,,,,
174151,,,,,,,,,,,,,,,,,,,,,,,42814,,,,,,
174222,,,,,,,,,,,,,,,,,,,,,,97496,,,,,,,
174542,,,,,,,,,,,,,,,,,,,32524,,,,,,,,,,
174653,,,,,,,,,,,,,,,,,,,,,,,42938,,,,,,
174724,,,,,,,,,,,,,,,,,,,,,,97777,,,,,,,
174849,,,,,,,,,,,,,,,,,,56,,,,,,,,,,,
174995,60100,62300,61500,59500,59500,70000,1.2e+06,1.2e+06,1.2e+06,1.2e+06,1.596e+06,1.596e+06,,122409.442,,,,,,,,,,100,100,0,1.0101,100,100
175046,,,,,,,,,,,,,,,,,,,32618,,,,,,,,,,
175155,,,,,,,,,,,,,,,,,,,,,,,43062,,,,,,
175224,,,,,,,,,,,,,,,,,,,,,,98057,,,,,,,
175550,,,,,,,,,,,,,,,,,,,32712,,,,,,,,,,
175655,,,,,,,,,,,,,,,,,,,,,,,43185,,,,,,
175724,,,,,,,,,,,,,,,,,,,,,,98337,,,,,,,
175995,59900,62300,61300,59500,59500,70000,1.2e+06,1.2e+06,1.2e+06,1.2e+06,1.596e+06,1.596e+06,,122418.831,,,,,,,,,,100,100,0,1.0101,100,100
176054,,,,,,,,,,,,,,,,,,,32806,,,,,,,,,,
176155,,,,,,,,,,,,,,,,,,,,,,,43308,,,,,,
176224,,,,,,,,,,,,,,,,,,,,,,98617,,,,,,,
176558,,,,,,,,,,,,,,,,,,,32900,,,,,,,,,,
176657,,,,,,,,,,,,,,,,,,,,,,,43432,,,,,,
176723,,,,,,,,,,,,,,,,,,,,,,98897,,,,,,,
176995,60300,62300,61500,59100,59500,70000,1.2e+06,1.2e+06,1.2e+06,1.2e+06,1.596e+06,1.596e+06,,122428.246,,,,,,,,,,100,100,0.990099,1.0101,100,100
177062,,,,,,,,,,,,,,,,,,,32994,,,,,,,,,,
177159,,,,,,,,,,,,,,,,,,,,,,,43556,,,,,,
177223,,,,,,,,,,,,,,,,,,,,,,99177,,,,,,,
177566,,,,,,,,,,,,,,,,,,,33088,,,,,,,,,,
177659,,,,,,,,,,,,,,,,,,,,,,,43679,,,,,,
177725,,,,,,,,,,,,,,,,,,,,,,99458,,,,,,,
177964,,,,,,,,,,,,,,,,,,57,,,,,,,,,,,
177995,59900,62500,61300,59500,59300,70000,1.2e+06,1.2e+06,1.2e+06,1.2e+06,1.596e+06,1.596e+06,,122437.544,,,,,,,,,,100,100,1,1.0101,100,100
178070,,,,,,,,,,,,,,,,,,,33182,,,,,,,,,,
178162,,,,,,,,,,,,,,,,,,,,,,,43803,,,,,,
178225,,,,,,,,,,,,,,,,,,,,,,99738,,,,,,,
178574,,,,,,,,,,,,,,,,,,,33276,,,,,,,,,,
178664,,,,,,,,,,,,,,,,,,,,,,,43927,,,,,,
178725,,,,,,,,,,,,,,,,,,,,,,100018,,,,,,,
178994,60300,62300,61300,59500,59500,70000,1.2e+06,1.2e+06,1.2e+06,1.2e+06,1.596e+06,1.596e+06,,122446.952,,,,,,,,,,100,100,0.990099,2,100,100
179078,,,,,,,,,,,,,,,,,,,33370,,,,,,,,,,
179164,,,,,,,,,,,,,,,,,,,,,,,44050,,,,,,
179224,,,,,,,,,,,,,,,,,,,,,,100298,,,,,,,
179582,,,,,,,,,,,,,,,,,,,33464,,,,,,,,,,
179665,,,,,,,,,,,,,,,,,,,,,,,44173,,,,,,
179724,,,,,,,,,,,,,,,,,,,,,,100578,,,,,,,
179995,60300,62500,61300,59300,59500,70000,1.2e+06,1.2e+06,1.2e+06,1.2e+06,1.596e+06,1.596e+06,,122456.269,,,,,,,,,,100,100,1,2.9703,100,100
