# Started at: 2022-05-04 05:37:28 +0000, Version: v0.1-177-gf3f14d1, Generated by: thermobench --verbose --fan-cmd=fan --fan-on=0 --time=180 --wait=50 --wait-timeout=60 --sensors_file=/root/thermobench/src/sensors.imx8 --cpu-usage --column=CPU0_work_done --column=CPU1_work_done --column=CPU2_work_done --column=CPU3_work_done --column=CPU4_work_done --column=CPU5_work_done --output=/root/JSA/lr_experiment/measurements/imx8a//37_0_0_0_36_0.json.yaml.csv -- demos-sched -p high -c /root/JSA/lr_experiment/demos_configurations/imx8a//37_0_0_0_36_0.json.yaml
time/ms,CPU_0_temp/m°C,CPU_1_temp/m°C,GPU_0_temp/m°C,GPU_1_temp/m°C,DRC_temp/m°C,PMIC_temp/m°C,Cortex_A53_0_freq/Hz,Cortex_A53_1_freq/Hz,Cortex_A53_2_freq/Hz,Cortex_A53_3_freq/Hz,Cortex_A72_0_freq/Hz,Cortex_A72_1_freq/Hz,ambient,energy,cam_cpu,cam_mem,heat_sources,CPU0_work_done,CPU1_work_done,CPU2_work_done,CPU3_work_done,CPU4_work_done,CPU5_work_done,CPU0_load/%,CPU1_load/%,CPU2_load/%,CPU3_load/%,CPU4_load/%,CPU5_load/%
1.1299,48100,49500,49700,47900,48500,70000,600000,600000,600000,600000,600000,600000,,,,,,,,,,,,50,0,0,0,0,33.3333
159.194,,,,,,,,,,,,,,,,,,0,,,,,,,,,,,
658.998,,,,,,,,,,,,,,,,,,339,,,,,,,,,,,
994.121,48700,50300,49900,48100,48700,70000,1.2e+06,1.2e+06,1.2e+06,1.2e+06,1.596e+06,1.596e+06,26.155,430902.946,,,,,,,,,,88,6,1.0101,2,87.8788,2.06186
1158.98,,,,,,,,,,,,,,,,,,679,,,,,,,,,,,
1658.28,,,,,,,,,,,,,,,,,,1019,,,,,,,,,,,
1994.27,48700,50300,49700,47700,48700,70000,1.2e+06,1.2e+06,1.2e+06,1.2e+06,1.596e+06,1.596e+06,,430911.006,,,,,,,,,,100,0,0,1,100,0
2158.15,,,,,,,,,,,,,,,,,,1359,,,,,,,,,,,
2658.85,,,,,,,,,,,,,,,,,,1700,,,,,,,,,,,
2993.66,48500,50300,49700,47700,48500,70000,1.2e+06,1.2e+06,1.2e+06,1.2e+06,1.596e+06,1.596e+06,,430919.124,,,,,,,,,,100,0.990099,0,0,100,0
3158.48,,,,,,,,,,,,,,,,,,2040,,,,,,,,,,,
3659.11,,,,,,,,,,,,,,,,,,2381,,,,,,,,,,,
3993.98,48700,50300,49500,47900,48500,70000,1.2e+06,1.2e+06,1.2e+06,1.2e+06,1.596e+06,1.596e+06,,430927.264,,,,,,,,,,100,0,0,1,100,0
4158.94,,,,,,,,,,,,,,,,,,2721,,,,,,,,,,,
4658.25,,,,,,,,,,,,,,,,,,3061,,,,,,,,,,,
4993.93,48900,50300,49700,48300,48500,70000,1.2e+06,1.2e+06,1.2e+06,1.2e+06,1.596e+06,1.596e+06,,430935.299,,,,,,,,,,100,0,0,1,100,0
5159.32,,,,,,,,,,,,,,,,,,3402,,,,,,,,,,,
5660.02,,,,,,,,,,,,,,,,,,3743,,,,,,,,,,,
5664.63,,,,,,,,,,,,,,,,,,,,,,30,,,,,,,
5993.89,48900,50300,49700,48100,49100,70000,1.2e+06,1.2e+06,1.2e+06,1.2e+06,1.596e+06,1.596e+06,,430943.442,,,,,,,,,,100,0,0.990099,0,100,0
6159.81,,,,,,,,,,,,,,,,,,4083,,,,,,,,,,,
6660.42,,,,,,,,,,,,,,,,,,4424,,,,,,,,,,,
6994.1,49100,50700,49900,48100,48900,70000,1.2e+06,1.2e+06,1.2e+06,1.2e+06,1.596e+06,1.596e+06,,430951.498,,,,,,,,,,100,0,0,0.990099,100,0
7161.48,,,,,,,,,,,,,,,,,,4765,,,,,,,,,,,
7234.01,,,,,,,,,,,,,,,,,,,,,,39,,,,,,,
7662.11,,,,,,,,,,,,,,,,,,5106,,,,,,,,,,,
7993.95,49300,50700,50100,48300,48900,70000,1.2e+06,1.2e+06,1.2e+06,1.2e+06,1.596e+06,1.596e+06,,430959.650,,,,,,,,,,100,0,0,1.9802,100,0
8161.86,,,,,,,,,,,,,,,,,,5446,,,,,,,,,,,
8662.42,,,,,,,,,,,,,,,,,,5787,,,,,,,,,,,
8994.09,49300,50700,50100,48500,49300,70000,1.2e+06,1.2e+06,1.2e+06,1.2e+06,1.596e+06,1.596e+06,,430967.787,,,,,,,,,,100,0.990099,0,1,100,0
9163.44,,,,,,,,,,,,,,,,,,6128,,,,,,,,,,,
9664.02,,,,,,,,,,,,,,,,,,6469,,,,,,,,,,,
9993.9,49100,50900,50300,48500,49300,70000,1.2e+06,1.2e+06,1.2e+06,1.2e+06,1.596e+06,1.596e+06,,430975.838,,,,,,,,,,100,0,0,1,100,0
10163.8,,,,,,,,,,,,,,,,,,6809,,,,,,,,,,,
10664.6,,,,,,,,,,,,,,,,,,7150,,,,,,,,,,,
10994.4,49300,50700,50100,48500,49100,70000,1.2e+06,1.2e+06,1.2e+06,1.2e+06,1.596e+06,1.596e+06,26.134,430983.993,,,,,,,,,,100,0,0,1,100,0
11164.4,,,,,,,,,,,,,,,,,,7490,,,,,,,,,,,
11664.8,,,,,,,,,,,,,,,,,,7831,,,,,,,,,,,
11993.7,49300,50900,50300,48700,49100,70000,1.2e+06,1.2e+06,1.2e+06,1.2e+06,1.596e+06,1.596e+06,,430992.059,,,,,,,,,,100,0,0.990099,0,100,0
12164.6,,,,,,,,,,,,,,,,,,8171,,,,,,,,,,,
12665.2,,,,,,,,,,,,,,,,,,8512,,,,,,,,,,,
12993.9,49500,51100,50500,48700,49500,70000,1.2e+06,1.2e+06,1.2e+06,1.2e+06,1.596e+06,1.596e+06,,431000.222,,,,,,,,,,100,0,0.990099,1,100,0
13166.3,,,,,,,,,,,,,,,,,,8853,,,,,,,,,,,
13666.9,,,,,,,,,,,,,,,,,,9194,,,,,,,,,,,
13993.7,49700,51100,50700,48700,49500,70000,1.2e+06,1.2e+06,1.2e+06,1.2e+06,1.596e+06,1.596e+06,,431008.378,,,,,,,,,,100,0,0,1,100,0
14166.7,,,,,,,,,,,,,,,,,,9534,,,,,,,,,,,
14667.5,,,,,,,,,,,,,,,,,,9875,,,,,,,,,,,
14994.3,50100,51500,51100,49100,49700,70000,1.2e+06,1.2e+06,1.2e+06,1.2e+06,1.596e+06,1.596e+06,,431016.443,,,,,,,,,,100,1,0,1,100,0
15167.3,,,,,,,,,,,,,,,,,,10215,,,,,,,,,,,
15667.9,,,,,,,,,,,,,,,,,,10556,,,,,,,,,,,
15993.8,50100,51500,50900,49100,49700,70000,1.2e+06,1.2e+06,1.2e+06,1.2e+06,1.596e+06,1.596e+06,,431024.599,,,,,,,,,,100,0.990099,0,1,100,0
16167.7,,,,,,,,,,,,,,,,,,10896,,,,,,,,,,,
16668.3,,,,,,,,,,,,,,,,,,11237,,,,,,,,,,,
16994.1,50100,51900,50900,49300,50100,70000,1.2e+06,1.2e+06,1.2e+06,1.2e+06,1.596e+06,1.596e+06,,431032.771,,,,,,,,,,100,0,0,1,100,0
17169.4,,,,,,,,,,,,,,,,,,11578,,,,,,,,,,,
17670.1,,,,,,,,,,,,,,,,,,11919,,,,,,,,,,,
17691.3,,,,,,,,,,,,,,,,,,,,,,99,,,,,,,
17993.9,50100,51900,51300,49300,50100,70000,1.2e+06,1.2e+06,1.2e+06,1.2e+06,1.596e+06,1.596e+06,,431040.854,,,,,,,,,,100,0,0,1,100,0
18169.8,,,,,,,,,,,,,,,,,,12259,,,,,,,,,,,
18670.5,,,,,,,,,,,,,,,,,,12600,,,,,,,,,,,
18994.3,50100,51700,51500,49300,49900,70000,1.2e+06,1.2e+06,1.2e+06,1.2e+06,1.596e+06,1.596e+06,,431049.011,,,,,,,,,,100,0,0,0.990099,100,0
19171.6,,,,,,,,,,,,,,,,,,12941,,,,,,,,,,,
19260,,,,,,,,,,,,,,,,,,,,,,108,,,,,,,
19672.3,,,,,,,,,,,,,,,,,,13282,,,,,,,,,,,
19993.8,50100,51900,51300,49700,50300,70000,1.2e+06,1.2e+06,1.2e+06,1.2e+06,1.596e+06,1.596e+06,,431057.084,,,,,,,,,,100,0,0,0,100,0
20172.5,,,,,,,,,,,,,,,,,,13621,,,,,,,,,,,
20673.4,,,,,,,,,,,,,,,,,,13962,,,,,,,,,,,
20994.1,50300,52100,51300,49700,50100,70000,1.2e+06,1.2e+06,1.2e+06,1.2e+06,1.596e+06,1.596e+06,26.123,431065.276,,,,,,,,,,100,0,0,2,100,0
21174.4,,,,,,,,,,,,,,,,,,14303,,,,,,,,,,,
21675.1,,,,,,,,,,,,,,,,,,14644,,,,,,,,,,,
21993.8,50500,52100,51300,49700,50300,70000,1.2e+06,1.2e+06,1.2e+06,1.2e+06,1.596e+06,1.596e+06,,431073.442,,,,,,,,,,100,0.990099,0,1,100,0
22174.9,,,,,,,,,,,,,,,,,,14984,,,,,,,,,,,
22674.3,,,,,,,,,,,,,,,,,,15324,,,,,,,,,,,
22994.1,50500,52300,51700,49900,50300,70000,1.2e+06,1.2e+06,1.2e+06,1.2e+06,1.596e+06,1.596e+06,,431081.637,,,,,,,,,,100,0,0,1,100,0
23175.4,,,,,,,,,,,,,,,,,,15665,,,,,,,,,,,
23676.1,,,,,,,,,,,,,,,,,,16006,,,,,,,,,,,
23993.9,50900,52100,51700,49700,50700,70000,1.2e+06,1.2e+06,1.2e+06,1.2e+06,1.596e+06,1.596e+06,,431089.736,,,,,,,,,,100,0,0,1.9802,100,0
24175.8,,,,,,,,,,,,,,,,,,16346,,,,,,,,,,,
24676.5,,,,,,,,,,,,,,,,,,16687,,,,,,,,,,,
24994.4,50900,52300,51900,50100,50500,70000,1.2e+06,1.2e+06,1.2e+06,1.2e+06,1.596e+06,1.596e+06,,431097.924,,,,,,,,,,100,0,0,1,100,0
25176.2,,,,,,,,,,,,,,,,,,17027,,,,,,,,,,,
25676.9,,,,,,,,,,,,,,,,,,17368,,,,,,,,,,,
25993.6,50900,52300,52100,50100,50700,70000,1.2e+06,1.2e+06,1.2e+06,1.2e+06,1.596e+06,1.596e+06,,431106.093,,,,,,,,,,100,0,0,0,100,0
26176.6,,,,,,,,,,,,,,,,,,17708,,,,,,,,,,,
26677.2,,,,,,,,,,,,,,,,,,18049,,,,,,,,,,,
26993.9,51300,52500,52100,50100,50700,70000,1.2e+06,1.2e+06,1.2e+06,1.2e+06,1.596e+06,1.596e+06,,431114.187,,,,,,,,,,100,0,0,1.9802,100,0
27178.2,,,,,,,,,,,,,,,,,,18390,,,,,,,,,,,
27678.9,,,,,,,,,,,,,,,,,,18731,,,,,,,,,,,
27993.8,51300,52600,52100,50100,50900,70000,1.2e+06,1.2e+06,1.2e+06,1.2e+06,1.596e+06,1.596e+06,,431122.372,,,,,,,,,,100,1,0,0,100,0
28178.8,,,,,,,,,,,,,,,,,,19071,,,,,,,,,,,
28679.6,,,,,,,,,,,,,,,,,,19412,,,,,,,,,,,
28994.3,51300,52600,52100,50300,51100,70000,1.2e+06,1.2e+06,1.2e+06,1.2e+06,1.596e+06,1.596e+06,,431130.488,,,,,,,,,,100,2.94118,0,0,100,0
29179.2,,,,,,,,,,,,,,,,,,19752,,,,,,,,,,,
29679.8,,,,,,,,,,,,,,,,,,20093,,,,,,,,,,,
29691.2,,,,,,,,,,,,,,,,,,,,,,168,,,,,,,
29993.5,51300,52600,52300,50300,51300,70000,1.2e+06,1.2e+06,1.2e+06,1.2e+06,1.596e+06,1.596e+06,,431138.685,,,,,,,,,,100,0,0,0,100,0
30179.5,,,,,,,,,,,,,,,,,,20433,,,,,,,,,,,
30679.8,,,,,,,,,,,,,,,,,,20773,,,,,,,,,,,
30993.7,51300,52600,52300,50700,51300,70000,1.2e+06,1.2e+06,1.2e+06,1.2e+06,1.596e+06,1.596e+06,26.112,431146.801,,,,,,,,,,100,1,0,0.990099,100,0
31179.5,,,,,,,,,,,,,,,,,,21113,,,,,,,,,,,
31257,,,,,,,,,,,,,,,,,,,,,,177,,,,,,,
31680.5,,,,,,,,,,,,,,,,,,21454,,,,,,,,,,,
31994.2,51300,53000,52500,50500,51100,70000,1.2e+06,1.2e+06,1.2e+06,1.2e+06,1.596e+06,1.596e+06,,431155.001,,,,,,,,,,100,1,0,0,100,0
32180.2,,,,,,,,,,,,,,,,,,21794,,,,,,,,,,,
32681,,,,,,,,,,,,,,,,,,22135,,,,,,,,,,,
32993.8,51500,52600,52300,50500,51300,70000,1.2e+06,1.2e+06,1.2e+06,1.2e+06,1.596e+06,1.596e+06,,431163.101,,,,,,,,,,100,0,0,0,100,0
33180.7,,,,,,,,,,,,,,,,,,22475,,,,,,,,,,,
33681.2,,,,,,,,,,,,,,,,,,22816,,,,,,,,,,,
33993.9,51900,53400,52500,50900,51300,70000,1.2e+06,1.2e+06,1.2e+06,1.2e+06,1.596e+06,1.596e+06,,431171.299,,,,,,,,,,100,1.9802,0,0,100,0
34182.4,,,,,,,,,,,,,,,,,,23157,,,,,,,,,,,
34683.3,,,,,,,,,,,,,,,,,,23498,,,,,,,,,,,
34993.7,51700,52800,52600,50500,51100,70000,1.2e+06,1.2e+06,1.2e+06,1.2e+06,1.596e+06,1.596e+06,,431179.505,,,,,,,,,,100,0,0,0,100,0
35184.4,,,,,,,,,,,,,,,,,,23839,,,,,,,,,,,
35685.2,,,,,,,,,,,,,,,,,,24180,,,,,,,,,,,
35994,51700,53200,53000,50900,51700,70000,1.2e+06,1.2e+06,1.2e+06,1.2e+06,1.596e+06,1.596e+06,,431185.596,,,,,,,,,,100,1.9802,0,0,100,0
36186.4,,,,,,,,,,,,,,,,,,24521,,,,,,,,,,,
36687.1,,,,,,,,,,,,,,,,,,24862,,,,,,,,,,,
36994,51700,53200,52800,50900,51300,70000,1.2e+06,1.2e+06,1.2e+06,1.2e+06,1.596e+06,1.596e+06,,431193.709,,,,,,,,,,100,0,0,0.990099,100,0
37186.7,,,,,,,,,,,,,,,,,,25202,,,,,,,,,,,
37687.3,,,,,,,,,,,,,,,,,,25543,,,,,,,,,,,
37994,51900,53400,52800,50900,51700,70000,1.2e+06,1.2e+06,1.2e+06,1.2e+06,1.596e+06,1.596e+06,,431201.917,,,,,,,,,,100,0,0,1,100,0
38188.5,,,,,,,,,,,,,,,,,,25884,,,,,,,,,,,
38689.2,,,,,,,,,,,,,,,,,,26225,,,,,,,,,,,
38994,51900,53400,52800,50900,51700,70000,1.2e+06,1.2e+06,1.2e+06,1.2e+06,1.596e+06,1.596e+06,,431210.115,,,,,,,,,,100,0,0.990099,1,100,0
39190.4,,,,,,,,,,,,,,,,,,26566,,,,,,,,,,,
39691.2,,,,,,,,,,,,,,,,,,26907,,,,,,,,,,,
39994,52100,53400,53000,51300,51700,70000,1.2e+06,1.2e+06,1.2e+06,1.2e+06,1.596e+06,1.596e+06,,431218.333,,,,,,,,,,100,0,0,1.9802,100,0
40192.5,,,,,,,,,,,,,,,,,,27248,,,,,,,,,,,
40693.2,,,,,,,,,,,,,,,,,,27589,,,,,,,,,,,
40994,52100,53800,53200,51300,51700,70000,1.2e+06,1.2e+06,1.2e+06,1.2e+06,1.596e+06,1.596e+06,26.112,431226.468,,,,,,,,,,100,1,0,1,100,0
41194.5,,,,,,,,,,,,,,,,,,27930,,,,,,,,,,,
41695.2,,,,,,,,,,,,,,,,,,28271,,,,,,,,,,,
41994.5,52100,53400,53000,51300,51700,70000,1.2e+06,1.2e+06,1.2e+06,1.2e+06,1.596e+06,1.596e+06,,431234.675,,,,,,,,,,100,0,0,1.9802,100,0
42196.3,,,,,,,,,,,,,,,,,,28612,,,,,,,,,,,
42697,,,,,,,,,,,,,,,,,,28953,,,,,,,,,,,
42716.8,,,,,,,,,,,,,,,,,,,,,,243,,,,,,,
42994.3,52100,53600,53000,51300,51700,70000,1.2e+06,1.2e+06,1.2e+06,1.2e+06,1.596e+06,1.596e+06,,431242.824,,,,,,,,,,100,0,0,0.990099,100,0
43196.7,,,,,,,,,,,,,,,,,,29293,,,,,,,,,,,
43697.3,,,,,,,,,,,,,,,,,,29634,,,,,,,,,,,
43993.5,52500,53800,53200,51300,51900,70000,1.2e+06,1.2e+06,1.2e+06,1.2e+06,1.596e+06,1.596e+06,,431250.945,,,,,,,,,,100,0,0,0,100,0
44198.6,,,,,,,,,,,,,,,,,,29975,,,,,,,,,,,
44279.8,,,,,,,,,,,,,,,,,,,,,,252,,,,,,,
44698.2,,,,,,,,,,,,,,,,,,30315,,,,,,,,,,,
44994.5,52100,53800,53400,51500,52100,70000,1.2e+06,1.2e+06,1.2e+06,1.2e+06,1.596e+06,1.596e+06,,431259.186,,,,,,,,,,100,0,0,0,100,0
45199.3,,,,,,,,,,,,,,,,,,30656,,,,,,,,,,,
45700.1,,,,,,,,,,,,,,,,,,30997,,,,,,,,,,,
45994.3,52300,53800,53400,51300,52100,70000,1.2e+06,1.2e+06,1.2e+06,1.2e+06,1.596e+06,1.596e+06,,431267.401,,,,,,,,,,100,0.990099,0,2.94118,100,0
46199.7,,,,,,,,,,,,,,,,,,31337,,,,,,,,,,,
46699.2,,,,,,,,,,,,,,,,,,31677,,,,,,,,,,,
46994.4,52500,53800,53400,51700,52300,70000,1.2e+06,1.2e+06,1.2e+06,1.2e+06,1.596e+06,1.596e+06,,431275.537,,,,,,,,,,100,1,0,1,100,0
47200.4,,,,,,,,,,,,,,,,,,32018,,,,,,,,,,,
47700.9,,,,,,,,,,,,,,,,,,32359,,,,,,,,,,,
47994.2,52500,54200,53400,51700,51900,70000,1.2e+06,1.2e+06,1.2e+06,1.2e+06,1.596e+06,1.596e+06,,431283.764,,,,,,,,,,100,1,1,0,100,0
48200.5,,,,,,,,,,,,,,,,,,32699,,,,,,,,,,,
48701.5,,,,,,,,,,,,,,,,,,33040,,,,,,,,,,,
48993.8,52500,54200,53600,51700,52300,70000,1.2e+06,1.2e+06,1.2e+06,1.2e+06,1.596e+06,1.596e+06,,431291.914,,,,,,,,,,100,1,0,0,100,0
49202.6,,,,,,,,,,,,,,,,,,33381,,,,,,,,,,,
49703.4,,,,,,,,,,,,,,,,,,33722,,,,,,,,,,,
49993.6,52600,54000,53400,51900,52300,70000,1.2e+06,1.2e+06,1.2e+06,1.2e+06,1.596e+06,1.596e+06,,431300.147,,,,,,,,,,100,1,0,0,100,0
50203.3,,,,,,,,,,,,,,,,,,34062,,,,,,,,,,,
50704.2,,,,,,,,,,,,,,,,,,34403,,,,,,,,,,,
50994.5,52800,54200,53600,51700,52500,70000,1.2e+06,1.2e+06,1.2e+06,1.2e+06,1.596e+06,1.596e+06,26.123,431308.295,,,,,,,,,,100,1,0.990099,0,100,0
51205.4,,,,,,,,,,,,,,,,,,34744,,,,,,,,,,,
51706.3,,,,,,,,,,,,,,,,,,35085,,,,,,,,,,,
51993.5,52800,54400,53800,51900,52500,70000,1.2e+06,1.2e+06,1.2e+06,1.2e+06,1.596e+06,1.596e+06,,431316.455,,,,,,,,,,100,0,0,0,100,0
52207.6,,,,,,,,,,,,,,,,,,35426,,,,,,,,,,,
52708.4,,,,,,,,,,,,,,,,,,35767,,,,,,,,,,,
52993.7,52800,54400,54000,52100,52600,70000,1.2e+06,1.2e+06,1.2e+06,1.2e+06,1.596e+06,1.596e+06,,431324.676,,,,,,,,,,100,0.990099,0,1,100,0
53209.5,,,,,,,,,,,,,,,,,,36108,,,,,,,,,,,
53710.3,,,,,,,,,,,,,,,,,,36449,,,,,,,,,,,
53994.5,52800,54600,54000,52100,52500,70000,1.2e+06,1.2e+06,1.2e+06,1.2e+06,1.596e+06,1.596e+06,,431332.901,,,,,,,,,,100,0,0,1.9802,100,0
54211.4,,,,,,,,,,,,,,,,,,36790,,,,,,,,,,,
54712.3,,,,,,,,,,,,,,,,,,37131,,,,,,,,,,,
54993.6,53200,54600,54000,52100,52500,70000,1.2e+06,1.2e+06,1.2e+06,1.2e+06,1.596e+06,1.596e+06,,431341.052,,,,,,,,,,100,0,0,1,100,0
55213.5,,,,,,,,,,,,,,,,,,37472,,,,,,,,,,,
55216.8,,,,,,,,,,,,,,,,,,,,,,315,,,,,,,
55714.2,,,,,,,,,,,,,,,,,,37813,,,,,,,,,,,
55737.6,,,,,,,,,,,,,,,,,,,,,,318,,,,,,,
55993.5,52800,54400,54000,52100,52600,70000,1.2e+06,1.2e+06,1.2e+06,1.2e+06,1.596e+06,1.596e+06,,431349.264,,,,,,,,,,100,0,0,1,100,0
56215.4,,,,,,,,,,,,,,,,,,38154,,,,,,,,,,,
56716.3,,,,,,,,,,,,,,,,,,38495,,,,,,,,,,,
56993.6,53000,54600,54200,52100,52800,70000,1.2e+06,1.2e+06,1.2e+06,1.2e+06,1.596e+06,1.596e+06,,431357.395,,,,,,,,,,100,0,0,1.9802,100,0
57217.5,,,,,,,,,,,,,,,,,,38836,,,,,,,,,,,
57300.6,,,,,,,,,,,,,,,,,,,,,,327,,,,,,,
57718.2,,,,,,,,,,,,,,,,,,39177,,,,,,,,,,,
57994,53200,54600,54200,52100,52800,70000,1.2e+06,1.2e+06,1.2e+06,1.2e+06,1.596e+06,1.596e+06,,431365.625,,,,,,,,,,100,0,0,1,100,0
58219.5,,,,,,,,,,,,,,,,,,39518,,,,,,,,,,,
58720.4,,,,,,,,,,,,,,,,,,39859,,,,,,,,,,,
58994.1,53200,55000,54200,52500,52800,70000,1.2e+06,1.2e+06,1.2e+06,1.2e+06,1.596e+06,1.596e+06,,431373.779,,,,,,,,,,100,0.990099,0.990099,0.990099,100,0
59221.5,,,,,,,,,,,,,,,,,,40200,,,,,,,,,,,
59722.3,,,,,,,,,,,,,,,,,,40541,,,,,,,,,,,
59994.2,53400,54600,54200,52600,52800,70000,1.2e+06,1.2e+06,1.2e+06,1.2e+06,1.596e+06,1.596e+06,,431382.020,,,,,,,,,,100,0,0,1.9802,100,0
60223.4,,,,,,,,,,,,,,,,,,40882,,,,,,,,,,,
60724.3,,,,,,,,,,,,,,,,,,41223,,,,,,,,,,,
60994.3,53200,54800,54400,52500,52800,70000,1.2e+06,1.2e+06,1.2e+06,1.2e+06,1.596e+06,1.596e+06,26.123,431390.169,,,,,,,,,,100,0,0,1.9802,100,0
61224.2,,,,,,,,,,,,,,,,,,41563,,,,,,,,,,,
61724.9,,,,,,,,,,,,,,,,,,41904,,,,,,,,,,,
61993.9,53200,54600,54200,52500,52800,70000,1.2e+06,1.2e+06,1.2e+06,1.2e+06,1.596e+06,1.596e+06,,431398.405,,,,,,,,,,100,0,0,1,100,0
62224.7,,,,,,,,,,,,,,,,,,42244,,,,,,,,,,,
62725.4,,,,,,,,,,,,,,,,,,42585,,,,,,,,,,,
62994.2,53200,55000,54600,52500,53000,70000,1.2e+06,1.2e+06,1.2e+06,1.2e+06,1.596e+06,1.596e+06,,431406.539,,,,,,,,,,100,0,0,1,100,0
63226.6,,,,,,,,,,,,,,,,,,42926,,,,,,,,,,,
63727.4,,,,,,,,,,,,,,,,,,43267,,,,,,,,,,,
63994.2,53400,54800,54400,52500,53000,70000,1.2e+06,1.2e+06,1.2e+06,1.2e+06,1.596e+06,1.596e+06,,431414.783,,,,,,,,,,100,0,0,0,100,0
64228.6,,,,,,,,,,,,,,,,,,43608,,,,,,,,,,,
64729.5,,,,,,,,,,,,,,,,,,43949,,,,,,,,,,,
64994.3,53400,55000,54600,52500,53200,70000,1.2e+06,1.2e+06,1.2e+06,1.2e+06,1.596e+06,1.596e+06,,431423.023,,,,,,,,,,100,0.990099,0,1,100,0
65230.5,,,,,,,,,,,,,,,,,,44290,,,,,,,,,,,
65731.1,,,,,,,,,,,,,,,,,,44631,,,,,,,,,,,
65993.8,53400,54800,54400,52500,52800,70000,1.2e+06,1.2e+06,1.2e+06,1.2e+06,1.596e+06,1.596e+06,,431431.269,,,,,,,,,,100,0,0,0,100,0
66230.8,,,,,,,,,,,,,,,,,,44971,,,,,,,,,,,
66730.1,,,,,,,,,,,,,,,,,,45311,,,,,,,,,,,
66993.8,53400,55000,54400,52500,53000,70000,1.2e+06,1.2e+06,1.2e+06,1.2e+06,1.596e+06,1.596e+06,,431439.429,,,,,,,,,,100,0,0,1.9802,100,0
67231.2,,,,,,,,,,,,,,,,,,45652,,,,,,,,,,,
67731.9,,,,,,,,,,,,,,,,,,45993,,,,,,,,,,,
67993.8,53400,55000,54600,52600,53000,70000,1.2e+06,1.2e+06,1.2e+06,1.2e+06,1.596e+06,1.596e+06,,431447.678,,,,,,,,,,100,0,0,0,100,0
68231.6,,,,,,,,,,,,,,,,,,46333,,,,,,,,,,,
68238,,,,,,,,,,,,,,,,,,,,,,390,,,,,,,
68732.5,,,,,,,,,,,,,,,,,,46674,,,,,,,,,,,
68994.3,53600,55000,54800,52800,53400,70000,1.2e+06,1.2e+06,1.2e+06,1.2e+06,1.596e+06,1.596e+06,,431455.842,,,,,,,,,,100,0,0,0.990099,100,0
69232.2,,,,,,,,,,,,,,,,,,47014,,,,,,,,,,,
69732.9,,,,,,,,,,,,,,,,,,47355,,,,,,,,,,,
69993.7,53600,55400,54800,52800,53200,70000,1.2e+06,1.2e+06,1.2e+06,1.2e+06,1.596e+06,1.596e+06,,431464.099,,,,,,,,,,100,0,0,0,100,0
70232.6,,,,,,,,,,,,,,,,,,47695,,,,,,,,,,,
70320.9,,,,,,,,,,,,,,,,,,,,,,402,,,,,,,
70733.5,,,,,,,,,,,,,,,,,,48036,,,,,,,,,,,
70994.4,53800,55000,54800,52800,53200,70000,1.2e+06,1.2e+06,1.2e+06,1.2e+06,1.596e+06,1.596e+06,26.134,431472.271,,,,,,,,,,100,0.990099,0.990099,1.9802,100,0
71233.4,,,,,,,,,,,,,,,,,,48376,,,,,,,,,,,
71734.1,,,,,,,,,,,,,,,,,,48717,,,,,,,,,,,
71994,53600,55400,54800,52800,53200,70000,1.2e+06,1.2e+06,1.2e+06,1.2e+06,1.596e+06,1.596e+06,,431480.509,,,,,,,,,,100,0,0,0,100,0
72233.9,,,,,,,,,,,,,,,,,,49057,,,,,,,,,,,
72733.4,,,,,,,,,,,,,,,,,,49397,,,,,,,,,,,
72994.2,53800,55200,54800,52800,53400,70000,1.2e+06,1.2e+06,1.2e+06,1.2e+06,1.596e+06,1.596e+06,,431488.681,,,,,,,,,,100,1,0,1.9802,100,0
73234.6,,,,,,,,,,,,,,,,,,49738,,,,,,,,,,,
73735.3,,,,,,,,,,,,,,,,,,50079,,,,,,,,,,,
73994.2,54000,55400,55000,53000,53200,70000,1.2e+06,1.2e+06,1.2e+06,1.2e+06,1.596e+06,1.596e+06,,431496.956,,,,,,,,,,100,0,0,1,100,0
74236.4,,,,,,,,,,,,,,,,,,50420,,,,,,,,,,,
74737.3,,,,,,,,,,,,,,,,,,50761,,,,,,,,,,,
74994.1,54000,55400,54800,52800,53400,70000,1.2e+06,1.2e+06,1.2e+06,1.2e+06,1.596e+06,1.596e+06,,431505.128,,,,,,,,,,100,0,0,0,100,0
75237.3,,,,,,,,,,,,,,,,,,51101,,,,,,,,,,,
75738,,,,,,,,,,,,,,,,,,51442,,,,,,,,,,,
75993.8,54000,55400,55200,53200,53600,70000,1.2e+06,1.2e+06,1.2e+06,1.2e+06,1.596e+06,1.596e+06,,431513.391,,,,,,,,,,100,0,0,0,100,0
76237.6,,,,,,,,,,,,,,,,,,51782,,,,,,,,,,,
76738.5,,,,,,,,,,,,,,,,,,52123,,,,,,,,,,,
76994.2,54200,55400,55200,53200,53600,70000,1.2e+06,1.2e+06,1.2e+06,1.2e+06,1.596e+06,1.596e+06,,431521.574,,,,,,,,,,99.0196,0.990099,0,1.9802,100,0
77239.6,,,,,,,,,,,,,,,,,,52464,,,,,,,,,,,
77740.2,,,,,,,,,,,,,,,,,,52805,,,,,,,,,,,
77994.1,54000,55600,55000,53200,53600,70000,1.2e+06,1.2e+06,1.2e+06,1.2e+06,1.596e+06,1.596e+06,,431529.848,,,,,,,,,,100,0,0,1.9802,100,1
78241.5,,,,,,,,,,,,,,,,,,53146,,,,,,,,,,,
78742.4,,,,,,,,,,,,,,,,,,53487,,,,,,,,,,,
78994.2,54000,55600,55200,53200,53600,70000,1.2e+06,1.2e+06,1.2e+06,1.2e+06,1.596e+06,1.596e+06,,431538.030,,,,,,,,,,100,0,0,1,100,0
79243.6,,,,,,,,,,,,,,,,,,53828,,,,,,,,,,,
79744.4,,,,,,,,,,,,,,,,,,54169,,,,,,,,,,,
79994.5,54200,55800,55400,53200,53600,70000,1.2e+06,1.2e+06,1.2e+06,1.2e+06,1.596e+06,1.596e+06,,431546.296,,,,,,,,,,100,0,0,0,100,0
80245.5,,,,,,,,,,,,,,,,,,54510,,,,,,,,,,,
80746.4,,,,,,,,,,,,,,,,,,54851,,,,,,,,,,,
80993.8,54200,55600,55200,53200,53800,70000,1.2e+06,1.2e+06,1.2e+06,1.2e+06,1.596e+06,1.596e+06,26.134,431554.481,,,,,,,,,,100,0,0,0,100,0
81247.6,,,,,,,,,,,,,,,,,,55192,,,,,,,,,,,
81259.5,,,,,,,,,,,,,,,,,,,,,,465,,,,,,,
81748.3,,,,,,,,,,,,,,,,,,55533,,,,,,,,,,,
81994,54200,55800,55000,53200,53800,70000,1.2e+06,1.2e+06,1.2e+06,1.2e+06,1.596e+06,1.596e+06,,431560.710,,,,,,,,,,100,0,0,1.96078,100,0
82249.7,,,,,,,,,,,,,,,,,,55874,,,,,,,,,,,
82750.6,,,,,,,,,,,,,,,,,,56215,,,,,,,,,,,
82821.6,,,,,,,,,,,,,,,,,,,,,,474,,,,,,,
82994.4,54200,55800,55200,53600,53800,70000,1.2e+06,1.2e+06,1.2e+06,1.2e+06,1.596e+06,1.596e+06,,431569.002,,,,,,,,,,100,0,0,0,100,0
83250.3,,,,,,,,,,,,,,,,,,56555,,,,,,,,,,,
83342.5,,,,,,,,,,,,,,,,,,,,,,477,,,,,,,
83751,,,,,,,,,,,,,,,,,,56896,,,,,,,,,,,
83993.7,54400,55800,55200,53200,53800,70000,1.2e+06,1.2e+06,1.2e+06,1.2e+06,1.596e+06,1.596e+06,,431577.182,,,,,,,,,,100,0.990099,0,0,100,0
84250.6,,,,,,,,,,,,,,,,,,57236,,,,,,,,,,,
84751.4,,,,,,,,,,,,,,,,,,57577,,,,,,,,,,,
84994.2,54400,55800,55400,53200,53600,70000,1.2e+06,1.2e+06,1.2e+06,1.2e+06,1.596e+06,1.596e+06,,431585.440,,,,,,,,,,100,0,0,1,100,0
85252.5,,,,,,,,,,,,,,,,,,57918,,,,,,,,,,,
85753.4,,,,,,,,,,,,,,,,,,58259,,,,,,,,,,,
85994.2,54200,56000,55600,53400,53600,70000,1.2e+06,1.2e+06,1.2e+06,1.2e+06,1.596e+06,1.596e+06,,431593.620,,,,,,,,,,100,0,0,0,100,0
86253.2,,,,,,,,,,,,,,,,,,58599,,,,,,,,,,,
86754.2,,,,,,,,,,,,,,,,,,58940,,,,,,,,,,,
86994.2,54400,55800,55200,53400,53800,70000,1.2e+06,1.2e+06,1.2e+06,1.2e+06,1.596e+06,1.596e+06,,431601.907,,,,,,,,,,100,0,0,1.9802,100,0
87255.4,,,,,,,,,,,,,,,,,,59281,,,,,,,,,,,
87756,,,,,,,,,,,,,,,,,,59622,,,,,,,,,,,
87993.8,54400,55800,55400,53400,53800,70000,1.2e+06,1.2e+06,1.2e+06,1.2e+06,1.596e+06,1.596e+06,,431610.082,,,,,,,,,,100,0,0,0,100,0
88255.6,,,,,,,,,,,,,,,,,,59962,,,,,,,,,,,
88756.5,,,,,,,,,,,,,,,,,,60303,,,,,,,,,,,
88994.2,54400,55800,55400,53600,53600,70000,1.2e+06,1.2e+06,1.2e+06,1.2e+06,1.596e+06,1.596e+06,,431618.354,,,,,,,,,,100,0,1.96078,1.9802,100,0
89257.5,,,,,,,,,,,,,,,,,,60644,,,,,,,,,,,
89758.2,,,,,,,,,,,,,,,,,,60985,,,,,,,,,,,
89994,54400,55800,55400,53400,54000,70000,1.2e+06,1.2e+06,1.2e+06,1.2e+06,1.596e+06,1.596e+06,,431626.537,,,,,,,,,,100,0.990099,0,0,100,0
90259.3,,,,,,,,,,,,,,,,,,61326,,,,,,,,,,,
90760.2,,,,,,,,,,,,,,,,,,61667,,,,,,,,,,,
90994,54400,56000,55600,53600,53600,70000,1.2e+06,1.2e+06,1.2e+06,1.2e+06,1.596e+06,1.596e+06,26.145,431634.819,,,,,,,,,,100,0,0,1,100,0
91261.4,,,,,,,,,,,,,,,,,,62008,,,,,,,,,,,
91762.1,,,,,,,,,,,,,,,,,,62349,,,,,,,,,,,
91994,54600,56000,55600,53600,54000,70000,1.2e+06,1.2e+06,1.2e+06,1.2e+06,1.596e+06,1.596e+06,,431643.016,,,,,,,,,,100,0,0,0,100,0
92261.9,,,,,,,,,,,,,,,,,,62689,,,,,,,,,,,
92761.4,,,,,,,,,,,,,,,,,,63029,,,,,,,,,,,
92994.1,54200,55800,55400,53200,53800,70000,1.2e+06,1.2e+06,1.2e+06,1.2e+06,1.596e+06,1.596e+06,,431651.299,,,,,,,,,,100,0,0,1,100,0
93262.4,,,,,,,,,,,,,,,,,,63370,,,,,,,,,,,
93763,,,,,,,,,,,,,,,,,,63711,,,,,,,,,,,
93993.5,54600,56200,55600,53600,54200,70000,1.2e+06,1.2e+06,1.2e+06,1.2e+06,1.596e+06,1.596e+06,,431659.574,,,,,,,,,,100,0,0,0,100,0
94262.6,,,,,,,,,,,,,,,,,,64051,,,,,,,,,,,
94281,,,,,,,,,,,,,,,,,,,,,,540,,,,,,,
94762.1,,,,,,,,,,,,,,,,,,64391,,,,,,,,,,,
94993.9,54600,56200,55600,53800,54000,70000,1.2e+06,1.2e+06,1.2e+06,1.2e+06,1.596e+06,1.596e+06,,431667.775,,,,,,,,,,100,0,0,0.990099,100,0
95263.3,,,,,,,,,,,,,,,,,,64732,,,,,,,,,,,
95764.2,,,,,,,,,,,,,,,,,,65073,,,,,,,,,,,
95844.1,,,,,,,,,,,,,,,,,,,,,,549,,,,,,,
95994.5,54600,56200,55800,53800,54200,70000,1.2e+06,1.2e+06,1.2e+06,1.2e+06,1.596e+06,1.596e+06,,431676.059,,,,,,,,,,100,0.990099,0,1.9802,100,0
96265.2,,,,,,,,,,,,,,,,,,65414,,,,,,,,,,,
96766.1,,,,,,,,,,,,,,,,,,65755,,,,,,,,,,,
96994.4,54600,56200,55800,53800,54200,70000,1.2e+06,1.2e+06,1.2e+06,1.2e+06,1.596e+06,1.596e+06,,431684.244,,,,,,,,,,100,0,0,0,100,0
97265.7,,,,,,,,,,,,,,,,,,66095,,,,,,,,,,,
97766.3,,,,,,,,,,,,,,,,,,66436,,,,,,,,,,,
97993.6,54600,56200,55600,53800,54000,70000,1.2e+06,1.2e+06,1.2e+06,1.2e+06,1.596e+06,1.596e+06,,431692.521,,,,,,,,,,100,1,0,1,100,0
98267.5,,,,,,,,,,,,,,,,,,66777,,,,,,,,,,,
98768.3,,,,,,,,,,,,,,,,,,67118,,,,,,,,,,,
98993.5,54800,56200,55800,53800,54400,70000,1.2e+06,1.2e+06,1.2e+06,1.2e+06,1.596e+06,1.596e+06,,431700.734,,,,,,,,,,100,1,0,0.990099,100,0.990099
99269.4,,,,,,,,,,,,,,,,,,67459,,,,,,,,,,,
99770.3,,,,,,,,,,,,,,,,,,67800,,,,,,,,,,,
99993.5,54400,56200,55800,53600,54400,70000,1.2e+06,1.2e+06,1.2e+06,1.2e+06,1.596e+06,1.596e+06,,431709.033,,,,,,,,,,100,0,0,0,100,0
100271,,,,,,,,,,,,,,,,,,68141,,,,,,,,,,,
100772,,,,,,,,,,,,,,,,,,68482,,,,,,,,,,,
100995,54600,56600,55800,53600,54200,70000,1.2e+06,1.2e+06,1.2e+06,1.2e+06,1.596e+06,1.596e+06,26.155,431717.234,,,,,,,,,,100,1.9802,0,0,100,0.990099
101273,,,,,,,,,,,,,,,,,,68823,,,,,,,,,,,
101774,,,,,,,,,,,,,,,,,,69164,,,,,,,,,,,
101994,54600,56400,55800,53600,54200,70000,1.2e+06,1.2e+06,1.2e+06,1.2e+06,1.596e+06,1.596e+06,,431725.524,,,,,,,,,,100,0,0,0,100,0
102274,,,,,,,,,,,,,,,,,,69504,,,,,,,,,,,
102775,,,,,,,,,,,,,,,,,,69845,,,,,,,,,,,
102994,54800,56200,55800,54000,54000,70000,1.2e+06,1.2e+06,1.2e+06,1.2e+06,1.596e+06,1.596e+06,,431733.806,,,,,,,,,,100,1.9802,0,0,100,0
103276,,,,,,,,,,,,,,,,,,70186,,,,,,,,,,,
103776,,,,,,,,,,,,,,,,,,70527,,,,,,,,,,,
103994,54800,56400,56000,54000,54400,70000,1.2e+06,1.2e+06,1.2e+06,1.2e+06,1.596e+06,1.596e+06,,431742.016,,,,,,,,,,100,1,0,0,100,0
104277,,,,,,,,,,,,,,,,,,70868,,,,,,,,,,,
104778,,,,,,,,,,,,,,,,,,71209,,,,,,,,,,,
104994,54800,56600,56000,54000,54600,70000,1.2e+06,1.2e+06,1.2e+06,1.2e+06,1.596e+06,1.596e+06,,431750.214,,,,,,,,,,100,0,0,0,100,0
105279,,,,,,,,,,,,,,,,,,71550,,,,,,,,,,,
105780,,,,,,,,,,,,,,,,,,71891,,,,,,,,,,,
105994,54800,56600,56000,54000,54400,70000,1.2e+06,1.2e+06,1.2e+06,1.2e+06,1.596e+06,1.596e+06,,431758.496,,,,,,,,,,100,1,0,0,100,0
106280,,,,,,,,,,,,,,,,,,72231,,,,,,,,,,,
106779,,,,,,,,,,,,,,,,,,72571,,,,,,,,,,,
106784,,,,,,,,,,,,,,,,,,,,,,612,,,,,,,
106995,54800,56200,56000,54000,54200,70000,1.2e+06,1.2e+06,1.2e+06,1.2e+06,1.596e+06,1.596e+06,,431766.705,,,,,,,,,,100,0,0,0,100,0
107280,,,,,,,,,,,,,,,,,,72912,,,,,,,,,,,
107781,,,,,,,,,,,,,,,,,,73253,,,,,,,,,,,
107994,54800,56400,56000,54000,54400,70000,1.2e+06,1.2e+06,1.2e+06,1.2e+06,1.596e+06,1.596e+06,,431774.989,,,,,,,,,,100,1,0,0,100,0
108281,,,,,,,,,,,,,,,,,,73593,,,,,,,,,,,
108781,,,,,,,,,,,,,,,,,,73934,,,,,,,,,,,
108868,,,,,,,,,,,,,,,,,,,,,,624,,,,,,,
108994,55000,56600,56200,54000,54400,70000,1.2e+06,1.2e+06,1.2e+06,1.2e+06,1.596e+06,1.596e+06,,431783.213,,,,,,,,,,100,1.9802,1,0,100,0
109283,,,,,,,,,,,,,,,,,,74275,,,,,,,,,,,
109783,,,,,,,,,,,,,,,,,,74616,,,,,,,,,,,
109994,55000,56600,56200,54000,54400,70000,1.2e+06,1.2e+06,1.2e+06,1.2e+06,1.596e+06,1.596e+06,,431791.503,,,,,,,,,,100,1.9802,0,0,100,0
110285,,,,,,,,,,,,,,,,,,74957,,,,,,,,,,,
110785,,,,,,,,,,,,,,,,,,75298,,,,,,,,,,,
110994,54800,56600,56000,54000,54400,70000,1.2e+06,1.2e+06,1.2e+06,1.2e+06,1.596e+06,1.596e+06,26.155,431799.790,,,,,,,,,,100,1,0,0,100,0.990099
111287,,,,,,,,,,,,,,,,,,75639,,,,,,,,,,,
111787,,,,,,,,,,,,,,,,,,75980,,,,,,,,,,,
111994,55200,57000,56400,54200,54600,70000,1.2e+06,1.2e+06,1.2e+06,1.2e+06,1.596e+06,1.596e+06,,431808.015,,,,,,,,,,100,1,0,0,100,0
112288,,,,,,,,,,,,,,,,,,76321,,,,,,,,,,,
112789,,,,,,,,,,,,,,,,,,76662,,,,,,,,,,,
112994,55200,56600,56000,54400,54400,70000,1.2e+06,1.2e+06,1.2e+06,1.2e+06,1.596e+06,1.596e+06,,431816.301,,,,,,,,,,100,0,0,0,100,0
113289,,,,,,,,,,,,,,,,,,77002,,,,,,,,,,,
113789,,,,,,,,,,,,,,,,,,77343,,,,,,,,,,,
113994,55200,56600,56000,54200,54400,70000,1.2e+06,1.2e+06,1.2e+06,1.2e+06,1.596e+06,1.596e+06,,431824.509,,,,,,,,,,100,1,0,0,100,0
114291,,,,,,,,,,,,,,,,,,77684,,,,,,,,,,,
114791,,,,,,,,,,,,,,,,,,78025,,,,,,,,,,,
114994,55200,56800,56200,54400,54800,70000,1.2e+06,1.2e+06,1.2e+06,1.2e+06,1.596e+06,1.596e+06,,431832.803,,,,,,,,,,100,2.94118,0,0,100,0
115292,,,,,,,,,,,,,,,,,,78366,,,,,,,,,,,
115793,,,,,,,,,,,,,,,,,,78707,,,,,,,,,,,
115994,55000,56600,56000,54200,54400,70000,1.2e+06,1.2e+06,1.2e+06,1.2e+06,1.596e+06,1.596e+06,,431841.014,,,,,,,,,,100,1,0,0,100,0
116293,,,,,,,,,,,,,,,,,,79047,,,,,,,,,,,
116792,,,,,,,,,,,,,,,,,,79387,,,,,,,,,,,
116994,55200,56800,56200,54400,54600,70000,1.2e+06,1.2e+06,1.2e+06,1.2e+06,1.596e+06,1.596e+06,,431849.309,,,,,,,,,,100,1,0,0,100,0
117293,,,,,,,,,,,,,,,,,,79728,,,,,,,,,,,
117794,,,,,,,,,,,,,,,,,,80069,,,,,,,,,,,
117994,55200,56800,56400,54400,54800,70000,1.2e+06,1.2e+06,1.2e+06,1.2e+06,1.596e+06,1.596e+06,,431857.629,,,,,,,,,,100,1.9802,0,0,100,0
118294,,,,,,,,,,,,,,,,,,80409,,,,,,,,,,,
118795,,,,,,,,,,,,,,,,,,80750,,,,,,,,,,,
118994,55200,56800,56000,54400,54600,70000,1.2e+06,1.2e+06,1.2e+06,1.2e+06,1.596e+06,1.596e+06,,431865.837,,,,,,,,,,100,0,0,0,100,0
119294,,,,,,,,,,,,,,,,,,81090,,,,,,,,,,,
119795,,,,,,,,,,,,,,,,,,81431,,,,,,,,,,,
119808,,,,,,,,,,,,,,,,,,,,,,687,,,,,,,
119994,55200,56800,56400,54400,54400,70000,1.2e+06,1.2e+06,1.2e+06,1.2e+06,1.596e+06,1.596e+06,,431874.068,,,,,,,,,,100,0,0,0,100,0
120295,,,,,,,,,,,,,,,,,,81771,,,,,,,,,,,
120795,,,,,,,,,,,,,,,,,,82112,,,,,,,,,,,
120994,55200,57000,56400,54400,54800,70000,1.2e+06,1.2e+06,1.2e+06,1.2e+06,1.596e+06,1.596e+06,26.155,431882.351,,,,,,,,,,100,1.9802,0,0,100,0
121296,,,,,,,,,,,,,,,,,,82453,,,,,,,,,,,
121371,,,,,,,,,,,,,,,,,,,,,,696,,,,,,,
121797,,,,,,,,,,,,,,,,,,82794,,,,,,,,,,,
121994,55200,56800,56200,54200,54400,70000,1.2e+06,1.2e+06,1.2e+06,1.2e+06,1.596e+06,1.596e+06,,431890.641,,,,,,,,,,100,1.9802,0,0,100,0
122298,,,,,,,,,,,,,,,,,,83135,,,,,,,,,,,
122799,,,,,,,,,,,,,,,,,,83476,,,,,,,,,,,
122994,55200,56600,56200,54400,54800,70000,1.2e+06,1.2e+06,1.2e+06,1.2e+06,1.596e+06,1.596e+06,,431898.867,,,,,,,,,,100,1,0,0,100,0
123299,,,,,,,,,,,,,,,,,,83816,,,,,,,,,,,
123799,,,,,,,,,,,,,,,,,,84157,,,,,,,,,,,
123994,55200,57000,56400,54400,54800,70000,1.2e+06,1.2e+06,1.2e+06,1.2e+06,1.596e+06,1.596e+06,,431907.162,,,,,,,,,,100,1,0,0,100,0
124301,,,,,,,,,,,,,,,,,,84498,,,,,,,,,,,
124801,,,,,,,,,,,,,,,,,,84839,,,,,,,,,,,
124994,55200,56800,56600,54400,54800,70000,1.2e+06,1.2e+06,1.2e+06,1.2e+06,1.596e+06,1.596e+06,,431915.378,,,,,,,,,,100,1,0,0,100,0
125302,,,,,,,,,,,,,,,,,,85180,,,,,,,,,,,
125803,,,,,,,,,,,,,,,,,,85521,,,,,,,,,,,
125994,55400,57000,56400,54400,55000,70000,1.2e+06,1.2e+06,1.2e+06,1.2e+06,1.596e+06,1.596e+06,,431923.681,,,,,,,,,,100,0,0.990099,0,100,0
126304,,,,,,,,,,,,,,,,,,85862,,,,,,,,,,,
126805,,,,,,,,,,,,,,,,,,86203,,,,,,,,,,,
126994,55400,57000,56800,54400,55000,70000,1.2e+06,1.2e+06,1.2e+06,1.2e+06,1.596e+06,1.596e+06,,431931.982,,,,,,,,,,100,0,0,0,100,0
127306,,,,,,,,,,,,,,,,,,86544,,,,,,,,,,,
127807,,,,,,,,,,,,,,,,,,86885,,,,,,,,,,,
127994,55400,57000,56600,54600,55000,70000,1.2e+06,1.2e+06,1.2e+06,1.2e+06,1.596e+06,1.596e+06,,431938.147,,,,,,,,,,100,1,0.990099,0,100,0
128307,,,,,,,,,,,,,,,,,,87225,,,,,,,,,,,
128808,,,,,,,,,,,,,,,,,,87566,,,,,,,,,,,
128994,55600,57000,56800,54400,55200,70000,1.2e+06,1.2e+06,1.2e+06,1.2e+06,1.596e+06,1.596e+06,,431946.452,,,,,,,,,,100,2.94118,0,0,100,0
129307,,,,,,,,,,,,,,,,,,87906,,,,,,,,,,,
129808,,,,,,,,,,,,,,,,,,88247,,,,,,,,,,,
129994,55600,57000,56400,54400,55000,70000,1.2e+06,1.2e+06,1.2e+06,1.2e+06,1.596e+06,1.596e+06,,431954.664,,,,,,,,,,100,1.0101,0,0,100,0
130308,,,,,,,,,,,,,,,,,,88587,,,,,,,,,,,
130808,,,,,,,,,,,,,,,,,,88928,,,,,,,,,,,
130994,55400,57000,56400,54800,54800,70000,1.2e+06,1.2e+06,1.2e+06,1.2e+06,1.596e+06,1.596e+06,26.187,431962.984,,,,,,,,,,100,0,0,0,100,0
131308,,,,,,,,,,,,,,,,,,89268,,,,,,,,,,,
131809,,,,,,,,,,,,,,,,,,89609,,,,,,,,,,,
131994,55600,57000,56400,54600,55000,70000,1.2e+06,1.2e+06,1.2e+06,1.2e+06,1.596e+06,1.596e+06,,431971.290,,,,,,,,,,100,0,0,0,100,0
132309,,,,,,,,,,,,,,,,,,89949,,,,,,,,,,,
132311,,,,,,,,,,,,,,,,,,,,,,759,,,,,,,
132809,,,,,,,,,,,,,,,,,,90290,,,,,,,,,,,
132832,,,,,,,,,,,,,,,,,,,,,,762,,,,,,,
132994,55400,57200,56600,54400,54800,70000,1.2e+06,1.2e+06,1.2e+06,1.2e+06,1.596e+06,1.596e+06,,431979.510,,,,,,,,,,100,0,0,0.990099,100,0.990099
133309,,,,,,,,,,,,,,,,,,90630,,,,,,,,,,,
133810,,,,,,,,,,,,,,,,,,90971,,,,,,,,,,,
133994,55400,57000,56800,54800,54800,70000,1.2e+06,1.2e+06,1.2e+06,1.2e+06,1.596e+06,1.596e+06,,431987.800,,,,,,,,,,100,1,0,0,100,0
134309,,,,,,,,,,,,,,,,,,91311,,,,,,,,,,,
134394,,,,,,,,,,,,,,,,,,,,,,771,,,,,,,
134810,,,,,,,,,,,,,,,,,,91652,,,,,,,,,,,
134994,55800,57200,56600,54800,55000,70000,1.2e+06,1.2e+06,1.2e+06,1.2e+06,1.596e+06,1.596e+06,,431996.024,,,,,,,,,,100,1,1,0,100,0
135310,,,,,,,,,,,,,,,,,,91992,,,,,,,,,,,
135810,,,,,,,,,,,,,,,,,,92333,,,,,,,,,,,
135994,55600,57000,56800,54800,55000,70000,1.2e+06,1.2e+06,1.2e+06,1.2e+06,1.596e+06,1.596e+06,,432004.235,,,,,,,,,,100,1,0,0,100,0.990099
136311,,,,,,,,,,,,,,,,,,92674,,,,,,,,,,,
136812,,,,,,,,,,,,,,,,,,93015,,,,,,,,,,,
136994,55600,57000,56600,54800,55000,70000,1.2e+06,1.2e+06,1.2e+06,1.2e+06,1.596e+06,1.596e+06,,432012.551,,,,,,,,,,100,1,0,0,100,0
137312,,,,,,,,,,,,,,,,,,93355,,,,,,,,,,,
137813,,,,,,,,,,,,,,,,,,93696,,,,,,,,,,,
137994,55400,57400,56800,54600,54800,70000,1.2e+06,1.2e+06,1.2e+06,1.2e+06,1.596e+06,1.596e+06,,432020.863,,,,,,,,,,100,0,0,0,100,0
138312,,,,,,,,,,,,,,,,,,94036,,,,,,,,,,,
138813,,,,,,,,,,,,,,,,,,94377,,,,,,,,,,,
138994,55200,57000,56800,54600,54800,70000,1.2e+06,1.2e+06,1.2e+06,1.2e+06,1.596e+06,1.596e+06,,432029.093,,,,,,,,,,100,0,0,0,100,0
139313,,,,,,,,,,,,,,,,,,94717,,,,,,,,,,,
139813,,,,,,,,,,,,,,,,,,95058,,,,,,,,,,,
139994,55400,57000,56800,54800,55000,70000,1.2e+06,1.2e+06,1.2e+06,1.2e+06,1.596e+06,1.596e+06,,432037.419,,,,,,,,,,100,1,0,0,100,0
140315,,,,,,,,,,,,,,,,,,95399,,,,,,,,,,,
140815,,,,,,,,,,,,,,,,,,95740,,,,,,,,,,,
140994,55600,57200,56600,54800,55000,70000,1.2e+06,1.2e+06,1.2e+06,1.2e+06,1.596e+06,1.596e+06,26.177,432045.641,,,,,,,,,,100,1.9802,0,0,100,0
141316,,,,,,,,,,,,,,,,,,96081,,,,,,,,,,,
141817,,,,,,,,,,,,,,,,,,96422,,,,,,,,,,,
141994,55600,57200,56600,54800,55000,70000,1.2e+06,1.2e+06,1.2e+06,1.2e+06,1.596e+06,1.596e+06,,432053.948,,,,,,,,,,100,1,0,0,100,0
142318,,,,,,,,,,,,,,,,,,96763,,,,,,,,,,,
142819,,,,,,,,,,,,,,,,,,97104,,,,,,,,,,,
142994,55600,57000,56800,54800,55200,70000,1.2e+06,1.2e+06,1.2e+06,1.2e+06,1.596e+06,1.596e+06,,432062.164,,,,,,,,,,100,1,0,0,100,0
143319,,,,,,,,,,,,,,,,,,97444,,,,,,,,,,,
143818,,,,,,,,,,,,,,,,,,97784,,,,,,,,,,,
143994,55600,57400,56800,54800,55400,70000,1.2e+06,1.2e+06,1.2e+06,1.2e+06,1.596e+06,1.596e+06,,432070.491,,,,,,,,,,100,1,0,0,100,0
144319,,,,,,,,,,,,,,,,,,98125,,,,,,,,,,,
144820,,,,,,,,,,,,,,,,,,98466,,,,,,,,,,,
144994,55400,57200,56800,54800,55000,70000,1.2e+06,1.2e+06,1.2e+06,1.2e+06,1.596e+06,1.596e+06,,432078.697,,,,,,,,,,100,1,0,0,100,0
145320,,,,,,,,,,,,,,,,,,98806,,,,,,,,,,,
145334,,,,,,,,,,,,,,,,,,,,,,834,,,,,,,
145821,,,,,,,,,,,,,,,,,,99147,,,,,,,,,,,
145994,55600,57400,56800,54800,55400,70000,1.2e+06,1.2e+06,1.2e+06,1.2e+06,1.596e+06,1.596e+06,,432087.031,,,,,,,,,,100,1,0,0,100,0
146320,,,,,,,,,,,,,,,,,,99487,,,,,,,,,,,
146821,,,,,,,,,,,,,,,,,,99828,,,,,,,,,,,
146896,,,,,,,,,,,,,,,,,,,,,,843,,,,,,,
146994,55800,57400,56600,54800,55200,70000,1.2e+06,1.2e+06,1.2e+06,1.2e+06,1.596e+06,1.596e+06,,432095.256,,,,,,,,,,100,1.9802,0.990099,0,100,0
147321,,,,,,,,,,,,,,,,,,100168,,,,,,,,,,,
147821,,,,,,,,,,,,,,,,,,100509,,,,,,,,,,,
147994,55800,57400,56800,54800,55200,70000,1.2e+06,1.2e+06,1.2e+06,1.2e+06,1.596e+06,1.596e+06,,432103.559,,,,,,,,,,100,2.94118,0,0,100,0
148321,,,,,,,,,,,,,,,,,,100849,,,,,,,,,,,
148822,,,,,,,,,,,,,,,,,,101190,,,,,,,,,,,
148994,55600,57400,56800,54800,55200,70000,1.2e+06,1.2e+06,1.2e+06,1.2e+06,1.596e+06,1.596e+06,,432111.878,,,,,,,,,,100,0,0,0,100,0
149322,,,,,,,,,,,,,,,,,,101530,,,,,,,,,,,
149822,,,,,,,,,,,,,,,,,,101871,,,,,,,,,,,
149994,55800,57400,57200,55000,55200,70000,1.2e+06,1.2e+06,1.2e+06,1.2e+06,1.596e+06,1.596e+06,,432120.120,,,,,,,,,,100,1,0,0,100,0
150324,,,,,,,,,,,,,,,,,,102212,,,,,,,,,,,
150824,,,,,,,,,,,,,,,,,,102553,,,,,,,,,,,
150994,55800,57400,57000,54800,55400,70000,1.2e+06,1.2e+06,1.2e+06,1.2e+06,1.596e+06,1.596e+06,26.177,432128.455,,,,,,,,,,100,1,0,0,100,0
151325,,,,,,,,,,,,,,,,,,102894,,,,,,,,,,,
151826,,,,,,,,,,,,,,,,,,103235,,,,,,,,,,,
151994,55600,57400,56800,55000,55200,70000,1.2e+06,1.2e+06,1.2e+06,1.2e+06,1.596e+06,1.596e+06,,432136.684,,,,,,,,,,100,1,0,0,100,0
152327,,,,,,,,,,,,,,,,,,103576,,,,,,,,,,,
152828,,,,,,,,,,,,,,,,,,103917,,,,,,,,,,,
152994,56000,57500,57200,54800,55400,70000,1.2e+06,1.2e+06,1.2e+06,1.2e+06,1.596e+06,1.596e+06,,432145.006,,,,,,,,,,100,1,0,0,100,0.990099
153329,,,,,,,,,,,,,,,,,,104258,,,,,,,,,,,
153830,,,,,,,,,,,,,,,,,,104599,,,,,,,,,,,
153994,55800,57400,57200,55200,55400,70000,1.2e+06,1.2e+06,1.2e+06,1.2e+06,1.596e+06,1.596e+06,,432153.223,,,,,,,,,,100,1.9802,0,0,100,0
154331,,,,,,,,,,,,,,,,,,104940,,,,,,,,,,,
154832,,,,,,,,,,,,,,,,,,105281,,,,,,,,,,,
154994,55800,57400,57000,55000,55400,70000,1.2e+06,1.2e+06,1.2e+06,1.2e+06,1.596e+06,1.596e+06,,432161.544,,,,,,,,,,100,1.0101,0,0,100,0
155333,,,,,,,,,,,,,,,,,,105622,,,,,,,,,,,
155834,,,,,,,,,,,,,,,,,,105963,,,,,,,,,,,
155995,55800,57500,57000,54800,55200,70000,1.2e+06,1.2e+06,1.2e+06,1.2e+06,1.596e+06,1.596e+06,,432169.868,,,,,,,,,,100,0.990099,0,0.990099,100,0
156335,,,,,,,,,,,,,,,,,,106304,,,,,,,,,,,
156836,,,,,,,,,,,,,,,,,,106645,,,,,,,,,,,
156994,55600,57500,56800,55000,55200,70000,1.2e+06,1.2e+06,1.2e+06,1.2e+06,1.596e+06,1.596e+06,,432178.123,,,,,,,,,,100,2,0,0,100,0
157336,,,,,,,,,,,,,,,,,,106985,,,,,,,,,,,
157835,,,,,,,,,,,,,,,,,,107325,,,,,,,,,,,
157836,,,,,,,,,,,,,,,,,,,,,,906,,,,,,,
157995,56000,57500,57000,54800,55400,70000,1.2e+06,1.2e+06,1.2e+06,1.2e+06,1.596e+06,1.596e+06,,432186.439,,,,,,,,,,100,0.990099,0,0,100,0
158336,,,,,,,,,,,,,,,,,,107666,,,,,,,,,,,
158358,,,,,,,,,,,,,,,,,,,,,,909,,,,,,,
158837,,,,,,,,,,,,,,,,,,108007,,,,,,,,,,,
158994,55800,57400,57000,54800,55200,70000,1.2e+06,1.2e+06,1.2e+06,1.2e+06,1.596e+06,1.596e+06,,432194.676,,,,,,,,,,100,1.0101,0,0,100,0
159339,,,,,,,,,,,,,,,,,,108348,,,,,,,,,,,
159839,,,,,,,,,,,,,,,,,,108689,,,,,,,,,,,
159920,,,,,,,,,,,,,,,,,,,,,,918,,,,,,,
159994,56000,57500,57000,55200,55400,70000,1.2e+06,1.2e+06,1.2e+06,1.2e+06,1.596e+06,1.596e+06,,432202.993,,,,,,,,,,100,0,0.990099,0,100,0
160340,,,,,,,,,,,,,,,,,,109030,,,,,,,,,,,
160841,,,,,,,,,,,,,,,,,,109371,,,,,,,,,,,
160994,56000,57700,57000,55200,55400,70000,1.2e+06,1.2e+06,1.2e+06,1.2e+06,1.596e+06,1.596e+06,26.177,432211.217,,,,,,,,,,100,1.9802,0,0,100,0.990099
161341,,,,,,,,,,,,,,,,,,109711,,,,,,,,,,,
161841,,,,,,,,,,,,,,,,,,110052,,,,,,,,,,,
161994,56000,57700,57200,55200,55400,70000,1.2e+06,1.2e+06,1.2e+06,1.2e+06,1.596e+06,1.596e+06,,432219.534,,,,,,,,,,100,0,0,0,100,1
162342,,,,,,,,,,,,,,,,,,110393,,,,,,,,,,,
162843,,,,,,,,,,,,,,,,,,110734,,,,,,,,,,,
162994,56000,57500,57200,54800,55400,70000,1.2e+06,1.2e+06,1.2e+06,1.2e+06,1.596e+06,1.596e+06,,432227.767,,,,,,,,,,100,1.96078,0,0.990099,100,0
163344,,,,,,,,,,,,,,,,,,111075,,,,,,,,,,,
163845,,,,,,,,,,,,,,,,,,111416,,,,,,,,,,,
163994,56000,57700,57400,55200,55600,70000,1.2e+06,1.2e+06,1.2e+06,1.2e+06,1.596e+06,1.596e+06,,432236.097,,,,,,,,,,100,1.0101,0,0,100,0
164345,,,,,,,,,,,,,,,,,,111756,,,,,,,,,,,
164845,,,,,,,,,,,,,,,,,,112097,,,,,,,,,,,
164994,56000,57400,57200,55000,55200,70000,1.2e+06,1.2e+06,1.2e+06,1.2e+06,1.596e+06,1.596e+06,,432244.333,,,,,,,,,,100,0,0,0,100,0
165346,,,,,,,,,,,,,,,,,,112438,,,,,,,,,,,
165847,,,,,,,,,,,,,,,,,,112779,,,,,,,,,,,
165994,56000,57700,57400,55200,55600,70000,1.2e+06,1.2e+06,1.2e+06,1.2e+06,1.596e+06,1.596e+06,,432252.662,,,,,,,,,,100,1,0,0,100,0
166347,,,,,,,,,,,,,,,,,,113119,,,,,,,,,,,
166847,,,,,,,,,,,,,,,,,,113460,,,,,,,,,,,
166994,56000,57700,57500,55200,55600,70000,1.2e+06,1.2e+06,1.2e+06,1.2e+06,1.596e+06,1.596e+06,,432260.902,,,,,,,,,,100,1,0.990099,0,100,0
167347,,,,,,,,,,,,,,,,,,113800,,,,,,,,,,,
167848,,,,,,,,,,,,,,,,,,114141,,,,,,,,,,,
167994,56400,57700,57400,55200,55800,70000,1.2e+06,1.2e+06,1.2e+06,1.2e+06,1.596e+06,1.596e+06,,432269.239,,,,,,,,,,100,1.9802,0,0,100,0.990099
168348,,,,,,,,,,,,,,,,,,114481,,,,,,,,,,,
168848,,,,,,,,,,,,,,,,,,114822,,,,,,,,,,,
168994,56400,57700,57400,55200,55600,70000,1.2e+06,1.2e+06,1.2e+06,1.2e+06,1.596e+06,1.596e+06,,432277.477,,,,,,,,,,100,1.9802,0,0,100,0
169349,,,,,,,,,,,,,,,,,,115163,,,,,,,,,,,
169850,,,,,,,,,,,,,,,,,,115504,,,,,,,,,,,
169994,56200,57500,57200,55200,55600,70000,1.2e+06,1.2e+06,1.2e+06,1.2e+06,1.596e+06,1.596e+06,,432285.802,,,,,,,,,,100,0,0,0,100,0
170350,,,,,,,,,,,,,,,,,,115844,,,,,,,,,,,
170850,,,,,,,,,,,,,,,,,,116185,,,,,,,,,,,
170859,,,,,,,,,,,,,,,,,,,,,,981,,,,,,,
170994,56200,57700,57200,55200,55800,70000,1.2e+06,1.2e+06,1.2e+06,1.2e+06,1.596e+06,1.596e+06,26.177,432294.119,,,,,,,,,,100,1.9802,0,0,100,0
171352,,,,,,,,,,,,,,,,,,116526,,,,,,,,,,,
171852,,,,,,,,,,,,,,,,,,116867,,,,,,,,,,,
171994,56000,57500,57200,55200,55600,70000,1.2e+06,1.2e+06,1.2e+06,1.2e+06,1.596e+06,1.596e+06,,432302.356,,,,,,,,,,100,0,0.990099,0,100,0
172353,,,,,,,,,,,,,,,,,,117208,,,,,,,,,,,
172423,,,,,,,,,,,,,,,,,,,,,,990,,,,,,,
172854,,,,,,,,,,,,,,,,,,117549,,,,,,,,,,,
172943,,,,,,,,,,,,,,,,,,,,,,993,,,,,,,
172994,56400,57700,57200,55200,55600,70000,1.2e+06,1.2e+06,1.2e+06,1.2e+06,1.596e+06,1.596e+06,,432310.662,,,,,,,,,,100,1,0,0,100,0
173354,,,,,,,,,,,,,,,,,,117889,,,,,,,,,,,
173854,,,,,,,,,,,,,,,,,,118230,,,,,,,,,,,
173994,56200,57700,57400,55200,55800,70000,1.2e+06,1.2e+06,1.2e+06,1.2e+06,1.596e+06,1.596e+06,,432316.860,,,,,,,,,,100,1,0,0,100,0
174355,,,,,,,,,,,,,,,,,,118571,,,,,,,,,,,
174856,,,,,,,,,,,,,,,,,,118912,,,,,,,,,,,
174994,56400,57700,57400,55600,55800,70000,1.2e+06,1.2e+06,1.2e+06,1.2e+06,1.596e+06,1.596e+06,,432325.099,,,,,,,,,,100,1,0,0,100,0
175357,,,,,,,,,,,,,,,,,,119253,,,,,,,,,,,
175858,,,,,,,,,,,,,,,,,,119594,,,,,,,,,,,
175994,56400,57700,57000,55200,55600,70000,1.2e+06,1.2e+06,1.2e+06,1.2e+06,1.596e+06,1.596e+06,,432333.436,,,,,,,,,,100,0,0,0,100,0
176358,,,,,,,,,,,,,,,,,,119934,,,,,,,,,,,
176858,,,,,,,,,,,,,,,,,,120275,,,,,,,,,,,
176994,56400,57700,57200,55200,55600,70000,1.2e+06,1.2e+06,1.2e+06,1.2e+06,1.596e+06,1.596e+06,,432341.678,,,,,,,,,,100,0,0,0,100,0
177358,,,,,,,,,,,,,,,,,,120615,,,,,,,,,,,
177859,,,,,,,,,,,,,,,,,,120956,,,,,,,,,,,
177994,56200,57700,57200,55200,55600,70000,1.2e+06,1.2e+06,1.2e+06,1.2e+06,1.596e+06,1.596e+06,,432349.993,,,,,,,,,,100,1,0,0,100,0.990099
178359,,,,,,,,,,,,,,,,,,121296,,,,,,,,,,,
178859,,,,,,,,,,,,,,,,,,121637,,,,,,,,,,,
178994,56400,57700,57400,55200,55600,70000,1.2e+06,1.2e+06,1.2e+06,1.2e+06,1.596e+06,1.596e+06,,432358.231,,,,,,,,,,100,1.9802,0,0,100,0
179359,,,,,,,,,,,,,,,,,,121977,,,,,,,,,,,
179860,,,,,,,,,,,,,,,,,,122318,,,,,,,,,,,
179994,56400,57700,57200,55200,55800,70000,1.2e+06,1.2e+06,1.2e+06,1.2e+06,1.596e+06,1.596e+06,,432366.549,,,,,,,,,,100,1.96078,1,0,100,0
