# Started at: 2022-06-22 20:49:32 +0000, Version: v0.1-182-g8091d52, Generated by: thermobench --verbose --randomize --time=60 --wait=50 --wait-timeout=60 --sensors_file=/root/thermobench/src/sensors.tx2 --cpu-usage --column=CPU0_work_done --column=CPU1_work_done --column=CPU2_work_done --column=CPU3_work_done --column=CPU4_work_done --column=CPU5_work_done --output=/root/JSA/power_experiment/measurements_randomized/scale-1x/tx2/all/inst_0123.json.yaml.csv -- demos-sched -p high -c /root/JSA/power_experiment/demos_configurations/scale-1x/tx2/all/inst_0123.json.yaml
time/ms,Cortex_A57_temp/m°C,Denver2_temp/m°C,GPU_temp/m°C,PLL_temp/m°C,Tboard_temp/m°C,Tdiode_temp/m°C,Thfan_temp/m°C,GPU_load/‰,GPU_freq/Hz,Cortex_A57_0_freq/Hz,Denver2_0_freq/Hz,Denver2_1_freq/Hz,Cortex_A57_1_freq/Hz,Cortex_A57_2_freq/Hz,Cortex_A57_3_freq/Hz,GPU_voltage/µV,CPU_voltage/µV,EMC_freq/Hz,SYS_GPU_current/mA,SYS_GPU_voltage/mV,SYS_GPU_power/mW,SYS_SOC_current/mA,SYS_SOC_voltage/mV,SYS_SOC_power/mW,4V0_WIFI_current/mA,4V0_WIFI_voltage/mV,4V0_WIFI_power/mW,IN_current/mA,IN_voltage/mV,IN_power/mW,SYS_CPU_current/mA,SYS_CPU_voltage/mV,SYS_CPU_power/mW,SYS_DDR_current/mA,SYS_DDR_voltage/mV,SYS_DDR_power/mW,CUR_PWM/%,CPU0_work_done,CPU1_work_done,CPU2_work_done,CPU3_work_done,CPU4_work_done,CPU5_work_done,CPU0_load/%,CPU1_load/%,CPU2_load/%,CPU3_load/%,CPU4_load/%,CPU5_load/%
92.2282,50500,50500,48500,50500,46000,48250,50000,0,1.4025e+08,1.996e+06,2.034e+06,2.035e+06,1.999e+06,1.998e+06,1.997e+06,630078,898632,1.6e+09,8,19184,153,36,19184,690,12,4816,57,210,19200,4070,64,19192,1228,188,4816,905,0,,,,,,,66.6667,0,9.09091,63.6364,9.09091,66.6667
141.44,,,,,,,,,,,,,,,,,,,,,,,,,,,,,,,,,,,,,,,,,0,,0,,,,,,
649.586,,,,,,,,,,,,,,,,,,,,,,,,,,,,,,,,,,,,,,,,,1,,,,,,,,
649.904,,,,,,,,,,,,,,,,,,,,,,,,,,,,,,,,,,,,,,,,,,,1,,,,,,
1227.59,51000,51000,48500,51000,46000,48250,50200,0,1.4025e+08,1.998e+06,2.035e+06,2.035e+06,1.997e+06,1.997e+06,1.998e+06,630078,898632,1.6e+09,8,19176,153,40,19168,766,12,4816,57,284,19184,5448,100,19176,1917,280,4808,1346,0,,,,,,,91.1504,0.884956,0.877193,84.9558,3.47826,69.2982
1333.92,,,,,,,,,,,,,,,,,,,,,,,,,,,,,,,,,,,,,,,,,2,,,,,,,,
1507.79,,,,,,,,,,,,,,,,,,,,,,,,,,,,,,,,,,,,,,,,,,,2,,,,,,
1836.67,,,,,,,,,,,,,,,,,,,,,,,,,,,,,,,,,,,,,,,,,3,,,,,,,,
2038,50000,50000,48500,50000,46000,48500,50000,0,1.4025e+08,1.997e+06,2.034e+06,2.035e+06,1.998e+06,1.997e+06,1.997e+06,630078,898632,1.6e+09,8,19176,153,40,19176,767,12,4816,57,256,19192,4913,84,19184,1611,256,4816,1232,0,,,,,,,87.6543,0,0,77.7778,0,56.7901
2365.58,,,,,,,,,,,,,,,,,,,,,,,,,,,,,,,,,,,,,,,,,,,3,,,,,,
2517.38,,,,,,,,,,,,,,,,,,,,,,,,,,,,,,,,,,,,,,,,,4,,,,,,,,
3189.17,51000,51000,49000,51000,46000,48500,50200,0,1.4025e+08,2.036e+06,2.035e+06,2.035e+06,2.035e+06,2.036e+06,2.035e+06,630078,917968,1.6e+09,8,19176,153,40,19168,766,12,4816,57,282,19184,5409,100,19176,1917,284,4808,1365,0,,,,,,,90.5172,0,0,84.4828,0.877193,69.5652
3198.72,,,,,,,,,,,,,,,,,,,,,,,,,,,,,,,,,,,,,,,,,5,,,,,,,,
3222.47,,,,,,,,,,,,,,,,,,,,,,,,,,,,,,,,,,,,,,,,,,,4,,,,,,
3700.4,,,,,,,,,,,,,,,,,,,,,,,,,,,,,,,,,,,,,,,,,6,,,,,,,,
4078.79,,,,,,,,,,,,,,,,,,,,,,,,,,,,,,,,,,,,,,,,,,,5,,,,,,
4383.23,,,,,,,,,,,,,,,,,,,,,,,,,,,,,,,,,,,,,,,,,7,,,,,,,,
4572.5,51000,51000,49000,51000,46000,48500,50200,0,1.4025e+08,1.998e+06,2.034e+06,2.034e+06,1.997e+06,1.996e+06,1.997e+06,630078,898632,1.6e+09,8,19168,153,40,19160,766,8,4816,57,318,19176,6097,120,19168,2300,316,4808,1519,0,,,,,,,92.7536,0,0,86.9565,2.17391,74.8201
4582.51,,,,,,,,,,,,,,,,,,,,,,,,,,,,,,,,,,,,,,,,,,,6,,,,,,
5064.71,,,,,,,,,,,,,,,,,,,,,,,,,,,,,,,,,,,,,,,,,8,,,,,,,,
5228.96,51000,51000,49000,51000,46000,48500,49900,0,1.4025e+08,1.997e+06,2.035e+06,2.034e+06,1.997e+06,1.998e+06,1.998e+06,630078,898632,1.6e+09,8,19176,153,40,19168,766,12,4816,57,288,19184,5524,104,19176,1994,288,4808,1384,0,,,,,,,84.8485,0,0,74.2424,1.51515,46.1538
5441.25,,,,,,,,,,,,,,,,,,,,,,,,,,,,,,,,,,,,,,,,,,,7,,,,,,
5568.28,,,,,,,,,,,,,,,,,,,,,,,,,,,,,,,,,,,,,,,,,9,,,,,,,,
6227.27,,,,,,,,,,,,,,,,,,,,,,,,,,,,,,,,,,,,,,0,,,,,,,,,,,
6248.45,,,,,,,,,,,,,,,,,,,,,,,,,,,,,,,,,,,,,,,,,10,,,,,,,,
6300.31,,,,,,,,,,,,,,,,,,,,,,,,,,,,,,,,,,,,,,,,,,,8,,,,,,
6618.7,51000,51000,49000,51000,46000,48500,49900,0,1.4025e+08,2.035e+06,2.036e+06,2.035e+06,2.035e+06,2.035e+06,2.033e+06,630078,909375,1.6e+09,8,19168,153,40,19160,766,12,4816,57,320,19176,6136,124,19168,2376,316,4808,1519,0,,,,,,,92.7536,0,0,87.0504,1.43885,74.8201
6752.25,,,,,,,,,,,,,,,,,,,,,,,,,,,,,,,,,,,,,,,,,11,,,,,,,,
7156.65,,,,,,,,,,,,,,,,,,,,,,,,,,,,,,,,,,,,,,,,,,,9,,,,,,
7432.72,,,,,,,,,,,,,,,,,,,,,,,,,,,,,,,,,,,,,,,,,12,,,,,,,,
7512.89,51000,51000,49000,51000,46000,48500,49600,0,1.4025e+08,1.996e+06,2.034e+06,2.034e+06,1.997e+06,1.995e+06,1.995e+06,630078,898632,1.6e+09,8,19168,153,40,19160,766,12,4816,57,314,19176,6021,120,19168,2300,312,4808,1500,0,,,,,,,87.7778,1.1236,1.11111,80,3.37079,61.7978
7659.54,,,,,,,,,,,,,,,,,,,,,,,,,,,,,,,,,,,,,,,,,,,10,,,,,,
8114.17,,,,,,,,,,,,,,,,,,,,,,,,,,,,,,,,,,,,,,,,,13,,,,,,,,
8501.64,51000,51000,49000,51000,46000,48750,49900,0,1.4025e+08,1.996e+06,2.035e+06,2.034e+06,1.997e+06,1.997e+06,1.997e+06,630078,898632,1.6e+09,8,19168,153,40,19160,766,12,4816,57,312,19176,5982,120,19168,2300,312,4808,1500,0,,,,,,,89.899,0,0,81.8182,2,64
8516.29,,,,,,,,,,,,,,,,,,,,,,,,,,,,,,,,,,,,,,,,,,,11,,,,,,
8616.71,,,,,,,,,,,,,,,,,,,,,,,,,,,,,,,,,,,,,,,,,14,,,,,,,,
9297.41,,,,,,,,,,,,,,,,,,,,,,,,,,,,,,,,,,,,,,,,,15,,,,,,,,
9373.04,,,,,,,,,,,,,,,,,,,,,,,,,,,,,,,,,,,,,,,,,,,12,,,,,,
9794.53,51000,51000,48500,51000,46000,48750,50200,0,1.4025e+08,2.035e+06,2.034e+06,2.035e+06,2.034e+06,2.034e+06,2.035e+06,630078,909375,1.6e+09,8,19168,153,40,19160,766,12,4816,57,310,19176,5944,116,19168,2223,308,4808,1480,0,,,,,,,92.1875,0,0,86.1538,0.787402,64.0625
9802.74,,,,,,,,,,,,,,,,,,,,,,,,,,,,,,,,,,,,,,,,,16,,,,,,,,
10019.1,50500,50500,49000,50500,46000,48750,50200,0,1.4025e+08,2.034e+06,2.035e+06,2.035e+06,2.035e+06,2.034e+06,2.034e+06,630078,928710,1.6e+09,8,19176,153,40,19176,767,8,4816,38,256,19184,4911,84,19184,1611,256,4816,1232,0,,,,,,,54.5455,0,0,22.7273,0,0
10230,,,,,,,,,,,,,,,,,,,,,,,,,,,,,,,,,,,,,,,,,,,13,,,,,,
10482.5,,,,,,,,,,,,,,,,,,,,,,,,,,,,,,,,,,,,,,,,,17,,,,,,,,
11087.7,,,,,,,,,,,,,,,,,,,,,,,,,,,,,,,,,,,,,,,,,,,14,,,,,,
11163.6,,,,,,,,,,,,,,,,,,,,,,,,,,,,,,,,,,,,,,,,,18,,,,,,,,
11592.1,,,,,,,,,,,,,,,,,,,,,,,,,,,,,,,,,,,,,,,,,,,15,,,,,,
11665.9,,,,,,,,,,,,,,,,,,,,,,,,,,,,,,,,,,,,,,,,,19,,,,,,,,
11891.2,50500,50500,49000,50500,47000,48500,50200,0,1.4025e+08,1.996e+06,2.035e+06,2.034e+06,1.996e+06,1.997e+06,2.023e+06,630078,909375,1.6e+09,8,19168,153,40,19168,766,12,4816,57,292,19184,5601,104,19176,1994,292,4808,1403,0,,,,,,,94.1799,0,0,87.7005,1.06952,69.1489
12212.8,51000,51000,49000,51000,47000,48500,50200,0,1.4025e+08,2.036e+06,2.034e+06,2.035e+06,2.036e+06,2.035e+06,2.035e+06,630078,917968,1.6e+09,8,19176,153,40,19168,766,12,4816,38,284,19184,5448,100,19176,1917,284,4808,1365,0,,,,,,,68.75,0,0,60.6061,3.125,59.375
12308.4,,,,,,,,,,,,,,,,,,,,,,,,,,,,,,,,,,,,,,1,,,,,,,,,,,
12347.4,,,,,,,,,,,,,,,,,,,,,,,,,,,,,,,,,,,,,,,,,20,,,,,,,,
12451.1,,,,,,,,,,,,,,,,,,,,,,,,,,,,,,,,,,,,,,,,,,,16,,,,,,
13030.8,,,,,,,,,,,,,,,,,,,,,,,,,,,,,,,,,,,,,,,,,21,,,,,,,,
13309.1,,,,,,,,,,,,,,,,,,,,,,,,,,,,,,,,,,,,,,,,,,,17,,,,,,
13534.8,,,,,,,,,,,,,,,,,,,,,,,,,,,,,,,,,,,,,,,,,22,,,,,,,,
13618,51000,51000,49000,51000,47000,48750,50200,0,1.4025e+08,1.998e+06,2.036e+06,2.034e+06,1.998e+06,1.997e+06,1.997e+06,630078,898632,1.6e+09,8,19168,153,40,19160,766,8,4816,38,320,19176,6136,124,19168,2376,316,4808,1519,0,,,,,,,92.8058,0,0.70922,87.234,2.14286,75.1773
14167.6,,,,,,,,,,,,,,,,,,,,,,,,,,,,,,,,,,,,,,,,,,,18,,,,,,
14216.6,,,,,,,,,,,,,,,,,,,,,,,,,,,,,,,,,,,,,,,,,23,,,,,,,,
14530,51000,51000,49000,51000,47000,48750,50200,0,1.4025e+08,2.034e+06,2.035e+06,2.034e+06,2.034e+06,2.034e+06,2.035e+06,630078,909375,1.6e+09,8,19168,153,40,19160,766,12,4816,38,314,19176,6021,120,19168,2300,312,4808,1500,0,,,,,,,88.0435,0,0,81.1111,0,61.5385
14670.2,,,,,,,,,,,,,,,,,,,,,,,,,,,,,,,,,,,,,,,,,,,19,,,,,,
14719.3,,,,,,,,,,,,,,,,,,,,,,,,,,,,,,,,,,,,,,,,,24,,,,,,,,
15400.6,,,,,,,,,,,,,,,,,,,,,,,,,,,,,,,,,,,,,,,,,25,,,,,,,,
15529.4,,,,,,,,,,,,,,,,,,,,,,,,,,,,,,,,,,,,,,,,,,,20,,,,,,
15933.9,50500,50500,49000,50500,47000,48750,49900,186,1.4025e+08,2.034e+06,2.036e+06,2.035e+06,2.034e+06,2.034e+06,2.035e+06,630078,928710,1.6e+09,8,19176,153,40,19168,766,8,4816,38,282,19184,5409,100,19176,1917,280,4816,1348,0,,,,,,,92.0863,1.40845,0.714286,80.8511,2.14286,56.7376
16082,,,,,,,,,,,,,,,,,,,,,,,,,,,,,,,,,,,,,,,,,26,,,,,,,,
16386.5,,,,,,,,,,,,,,,,,,,,,,,,,,,,,,,,,,,,,,,,,,,21,,,,,,
16394.6,51000,51000,49000,51000,47000,48750,49900,0,1.4025e+08,1.997e+06,2.035e+06,2.035e+06,1.997e+06,1.997e+06,1.996e+06,630078,917968,1.6e+09,8,19168,153,40,19160,766,12,4816,57,306,19176,5867,112,19168,2146,304,4808,1461,0,,,,,,,80.4348,0,0,80.8511,4.25532,80.4348
16585.1,,,,,,,,,,,,,,,,,,,,,,,,,,,,,,,,,,,,,,,,,27,,,,,,,,
17245.5,,,,,,,,,,,,,,,,,,,,,,,,,,,,,,,,,,,,,,,,,,,22,,,,,,
17266.5,,,,,,,,,,,,,,,,,,,,,,,,,,,,,,,,,,,,,,,,,28,,,,,,,,
17769.3,,,,,,,,,,,,,,,,,,,,,,,,,,,,,,,,,,,,,,,,,29,,,,,,,,
17912.5,50500,50500,49000,50500,47000,48750,49700,0,1.4025e+08,2.037e+06,2.036e+06,2.035e+06,2.039e+06,2.041e+06,2.033e+06,630078,909375,1.6e+09,8,19176,153,40,19168,766,8,4816,38,286,19184,5486,100,19176,1917,284,4816,1367,0,,,,,,,92.7632,0,0,83.5526,1.31579,60.9272
18049.9,50500,50500,48500,50500,47000,48750,49700,0,1.4025e+08,1.997e+06,2.035e+06,2.035e+06,1.997e+06,1.999e+06,1.998e+06,630078,917968,1.6e+09,8,19176,153,40,19168,766,12,4816,57,258,19184,4949,84,19184,1611,260,4816,1252,0,,,,,,,28.5714,0,0,21.4286,0,21.4286
18103.9,,,,,,,,,,,,,,,,,,,,,,,,,,,,,,,,,,,,,,,,,,,23,,,,,,
18381,,,,,,,,,,,,,,,,,,,,,,,,,,,,,,,,,,,,,,2,,,,,,,,,,,
18450.5,,,,,,,,,,,,,,,,,,,,,,,,,,,,,,,,,,,,,,,,,30,,,,,,,,
18606.9,,,,,,,,,,,,,,,,,,,,,,,,,,,,,,,,,,,,,,,,,,,24,,,,,,
19123.5,50500,50500,49000,50500,47000,48750,49700,0,1.4025e+08,2.035e+06,2.035e+06,2.034e+06,2.034e+06,2.034e+06,2.034e+06,630078,917968,1.6e+09,8,19176,153,40,19168,766,12,4816,57,272,19184,5256,92,19176,1764,272,4808,1307,0,,,,,,,90.6542,0,0.934579,83.3333,1.88679,67.8899
19133.6,,,,,,,,,,,,,,,,,,,,,,,,,,,,,,,,,,,,,,,,,31,,,,,,,,
19465,,,,,,,,,,,,,,,,,,,,,,,,,,,,,,,,,,,,,,,,,,,25,,,,,,
19636.9,,,,,,,,,,,,,,,,,,,,,,,,,,,,,,,,,,,,,,,,,32,,,,,,,,
20318.1,,,,,,,,,,,,,,,,,,,,,,,,,,,,,,,,,,,,,,,,,33,,,,,,,,
20322.7,,,,,,,,,,,,,,,,,,,,,,,,,,,,,,,,,,,,,,,,,,,26,,,,,,
20375.8,51000,51000,49000,51000,47000,48750,50200,0,1.4025e+08,2.034e+06,2.034e+06,2.034e+06,2.035e+06,2.035e+06,2.033e+06,630078,917968,1.6e+09,8,19168,153,40,19160,766,12,4816,57,302,19176,5829,112,19168,2146,300,4808,1442,0,,,,,,,91.9355,0,0,86.2903,0.8,72
20821.8,,,,,,,,,,,,,,,,,,,,,,,,,,,,,,,,,,,,,,,,,34,,,,,,,,
21180.9,,,,,,,,,,,,,,,,,,,,,,,,,,,,,,,,,,,,,,,,,,,27,,,,,,
21502.5,,,,,,,,,,,,,,,,,,,,,,,,,,,,,,,,,,,,,,,,,35,,,,,,,,
21760.9,51000,51000,49000,51000,47000,48750,50000,0,1.4025e+08,1.997e+06,2.035e+06,2.035e+06,1.998e+06,1.998e+06,1.996e+06,630078,898632,1.6e+09,8,19168,153,40,19160,766,12,4816,57,314,19176,6021,120,19168,2300,308,4808,1480,0,,,,,,,92.1429,0.724638,0,87.0504,2.17391,68.1159
22037.9,,,,,,,,,,,,,,,,,,,,,,,,,,,,,,,,,,,,,,,,,,,28,,,,,,
22185.9,,,,,,,,,,,,,,,,,,,,,,,,,,,,,,,,,,,,,,,,,36,,,,,,,,
22540.9,,,,,,,,,,,,,,,,,,,,,,,,,,,,,,,,,,,,,,,,,,,29,,,,,,
22648.1,51000,51000,49000,51000,47000,48750,50200,0,1.4025e+08,1.997e+06,2.035e+06,2.034e+06,1.997e+06,1.997e+06,1.997e+06,630078,898632,1.6e+09,8,19168,153,40,19160,766,12,4816,57,322,19176,6174,124,19168,2376,320,4808,1538,0,,,,,,,88.764,0,0,79.7753,1.13636,70.7865
22689,,,,,,,,,,,,,,,,,,,,,,,,,,,,,,,,,,,,,,,,,37,,,,,,,,
23203.6,51000,51000,49000,51000,47000,48750,50200,0,1.4025e+08,1.997e+06,2.034e+06,2.035e+06,1.997e+06,1.998e+06,1.997e+06,630078,898632,1.6e+09,8,19176,153,40,19168,766,12,4816,57,284,19184,5448,100,19176,1917,284,4808,1365,0,,,,,,,81.8182,0,0,69.0909,3.57143,36.3636
23370.4,,,,,,,,,,,,,,,,,,,,,,,,,,,,,,,,,,,,,,,,,38,,,,,,,,
23400,,,,,,,,,,,,,,,,,,,,,,,,,,,,,,,,,,,,,,,,,,,30,,,,,,
24051.5,,,,,,,,,,,,,,,,,,,,,,,,,,,,,,,,,,,,,,,,,39,,,,,,,,
24183.7,51000,51000,49000,51000,47000,48750,50200,0,1.4025e+08,2.034e+06,2.036e+06,2.035e+06,2.036e+06,2.035e+06,2.036e+06,630078,909375,1.6e+09,8,19176,153,40,19168,766,12,4816,57,282,19184,5409,100,19176,1917,280,4808,1346,0,,,,,,,88.8889,0,0,81.6327,0,63.6364
24257.3,,,,,,,,,,,,,,,,,,,,,,,,,,,,,,,,,,,,,,,,,,,31,,,,,,
24461.3,,,,,,,,,,,,,,,,,,,,,,,,,,,,,,,,,,,,,,3,,,,,,,,,,,
24553.9,,,,,,,,,,,,,,,,,,,,,,,,,,,,,,,,,,,,,,,,,40,,,,,,,,
25114.5,,,,,,,,,,,,,,,,,,,,,,,,,,,,,,,,,,,,,,,,,,,32,,,,,,
25235.3,,,,,,,,,,,,,,,,,,,,,,,,,,,,,,,,,,,,,,,,,41,,,,,,,,
25391.6,51000,51000,49000,51000,47000,48750,50200,0,1.4025e+08,1.998e+06,2.035e+06,2.034e+06,2e+06,2.034e+06,2.04e+06,630078,909375,1.6e+09,8,19168,153,40,19160,766,12,4816,57,304,19176,5829,112,19168,2146,304,4808,1461,0,,,,,,,91.6667,0,0.826446,85.124,0.840336,72.1311
25618.3,,,,,,,,,,,,,,,,,,,,,,,,,,,,,,,,,,,,,,,,,,,33,,,,,,
25738.6,,,,,,,,,,,,,,,,,,,,,,,,,,,,,,,,,,,,,,,,,42,,,,,,,,
26419.9,,,,,,,,,,,,,,,,,,,,,,,,,,,,,,,,,,,,,,,,,43,,,,,,,,
26475.9,,,,,,,,,,,,,,,,,,,,,,,,,,,,,,,,,,,,,,,,,,,34,,,,,,
26973.4,50500,50500,49000,50500,47000,48750,49900,0,1.4025e+08,2.034e+06,2.034e+06,2.035e+06,2.035e+06,2.033e+06,2.034e+06,630078,928710,1.6e+09,8,19176,153,40,19168,766,12,4816,57,268,19184,5141,92,19176,1764,268,4808,1288,0,,,,,,,89.8734,0,0,80.5031,1.26582,58.5987
27100.7,,,,,,,,,,,,,,,,,,,,,,,,,,,,,,,,,,,,,,,,,44,,,,,,,,
27335.2,,,,,,,,,,,,,,,,,,,,,,,,,,,,,,,,,,,,,,,,,,,35,,,,,,
27389.3,51000,51000,49000,51000,47000,48750,49900,0,1.4025e+08,1.998e+06,2.035e+06,2.035e+06,1.998e+06,1.999e+06,1.997e+06,630078,898632,1.6e+09,8,19168,153,40,19160,766,12,4816,57,306,19176,5867,112,19168,2146,304,4808,1461,0,,,,,,,90.2439,2.38095,0,88.0952,7.14286,88.0952
27604.9,,,,,,,,,,,,,,,,,,,,,,,,,,,,,,,,,,,,,,,,,45,,,,,,,,
28193.3,,,,,,,,,,,,,,,,,,,,,,,,,,,,,,,,,,,,,,,,,,,36,,,,,,
28287.7,,,,,,,,,,,,,,,,,,,,,,,,,,,,,,,,,,,,,,,,,46,,,,,,,,
28347.8,51000,51000,49000,51000,47000,48750,49900,186,1.4025e+08,1.997e+06,2.034e+06,2.035e+06,2.018e+06,2.042e+06,2.041e+06,630078,909375,1.6e+09,8,19168,153,40,19160,766,12,4816,57,302,19184,5793,112,19176,2147,300,4808,1442,0,,,,,,,88.4211,0,1.04167,81.25,2.10526,63.9175
28790.7,,,,,,,,,,,,,,,,,,,,,,,,,,,,,,,,,,,,,,,,,47,,,,,,,,
29051,,,,,,,,,,,,,,,,,,,,,,,,,,,,,,,,,,,,,,,,,,,37,,,,,,
29471.2,,,,,,,,,,,,,,,,,,,,,,,,,,,,,,,,,,,,,,,,,48,,,,,,,,
29553,,,,,,,,,,,,,,,,,,,,,,,,,,,,,,,,,,,,,,,,,,,38,,,,,,
29773.3,51000,51000,49000,51000,47000,49000,50200,0,1.4025e+08,2.034e+06,2.035e+06,2.035e+06,2.034e+06,2.035e+06,2.034e+06,630078,917968,1.6e+09,8,19168,153,40,19160,766,12,4816,57,310,19176,5944,116,19168,2223,308,4808,1480,0,,,,,,,92.9577,0,0,88.0282,1.40845,67.6056
30152.3,,,,,,,,,,,,,,,,,,,,,,,,,,,,,,,,,,,,,,,,,49,,,,,,,,
30410.6,,,,,,,,,,,,,,,,,,,,,,,,,,,,,,,,,,,,,,,,,,,39,,,,,,
30543.1,,,,,,,,,,,,,,,,,,,,,,,,,,,,,,,,,,,,,,4,,,,,,,,,,,
30655,,,,,,,,,,,,,,,,,,,,,,,,,,,,,,,,,,,,,,,,,50,,,,,,,,
30682.1,51000,51000,49000,51000,47000,48750,50200,0,1.4025e+08,2.035e+06,2.035e+06,2.035e+06,2.034e+06,2.037e+06,2.035e+06,630078,909375,1.6e+09,8,19168,153,40,19160,766,12,4816,57,320,19176,6136,124,19168,2376,316,4808,1519,0,,,,,,,89.011,0,0,80.4348,1.0989,71.4286
31266.9,,,,,,,,,,,,,,,,,,,,,,,,,,,,,,,,,,,,,,,,,,,40,,,,,,
31337.8,,,,,,,,,,,,,,,,,,,,,,,,,,,,,,,,,,,,,,,,,51,,,,,,,,
31439,51000,51000,49000,51000,47000,48750,50400,0,1.4025e+08,1.997e+06,2.035e+06,2.035e+06,1.997e+06,1.997e+06,1.997e+06,630078,898632,1.6e+09,8,19168,153,40,19160,766,8,4816,38,308,19176,5906,116,19168,2223,308,4808,1480,0,,,,,,,85.7143,1.31579,0,76.3158,1.35135,56
31840.3,,,,,,,,,,,,,,,,,,,,,,,,,,,,,,,,,,,,,,,,,52,,,,,,,,
32124.3,,,,,,,,,,,,,,,,,,,,,,,,,,,,,,,,,,,,,,,,,,,41,,,,,,
32521.8,,,,,,,,,,,,,,,,,,,,,,,,,,,,,,,,,,,,,,,,,53,,,,,,,,
32627.1,,,,,,,,,,,,,,,,,,,,,,,,,,,,,,,,,,,,,,,,,,,42,,,,,,
32999.5,50500,50500,49000,50500,47000,49000,50200,0,1.4025e+08,2.034e+06,2.036e+06,2.036e+06,2.035e+06,2.034e+06,2.034e+06,630078,928710,1.6e+09,8,19176,153,40,19168,766,8,4816,38,260,19184,4987,84,19184,1611,260,4816,1252,0,,,,,,,88.3117,0,0,78.8462,1.92308,56.4103
33202.7,,,,,,,,,,,,,,,,,,,,,,,,,,,,,,,,,,,,,,,,,54,,,,,,,,
33484.7,,,,,,,,,,,,,,,,,,,,,,,,,,,,,,,,,,,,,,,,,,,43,,,,,,
33704.7,,,,,,,,,,,,,,,,,,,,,,,,,,,,,,,,,,,,,,,,,55,,,,,,,,
33724.8,51500,51500,49000,51500,47000,49000,50500,0,1.4025e+08,2.035e+06,2.036e+06,2.034e+06,2.035e+06,2.035e+06,2.036e+06,630078,909375,1.6e+09,8,19168,153,40,19160,766,12,4816,57,320,19176,6097,124,19168,2376,316,4808,1519,0,,,,,,,97.2973,0,1.36986,97.2222,0,90.411
34341.5,,,,,,,,,,,,,,,,,,,,,,,,,,,,,,,,,,,,,,,,,,,44,,,,,,
34388.1,,,,,,,,,,,,,,,,,,,,,,,,,,,,,,,,,,,,,,,,,56,,,,,,,,
34626.4,51500,51500,49000,51500,47000,49000,50500,0,1.4025e+08,2.035e+06,2.035e+06,2.035e+06,2.034e+06,2.034e+06,2.034e+06,630078,909375,1.6e+09,8,19168,153,40,19160,766,8,4816,38,320,19176,6136,124,19168,2376,320,4808,1538,0,,,,,,,88.8889,0,0,80.2198,2.1978,66.6667
35069.3,,,,,,,,,,,,,,,,,,,,,,,,,,,,,,,,,,,,,,,,,57,,,,,,,,
35200.4,,,,,,,,,,,,,,,,,,,,,,,,,,,,,,,,,,,,,,,,,,,45,,,,,,
35570.8,51500,51500,49500,51500,47000,48750,50500,93,1.4025e+08,2.035e+06,2.035e+06,2.035e+06,2.036e+06,2.036e+06,2.034e+06,630078,909375,1.6e+09,8,19168,153,40,19160,766,12,4816,57,318,19176,6097,120,19168,2300,316,4808,1519,0,,,,,,,89.3617,0,0,81.0526,1.07527,63.1579
35580.1,,,,,,,,,,,,,,,,,,,,,,,,,,,,,,,,,,,,,,,,,58,,,,,,,,
36058.3,,,,,,,,,,,,,,,,,,,,,,,,,,,,,,,,,,,,,,,,,,,46,,,,,,
36252.3,,,,,,,,,,,,,,,,,,,,,,,,,,,,,,,,,,,,,,,,,59,,,,,,,,
36561.8,,,,,,,,,,,,,,,,,,,,,,,,,,,,,,,,,,,,,,,,,,,47,,,,,,
36617.4,,,,,,,,,,,,,,,,,,,,,,,,,,,,,,,,,,,,,,5,,,,,,,,,,,
36756.3,,,,,,,,,,,,,,,,,,,,,,,,,,,,,,,,,,,,,,,,,60,,,,,,,,
36945.6,51000,51000,49000,51000,47000,48750,50400,0,1.4025e+08,2.076e+06,2.035e+06,2.035e+06,2.035e+06,2.035e+06,2.036e+06,630078,928710,1.6e+09,8,19176,153,40,19168,766,12,4816,57,278,19184,5333,96,19176,1840,276,4816,1329,0,,,,,,,89.781,0.729927,0,79.562,1.45985,54.7445
37243.1,51000,51000,49000,51000,47000,48750,50400,0,1.4025e+08,2.035e+06,2.035e+06,2.035e+06,2.035e+06,2.035e+06,2.035e+06,630078,917968,1.6e+09,8,19176,153,40,19168,766,12,4816,57,290,19184,5563,104,19176,1994,288,4808,1384,0,,,,,,,76.6667,0,0,74.1935,3.33333,73.3333
37419.2,,,,,,,,,,,,,,,,,,,,,,,,,,,,,,,,,,,,,,,,,,,48,,,,,,
37437.5,,,,,,,,,,,,,,,,,,,,,,,,,,,,,,,,,,,,,,,,,61,,,,,,,,
38082.2,50500,50500,49000,50500,47000,48750,50200,0,1.4025e+08,2.034e+06,2.035e+06,2.034e+06,1.997e+06,1.996e+06,1.998e+06,630078,898632,1.6e+09,8,19176,153,40,19168,766,12,4816,57,266,19184,5102,88,19176,1687,268,4808,1288,0,,,,,,,87.9518,0,0,79.5181,1.20482,58.3333
38118.7,,,,,,,,,,,,,,,,,,,,,,,,,,,,,,,,,,,,,,,,,62,,,,,,,,
38277.4,,,,,,,,,,,,,,,,,,,,,,,,,,,,,,,,,,,,,,,,,,,49,,,,,,
38621.5,,,,,,,,,,,,,,,,,,,,,,,,,,,,,,,,,,,,,,,,,63,,,,,,,,
39133.8,,,,,,,,,,,,,,,,,,,,,,,,,,,,,,,,,,,,,,,,,,,50,,,,,,
39301.8,,,,,,,,,,,,,,,,,,,,,,,,,,,,,,,,,,,,,,,,,64,,,,,,,,
39445,51500,51500,49000,51500,47000,48750,49900,0,1.4025e+08,2.034e+06,2.035e+06,2.035e+06,2.034e+06,2.036e+06,2.034e+06,630078,917968,1.6e+09,8,19168,153,40,19160,766,12,4816,57,310,19176,5944,116,19168,2223,308,4808,1480,0,,,,,,,91.9708,0,0,86.7647,1.47059,74.2647
39637.6,,,,,,,,,,,,,,,,,,,,,,,,,,,,,,,,,,,,,,,,,,,51,,,,,,
39807.8,,,,,,,,,,,,,,,,,,,,,,,,,,,,,,,,,,,,,,,,,65,,,,,,,,
40035.2,50500,50500,49000,50500,47000,49000,49900,0,1.4025e+08,1.988e+06,2.035e+06,2.035e+06,1.998e+06,1.997e+06,1.993e+06,630078,898632,1.6e+09,8,19176,153,40,19176,767,12,4816,38,258,19192,4951,84,19184,1611,260,4816,1252,0,,,,,,,83.0508,0,0,70.4918,3.38983,43.3333
40490,,,,,,,,,,,,,,,,,,,,,,,,,,,,,,,,,,,,,,,,,66,,,,,,,,
40496.2,,,,,,,,,,,,,,,,,,,,,,,,,,,,,,,,,,,,,,,,,,,52,,,,,,
41099.9,51000,51000,49000,51000,47000,49000,50200,0,1.4025e+08,2.035e+06,2.035e+06,2.034e+06,2.035e+06,2.034e+06,2.035e+06,630078,917968,1.6e+09,8,19176,153,40,19168,766,12,4816,57,268,19184,5141,92,19176,1764,268,4808,1288,0,,,,,,,90.566,0,0,83.0189,0,66.3551
41171.9,,,,,,,,,,,,,,,,,,,,,,,,,,,,,,,,,,,,,,,,,67,,,,,,,,
41354.6,,,,,,,,,,,,,,,,,,,,,,,,,,,,,,,,,,,,,,,,,,,53,,,,,,
41675.6,,,,,,,,,,,,,,,,,,,,,,,,,,,,,,,,,,,,,,,,,68,,,,,,,,
42212.2,,,,,,,,,,,,,,,,,,,,,,,,,,,,,,,,,,,,,,,,,,,54,,,,,,
42334.4,51000,51000,49500,51000,47000,48750,50400,0,1.4025e+08,2.035e+06,2.035e+06,2.036e+06,2.034e+06,2.036e+06,2.034e+06,630078,909375,1.6e+09,8,19168,153,40,19168,766,12,4816,57,300,19184,5755,108,19176,2071,296,4808,1423,0,,,,,,,91.9355,0,0,86.1789,0.819672,71.5447
42356.3,,,,,,,,,,,,,,,,,,,,,,,,,,,,,,,,,,,,,,,,,69,,,,,,,,
42688.5,,,,,,,,,,,,,,,,,,,,,,,,,,,,,,,,,,,,,,6,,,,,,,,,,,
43039.4,,,,,,,,,,,,,,,,,,,,,,,,,,,,,,,,,,,,,,,,,70,,,,,,,,
43068.1,,,,,,,,,,,,,,,,,,,,,,,,,,,,,,,,,,,,,,,,,,,55,,,,,,
43247.3,51500,51500,49000,51500,47000,49000,50700,0,1.4025e+08,1.997e+06,2.034e+06,2.034e+06,1.998e+06,1.998e+06,1.996e+06,630078,898632,1.6e+09,8,19176,153,40,19168,766,12,4816,57,290,19184,5563,104,19176,1994,288,4808,1384,0,,,,,,,87.9121,0,1.08696,80.4348,2.22222,62.3656
43543.1,,,,,,,,,,,,,,,,,,,,,,,,,,,,,,,,,,,,,,,,,71,,,,,,,,
43571.9,,,,,,,,,,,,,,,,,,,,,,,,,,,,,,,,,,,,,,,,,,,56,,,,,,
44223.6,,,,,,,,,,,,,,,,,,,,,,,,,,,,,,,,,,,,,,,,,72,,,,,,,,
44429.3,,,,,,,,,,,,,,,,,,,,,,,,,,,,,,,,,,,,,,,,,,,57,,,,,,
44716.7,51500,51500,49500,51500,47000,49000,50700,0,1.4025e+08,1.997e+06,2.034e+06,2.033e+06,1.997e+06,1.997e+06,1.998e+06,630078,917968,1.6e+09,8,19168,153,40,19160,766,8,4816,38,316,19176,6059,120,19168,2300,316,4808,1519,0,,,,,,,93.1507,0,0,87.7551,1.36054,72.7891
44726.7,,,,,,,,,,,,,,,,,,,,,,,,,,,,,,,,,,,,,,,,,73,,,,,,,,
45286.9,,,,,,,,,,,,,,,,,,,,,,,,,,,,,,,,,,,,,,,,,,,58,,,,,,
45407.6,,,,,,,,,,,,,,,,,,,,,,,,,,,,,,,,,,,,,,,,,74,,,,,,,,
45863.1,51000,51000,49500,51000,47000,49000,50700,0,1.4025e+08,1.996e+06,2.036e+06,2.035e+06,1.995e+06,1.996e+06,1.996e+06,630078,898632,1.6e+09,8,19168,153,40,19160,766,12,4816,57,302,19176,5791,112,19168,2146,296,4808,1423,0,,,,,,,91.3043,0.869565,0,82.6087,1.75439,57.5221
46089,,,,,,,,,,,,,,,,,,,,,,,,,,,,,,,,,,,,,,,,,75,,,,,,,,
46143.7,,,,,,,,,,,,,,,,,,,,,,,,,,,,,,,,,,,,,,,,,,,59,,,,,,
46178.8,51000,51000,49000,51000,47000,49000,50700,0,1.4025e+08,2.034e+06,2.036e+06,2.035e+06,2.035e+06,2.035e+06,2.034e+06,630078,909375,1.6e+09,8,19176,153,40,19168,766,8,4816,38,282,19184,5409,100,19176,1917,280,4808,1346,0,,,,,,,65.625,0,0,50,3.22581,51.5152
46592,,,,,,,,,,,,,,,,,,,,,,,,,,,,,,,,,,,,,,,,,76,,,,,,,,
46646.9,,,,,,,,,,,,,,,,,,,,,,,,,,,,,,,,,,,,,,,,,,,60,,,,,,
47109.5,51000,51000,49000,51000,47000,49000,50400,0,1.4025e+08,1.997e+06,2.034e+06,2.034e+06,1.996e+06,1.998e+06,1.998e+06,630078,898632,1.6e+09,8,19176,153,40,19168,766,12,4816,57,270,19184,5179,92,19176,1764,272,4808,1307,0,,,,,,,89.2473,0,0,81.7204,0,61.7021
47273.8,,,,,,,,,,,,,,,,,,,,,,,,,,,,,,,,,,,,,,,,,77,,,,,,,,
47504.9,,,,,,,,,,,,,,,,,,,,,,,,,,,,,,,,,,,,,,,,,,,61,,,,,,
47775.4,,,,,,,,,,,,,,,,,,,,,,,,,,,,,,,,,,,,,,,,,78,,,,,,,,
48361.9,,,,,,,,,,,,,,,,,,,,,,,,,,,,,,,,,,,,,,,,,,,62,,,,,,
48457,,,,,,,,,,,,,,,,,,,,,,,,,,,,,,,,,,,,,,,,,79,,,,,,,,
48761.6,,,,,,,,,,,,,,,,,,,,,,,,,,,,,,,,,,,,,,7,,,,,,,,,,,
48772.7,51500,51500,49000,51500,47000,49000,50400,0,1.4025e+08,1.996e+06,2.036e+06,2.035e+06,1.997e+06,1.996e+06,1.997e+06,630078,898632,1.6e+09,8,19168,153,40,19160,766,12,4816,57,314,19176,6021,120,19168,2300,312,4808,1500,0,,,,,,,93.9394,0.598802,0.598802,89.1566,2.99401,73.1707
49139.8,,,,,,,,,,,,,,,,,,,,,,,,,,,,,,,,,,,,,,,,,80,,,,,,,,
49219,,,,,,,,,,,,,,,,,,,,,,,,,,,,,,,,,,,,,,,,,,,63,,,,,,
49228.2,51000,51000,49000,51000,47000,49000,49900,0,1.4025e+08,1.997e+06,2.036e+06,2.037e+06,1.997e+06,1.998e+06,1.996e+06,630078,898632,1.6e+09,8,19176,153,40,19168,766,12,4816,57,288,19184,5524,104,19176,1994,288,4808,1384,0,,,,,,,78.2609,0,0,60.8696,2.17391,45.6522
49643.2,,,,,,,,,,,,,,,,,,,,,,,,,,,,,,,,,,,,,,,,,81,,,,,,,,
50076.9,,,,,,,,,,,,,,,,,,,,,,,,,,,,,,,,,,,,,,,,,,,64,,,,,,
50232.1,51500,51500,49000,51500,47000,49000,50200,0,1.4025e+08,1.998e+06,2.035e+06,2.035e+06,1.997e+06,1.999e+06,1.997e+06,630078,898632,1.6e+09,8,19176,153,40,19168,766,12,4816,57,288,19184,5524,104,19176,1994,288,4808,1384,0,,,,,,,89.1089,0,0,82.1782,1,65
50324.1,,,,,,,,,,,,,,,,,,,,,,,,,,,,,,,,,,,,,,,,,82,,,,,,,,
50580.6,,,,,,,,,,,,,,,,,,,,,,,,,,,,,,,,,,,,,,,,,,,65,,,,,,
50827.4,,,,,,,,,,,,,,,,,,,,,,,,,,,,,,,,,,,,,,,,,83,,,,,,,,
51147.8,51000,51000,49000,51000,47000,49000,50200,0,1.4025e+08,1.998e+06,2.034e+06,2.035e+06,1.997e+06,1.997e+06,1.997e+06,630078,898632,1.6e+09,8,19176,153,40,19168,766,8,4816,57,276,19184,5294,96,19176,1840,276,4808,1327,0,,,,,,,89.011,0,0,81.3187,2.17391,61.2903
51437.6,,,,,,,,,,,,,,,,,,,,,,,,,,,,,,,,,,,,,,,,,,,66,,,,,,
51508,,,,,,,,,,,,,,,,,,,,,,,,,,,,,,,,,,,,,,,,,84,,,,,,,,
52192.3,,,,,,,,,,,,,,,,,,,,,,,,,,,,,,,,,,,,,,,,,85,,,,,,,,
52294.8,,,,,,,,,,,,,,,,,,,,,,,,,,,,,,,,,,,,,,,,,,,67,,,,,,
52695,,,,,,,,,,,,,,,,,,,,,,,,,,,,,,,,,,,,,,,,,86,,,,,,,,
52987.3,51000,51000,49500,51000,47000,49000,50700,0,1.4025e+08,2.035e+06,2.034e+06,2.034e+06,2.035e+06,2.035e+06,2.035e+06,630078,928710,1.6e+09,8,19176,153,40,19168,766,12,4816,57,264,19184,5064,88,19176,1687,264,4816,1271,0,,,,,,,90.7609,0.543478,0,82.1622,1.0989,64.1304
53151.8,,,,,,,,,,,,,,,,,,,,,,,,,,,,,,,,,,,,,,,,,,,68,,,,,,
53375.6,,,,,,,,,,,,,,,,,,,,,,,,,,,,,,,,,,,,,,,,,87,,,,,,,,
53654.9,,,,,,,,,,,,,,,,,,,,,,,,,,,,,,,,,,,,,,,,,,,69,,,,,,
53878.2,51000,51000,49500,51000,47000,49250,50700,0,1.4025e+08,1.995e+06,2.035e+06,2.035e+06,1.996e+06,1.996e+06,1.996e+06,630078,898632,1.6e+09,8,19168,153,40,19168,766,12,4816,57,296,19184,5678,108,19176,2071,292,4808,1403,0,,,,,,,95.5556,0,0,92.2222,1.1236,73.0337
54056.6,,,,,,,,,,,,,,,,,,,,,,,,,,,,,,,,,,,,,,,,,88,,,,,,,,
54350,51500,51500,49500,51500,47000,49000,50700,0,1.4025e+08,2.035e+06,2.035e+06,2.035e+06,2.034e+06,2.036e+06,2.034e+06,630078,917968,1.6e+09,8,19168,153,40,19160,766,12,4816,57,302,19184,5793,112,19176,2147,300,4808,1442,0,,,,,,,78.7234,0,0,70.2128,0,68.75
54511.6,,,,,,,,,,,,,,,,,,,,,,,,,,,,,,,,,,,,,,,,,,,70,,,,,,
54558.8,,,,,,,,,,,,,,,,,,,,,,,,,,,,,,,,,,,,,,,,,89,,,,,,,,
54827.6,,,,,,,,,,,,,,,,,,,,,,,,,,,,,,,,,,,,,,8,,,,,,,,,,,
55170,51500,51500,49000,51500,47000,49000,50500,0,1.4025e+08,2.035e+06,2.034e+06,2.036e+06,2.034e+06,2.036e+06,2.035e+06,630078,898632,1.6e+09,8,19176,153,40,19168,766,8,4816,38,282,19184,5409,96,19176,1917,280,4808,1346,0,,,,,,,87.6543,1.21951,1.20482,78.0488,1.23457,58.0247
55241.3,,,,,,,,,,,,,,,,,,,,,,,,,,,,,,,,,,,,,,,,,90,,,,,,,,
55369,,,,,,,,,,,,,,,,,,,,,,,,,,,,,,,,,,,,,,,,,,,71,,,,,,
55743.3,,,,,,,,,,,,,,,,,,,,,,,,,,,,,,,,,,,,,,,,,91,,,,,,,,
56226,,,,,,,,,,,,,,,,,,,,,,,,,,,,,,,,,,,,,,,,,,,72,,,,,,
56267.1,51500,51500,49000,51500,47000,49000,50500,0,1.4025e+08,2.034e+06,2.035e+06,2.035e+06,2.034e+06,2.034e+06,2.035e+06,630078,917968,1.6e+09,8,19176,153,40,19168,766,8,4816,38,294,19184,5640,104,19176,1994,292,4808,1403,0,,,,,,,90.8257,0,0,84.4037,1.83486,67.8899
56424.2,,,,,,,,,,,,,,,,,,,,,,,,,,,,,,,,,,,,,,,,,92,,,,,,,,
57082.6,,,,,,,,,,,,,,,,,,,,,,,,,,,,,,,,,,,,,,,,,,,73,,,,,,
57104,,,,,,,,,,,,,,,,,,,,,,,,,,,,,,,,,,,,,,,,,93,,,,,,,,
57321.3,51500,51500,49500,51500,47000,49000,50500,0,1.4025e+08,2.035e+06,2.033e+06,2.034e+06,2.035e+06,2.034e+06,2.034e+06,630078,909375,1.6e+09,8,19168,153,40,19168,766,8,4816,38,300,19184,5755,108,19176,2071,296,4808,1423,0,,,,,,,90.4762,0.943396,0,83.0189,0.961538,66.3551
57586.8,,,,,,,,,,,,,,,,,,,,,,,,,,,,,,,,,,,,,,,,,,,74,,,,,,
57607.6,,,,,,,,,,,,,,,,,,,,,,,,,,,,,,,,,,,,,,,,,94,,,,,,,,
58291.2,,,,,,,,,,,,,,,,,,,,,,,,,,,,,,,,,,,,,,,,,95,,,,,,,,
58445.2,,,,,,,,,,,,,,,,,,,,,,,,,,,,,,,,,,,,,,,,,,,75,,,,,,
58558.4,51500,51500,49500,51500,47000,49000,50400,0,1.4025e+08,2.036e+06,2.035e+06,2.034e+06,2.034e+06,2.036e+06,2.035e+06,630078,917968,1.6e+09,8,19168,153,40,19160,766,12,4816,57,318,19176,6097,120,19168,2300,316,4808,1519,0,,,,,,,91.2,0,0.8,85.4839,2.41935,72.1311
58794.9,,,,,,,,,,,,,,,,,,,,,,,,,,,,,,,,,,,,,,,,,96,,,,,,,,
59303.9,,,,,,,,,,,,,,,,,,,,,,,,,,,,,,,,,,,,,,,,,,,76,,,,,,
59476.7,,,,,,,,,,,,,,,,,,,,,,,,,,,,,,,,,,,,,,,,,97,,,,,,,,
59613.9,51500,51500,49500,51500,47000,49250,50400,64,1.4025e+08,1.996e+06,2.035e+06,2.034e+06,1.997e+06,1.996e+06,1.998e+06,630078,898632,1.6e+09,8,19168,153,40,19160,766,8,4816,38,320,19176,6136,124,19168,2376,316,4808,1519,0,,,,,,,90.4762,0,0,83.0189,0.961538,66.3551
