# Started at: 2022-06-30 06:36:40 +0000, Version: v0.1-182-g8091d52, Generated by: thermobench --verbose --randomize --time=1800 --wait=50 --wait-timeout=60 --sensors_file=/root/thermobench/src/sensors.tx2 --cpu-usage --column=CPU0_work_done --column=CPU1_work_done --column=CPU2_work_done --column=CPU3_work_done --column=CPU4_work_done --column=CPU5_work_done --output=/root/JSA/methods_comparison/measurements/tx2/cpu//IN_5-ILP-IDLE-MIN.json.yaml.csv -- demos-sched -p high -c /root/JSA/methods_comparison/demos_configurations/tx2/cpu//IN_5-ILP-IDLE-MIN.json.yaml
time/ms,Cortex_A57_temp/m°C,Denver2_temp/m°C,GPU_temp/m°C,PLL_temp/m°C,Tboard_temp/m°C,Tdiode_temp/m°C,Thfan_temp/m°C,GPU_load/‰,GPU_freq/Hz,Cortex_A57_0_freq/Hz,Denver2_0_freq/Hz,Denver2_1_freq/Hz,Cortex_A57_1_freq/Hz,Cortex_A57_2_freq/Hz,Cortex_A57_3_freq/Hz,GPU_voltage/µV,CPU_voltage/µV,EMC_freq/Hz,SYS_GPU_current/mA,SYS_GPU_voltage/mV,SYS_GPU_power/mW,SYS_SOC_current/mA,SYS_SOC_voltage/mV,SYS_SOC_power/mW,4V0_WIFI_current/mA,4V0_WIFI_voltage/mV,4V0_WIFI_power/mW,IN_current/mA,IN_voltage/mV,IN_power/mW,SYS_CPU_current/mA,SYS_CPU_voltage/mV,SYS_CPU_power/mW,SYS_DDR_current/mA,SYS_DDR_voltage/mV,SYS_DDR_power/mW,CUR_PWM/%,CPU0_work_done,CPU1_work_done,CPU2_work_done,CPU3_work_done,CPU4_work_done,CPU5_work_done,CPU0_load/%,CPU1_load/%,CPU2_load/%,CPU3_load/%,CPU4_load/%,CPU5_load/%
642.415,57500,57500,54000,57500,52000,53750,54600,0,1.4025e+08,2.038e+06,2.035e+06,2.035e+06,2.037e+06,2.034e+06,2.035e+06,630078,909375,1.6e+09,8,19168,153,36,19160,689,12,4816,57,354,19176,6788,204,19168,3910,192,4816,924,80,,,,,,,89.2308,61.5385,70.7692,78.4615,87.6923,84.6154
1975.5,58000,58000,55000,58000,52000,54250,56500,0,1.4025e+08,2.036e+06,2.035e+06,2.035e+06,2.032e+06,2.039e+06,2.038e+06,630078,909375,1.6e+09,8,19160,153,36,19152,689,12,4816,57,386,19168,7398,232,19160,4445,200,4816,963,80,,,,,,,88.0597,51.5152,61.3636,86.5672,92.5926,82.8358
2531.15,57500,57500,55000,57500,52000,54500,56500,0,1.4025e+08,1.999e+06,2.035e+06,2.035e+06,1.998e+06,2.001e+06,1.998e+06,630078,898632,1.6e+09,8,19160,153,40,19152,766,12,4816,57,374,19176,7171,216,19160,4138,204,4816,982,80,,,,,,,92.5926,44,32.1429,96.2963,96.2963,81.4815
3661.28,58000,58000,55000,58000,52000,54500,56500,0,1.4025e+08,1.997e+06,2.034e+06,2.035e+06,1.998e+06,1.999e+06,1.998e+06,630078,898632,1.6e+09,8,19160,153,36,19160,689,12,4816,57,362,19176,6941,208,19160,3985,204,4816,982,80,,,,,,,93.75,35.9649,21.2389,92.7928,95.5752,91.0714
4638.78,58500,58500,55500,58500,52000,54750,57000,0,1.4025e+08,1.997e+06,2.035e+06,2.036e+06,2.001e+06,1.999e+06,1.999e+06,630078,898632,1.6e+09,8,19152,153,36,19144,689,12,4816,57,424,19160,8123,272,19152,5209,196,4816,943,80,,,,,,,88.6598,58.7629,79.3814,88.5417,91.9192,82.4742
5950.61,58000,58000,55500,58000,52000,55000,57300,0,1.4025e+08,2.034e+06,2.035e+06,2.035e+06,2.038e+06,2.041e+06,2.042e+06,630078,909375,1.6e+09,8,19152,153,40,19144,765,12,4816,57,416,19168,7973,260,19152,4979,208,4816,1001,80,,,,,,,87.9699,53.0303,75.7576,84.8485,93.1818,82.5758
6947.87,57500,57500,55500,57500,52000,55000,56800,0,1.4025e+08,2.037e+06,2.035e+06,2.034e+06,2.035e+06,2.034e+06,2.038e+06,630078,909375,1.6e+09,8,19168,153,36,19160,689,12,4816,57,352,19176,6749,200,19168,3833,196,4816,943,80,,,,,,,100,38.7755,25.5102,80.6122,93.9394,83.8384
7199.24,58000,58000,55500,58000,52000,55000,56800,0,1.4025e+08,2.036e+06,2.034e+06,2.035e+06,2.041e+06,2.037e+06,2.036e+06,630078,909375,1.6e+09,8,19160,153,40,19152,766,12,4816,57,362,19176,6941,204,19160,3908,204,4816,982,80,,,,,,,100,50,36,100,96,80
8890.32,58000,58000,55500,58000,52000,55250,57300,0,1.4025e+08,1.999e+06,2.035e+06,2.035e+06,1.999e+06,1.999e+06,1.999e+06,630078,898632,1.6e+09,8,19160,153,40,19152,766,12,4816,57,376,19168,7207,220,19160,4215,200,4816,963,80,,,,,,,89.4118,53.012,66.0819,82.8402,92.8571,85.2941
9707.21,58000,58000,55500,58000,52000,55250,57300,0,1.4025e+08,2.035e+06,2.034e+06,2.034e+06,2.037e+06,2.036e+06,2.035e+06,630078,909375,1.6e+09,8,19160,153,36,19152,689,12,4816,57,386,19168,7398,232,19160,4445,200,4816,963,80,,,,,,,92.3077,41.4634,50,85.1852,93.8272,83.75
10243.6,58500,58500,55500,58500,52000,55250,57300,0,1.4025e+08,2.035e+06,2.034e+06,2.035e+06,2.032e+06,2.034e+06,2.033e+06,630078,909375,1.6e+09,8,19152,153,40,19144,765,12,4816,57,400,19168,7667,248,19152,4749,200,4816,963,80,,,,,,,90.9091,77.7778,49.0566,81.4815,92.5926,87.037
11116,58000,58000,55500,58000,52000,55250,57300,0,1.4025e+08,2.033e+06,2.034e+06,2.035e+06,2.034e+06,2.036e+06,2.038e+06,630078,909375,1.6e+09,8,19160,153,40,19152,766,12,4816,57,382,19168,7322,224,19160,4291,204,4816,982,80,,,,,,,88.2353,55.1724,40.6977,89.6552,95.4023,82.5581
12780.5,58500,58500,55500,58500,52000,55250,57300,0,1.4025e+08,2.045e+06,2.035e+06,2.035e+06,2.035e+06,2.034e+06,2.036e+06,630078,909375,1.6e+09,8,19160,153,40,19152,766,12,4816,57,378,19168,7207,224,19160,4291,204,4816,982,80,,,,,,,89.0244,46.6667,58.0838,87.2727,93.9759,83.0303
13612.9,58500,58500,56000,58500,52000,55250,57500,0,1.4025e+08,2.035e+06,2.034e+06,2.035e+06,2.035e+06,2.035e+06,2.035e+06,630078,898632,1.6e+09,8,19160,153,36,19160,689,12,4816,57,360,19176,6903,204,19160,3908,200,4816,963,80,,,,,,,92.8571,44.7059,17.8571,86.9048,93.8272,85.5422
14157.4,58000,58000,55500,58000,52000,55250,57000,0,1.4025e+08,2.035e+06,2.035e+06,2.035e+06,2.038e+06,2.035e+06,2.035e+06,630078,909375,1.6e+09,8,19168,153,40,19160,766,12,4816,57,354,19176,6788,200,19168,3833,204,4816,982,80,,,,,,,87.5,31.4815,16.9811,90.566,94.5455,87.037
15328.8,58500,58500,55500,58500,52000,55250,57000,0,1.4025e+08,2.037e+06,2.035e+06,2.035e+06,2.032e+06,2.038e+06,2.035e+06,630078,909375,1.6e+09,8,19160,153,40,19152,766,12,4816,57,368,19176,7056,212,19160,4061,208,4816,1001,80,,,,,,,90.4348,38.2609,29.9145,83.8983,94.0171,87.931
16928.7,58000,58000,55500,58000,52000,55000,57000,0,1.4025e+08,2.036e+06,2.034e+06,2.034e+06,2.035e+06,2.034e+06,2.035e+06,630078,909375,1.6e+09,8,19160,153,40,19160,766,12,4816,57,362,19176,6903,204,19160,3908,204,4816,982,80,,,,,,,90,41.0256,17.1975,88.0503,93.75,85.625
17253.7,58000,58000,55500,58000,52000,55250,57000,0,1.4025e+08,2.035e+06,2.034e+06,2.035e+06,2.034e+06,2.035e+06,2.034e+06,630078,909375,1.6e+09,8,19168,153,36,19160,689,12,4816,57,338,19176,6481,188,19168,3603,192,4816,924,80,,,,,,,90.3226,29.4118,12.1212,74.1935,87.8788,87.5
18357.6,58000,58000,55500,58000,52000,55250,57000,0,1.4025e+08,2.042e+06,2.034e+06,2.035e+06,2.033e+06,2.034e+06,2.038e+06,630078,909375,1.6e+09,8,19168,153,40,19160,766,12,4816,57,352,19176,6749,196,19168,3756,204,4816,982,80,,,,,,,90.991,40.9091,26.6055,90.9091,94.5455,87.2727
19586.8,58000,58000,55500,58000,52000,55000,57300,0,1.4025e+08,2.036e+06,2.034e+06,2.034e+06,2.036e+06,2.032e+06,2.035e+06,630078,909375,1.6e+09,8,19168,153,40,19160,766,12,4816,57,356,19176,6826,200,19168,3833,200,4816,963,80,,,,,,,89.2562,37.8151,26.0504,84.4262,93.4959,84.5528
20473.8,58000,58000,55500,58000,52000,55250,57300,0,1.4025e+08,2.04e+06,2.035e+06,2.035e+06,2.04e+06,2.028e+06,2.042e+06,630078,909375,1.6e+09,8,19168,153,36,19160,689,12,4816,57,352,19176,6749,196,19168,3756,200,4816,963,80,,,,,,,93.0233,38.3721,15.7303,89.8876,93.1818,88.6364
21026.7,58000,58000,55500,58000,52000,55250,57000,0,1.4025e+08,2.036e+06,2.035e+06,2.034e+06,2.035e+06,2.035e+06,2.037e+06,630078,909375,1.6e+09,8,19160,153,40,19160,766,12,4816,57,362,19176,6941,208,19160,3985,204,4816,982,80,,,,,,,87.5,37.5,29.6296,85.7143,96.3636,85.1852
22468.1,58500,58500,56000,58500,52000,55250,57000,0,1.4025e+08,2.034e+06,2.035e+06,2.034e+06,2.038e+06,2.035e+06,2.035e+06,630078,909375,1.6e+09,8,19160,153,40,19160,766,12,4816,57,356,19176,6826,200,19168,3833,204,4816,982,80,,,,,,,90.0709,38.3562,21.2766,88.1944,93.75,86.2069
23792.5,58000,58000,55500,58000,52000,55250,57000,0,1.4025e+08,2.037e+06,2.035e+06,2.034e+06,2.034e+06,2.036e+06,2.035e+06,630078,909375,1.6e+09,8,19160,153,40,19160,766,12,4816,57,358,19176,6865,204,19168,3910,200,4816,963,80,,,,,,,90.0763,38.6364,27.6119,86.2595,93.2331,84.8485
24065.7,58000,58000,55500,58000,52000,55250,57300,0,1.4025e+08,2.035e+06,2.035e+06,2.036e+06,2.033e+06,2.034e+06,2.035e+06,630078,917968,1.6e+09,8,19168,153,36,19160,689,12,4816,57,350,19176,6711,196,19168,3756,196,4816,943,80,,,,,,,92.8571,30.7692,11.1111,68.9655,92.3077,92.8571
25004.8,58500,58500,55500,58500,52000,55250,57300,0,1.4025e+08,2.05e+06,2.034e+06,2.034e+06,2.04e+06,2.048e+06,2.039e+06,630078,909375,1.6e+09,8,19160,153,40,19152,766,12,4816,57,364,19176,6980,208,19160,3985,204,4816,982,80,,,,,,,89.1304,38.0435,30.1075,89.2473,94.6809,87.3684
26385.2,58500,58500,55500,58500,52000,55000,57000,0,1.4025e+08,2.035e+06,2.035e+06,2.035e+06,2.034e+06,2.034e+06,2.035e+06,630078,917968,1.6e+09,8,19160,153,40,19160,766,12,4816,57,360,19176,6903,204,19168,3910,204,4816,982,80,,,,,,,90.5109,40,23.0216,86.8613,93.4783,86.1314
27401.8,58500,58500,55500,58500,52000,55250,57000,0,1.4025e+08,2.042e+06,2.035e+06,2.035e+06,2.039e+06,2.038e+06,2.038e+06,630078,909375,1.6e+09,8,19160,153,36,19152,689,12,4816,57,364,19176,6980,212,19160,4061,200,4816,963,80,,,,,,,91,43.299,15,89.899,92.0792,85.1485
28429.7,58500,58500,55500,58500,52000,55000,57000,0,1.4025e+08,1.997e+06,2.034e+06,2.036e+06,1.997e+06,1.998e+06,1.998e+06,630078,898632,1.6e+09,8,19160,153,40,19152,766,12,4816,57,366,19176,7018,212,19160,4061,204,4816,982,80,,,,,,,88.2353,41.5842,27.451,83.4951,95.098,86.2745
29108.9,58500,58500,55500,58500,52000,55000,57000,0,1.4025e+08,2.034e+06,2.035e+06,2.035e+06,2.034e+06,2.033e+06,2.035e+06,630078,917968,1.6e+09,8,19160,153,40,19152,766,12,4816,57,364,19176,6980,208,19160,3985,204,4816,982,80,,,,,,,91.1765,42.6471,21.4286,86.5672,92.7536,85.5072
30824.5,58000,58000,55500,58000,52000,55250,57000,0,1.4025e+08,2.051e+06,2.035e+06,2.033e+06,2.041e+06,2.032e+06,2.037e+06,630078,909375,1.6e+09,8,19168,153,40,19160,766,12,4816,57,356,19176,6826,200,19168,3833,200,4816,963,80,,,,,,,90.5882,42.6901,16.9591,88.9535,92.9825,85.3801
31070.7,58000,58000,55500,58000,52000,55250,57000,186,1.4025e+08,1.998e+06,2.034e+06,2.034e+06,1.998e+06,1.998e+06,1.997e+06,630078,898632,1.6e+09,8,19168,153,36,19160,689,12,4816,57,344,19176,6596,192,19168,3680,196,4816,943,80,,,,,,,84,34.6154,22.2222,65.3846,95.8333,80.7692
32085.1,58000,58000,55500,58000,52000,55000,57000,0,1.4025e+08,2.036e+06,2.034e+06,2.035e+06,2.034e+06,2.033e+06,2.022e+06,630078,898632,1.6e+09,8,19160,153,40,19160,766,12,4816,57,360,19176,6903,204,19168,3910,204,4816,982,80,,,,,,,91,46,29.1262,91,94.1176,84.1584
33354.2,58000,58000,55500,58000,52000,55250,57300,0,1.4025e+08,2.037e+06,2.037e+06,2.035e+06,2.035e+06,2.032e+06,2.034e+06,630078,909375,1.6e+09,8,19160,153,40,19152,766,12,4816,57,380,19168,7283,220,19160,4215,204,4816,982,80,,,,,,,91.129,41.129,37.7049,91.2698,96,86.1789
34729.5,58000,58000,55500,58000,52000,55250,57000,0,1.4025e+08,2.036e+06,2.036e+06,2.034e+06,2.035e+06,2.035e+06,2.035e+06,630078,898632,1.6e+09,8,19168,153,36,19160,689,12,4816,57,344,19176,6596,192,19168,3680,192,4816,924,80,,,,,,,87.5912,35.7664,15.8273,83.9416,92.8058,83.3333
35720.8,58000,58000,55500,58000,52000,55000,57000,0,1.4025e+08,2.039e+06,2.036e+06,2.035e+06,2.036e+06,2.041e+06,2.042e+06,630078,909375,1.6e+09,8,19168,153,36,19160,689,12,4816,57,346,19176,6634,196,19168,3756,188,4816,905,80,,,,,,,89,38.3838,10.2041,83.8384,92.8571,84.8485
36303.4,57500,57500,55500,57500,52000,55250,57000,0,1.4025e+08,1.996e+06,2.035e+06,2.035e+06,2.035e+06,2.058e+06,2.034e+06,630078,917968,1.6e+09,8,19168,153,36,19160,689,12,4816,57,336,19176,6404,184,19168,3526,192,4816,924,80,,,,,,,86.2069,28.8136,15.5172,89.6552,91.5254,81.0345
37676.1,58000,58000,55500,58000,52000,55000,57000,0,1.4025e+08,1.999e+06,2.035e+06,2.035e+06,1.997e+06,1.997e+06,1.999e+06,630078,898632,1.6e+09,8,19168,153,36,19160,689,12,4816,57,338,19176,6481,184,19168,3526,192,4816,924,80,,,,,,,87.0504,35.2941,14.7059,84.6715,94.2029,84.058
38917.8,57500,57500,55500,57500,52000,55000,57000,0,1.4025e+08,1.998e+06,2.035e+06,2.034e+06,1.999e+06,1.999e+06,1.999e+06,630078,898632,1.6e+09,8,19168,153,36,19160,689,12,4816,57,340,19176,6519,188,19168,3603,192,4816,924,80,,,,,,,86.1789,34.6774,16.129,82.1138,94.2623,82.1138
39192.4,58000,58000,55500,58000,52000,55250,57000,0,1.4025e+08,1.997e+06,2.035e+06,2.034e+06,1.996e+06,1.998e+06,1.999e+06,630078,898632,1.6e+09,8,19168,153,36,19160,689,12,4816,57,342,19176,6558,192,19168,3680,188,4816,905,80,,,,,,,100,46.4286,0,75,93.1034,96.2963
40381.5,58000,58000,55500,58000,52000,55000,57000,0,1.4025e+08,2.033e+06,2.035e+06,2.035e+06,2.033e+06,2.036e+06,2.038e+06,630078,909375,1.6e+09,8,19168,153,36,19160,689,12,4816,57,346,19176,6634,192,19168,3680,192,4816,924,80,,,,,,,85.5932,34.4538,16.9492,87.395,94.1176,82.3529
41159.9,58000,58000,55500,58000,52000,55000,57000,0,1.4025e+08,2.036e+06,2.035e+06,2.034e+06,2.043e+06,2.042e+06,2.042e+06,630078,909375,1.6e+09,8,19168,153,36,19160,689,12,4816,57,338,19176,6481,188,19168,3603,192,4816,924,80,,,,,,,88.6076,34.6154,12.987,85.7143,92.1053,82.2785
42306.2,58000,58000,55500,58000,52000,55000,57000,0,1.4025e+08,1.998e+06,2.036e+06,2.036e+06,1.997e+06,1.999e+06,1.999e+06,630078,898632,1.6e+09,8,19168,153,36,19160,689,12,4816,57,344,19176,6596,192,19168,3680,192,4816,924,80,,,,,,,86.8421,33.913,17.3913,80.8696,94.7826,85.0877
43161.6,58000,58000,55000,58000,52000,55250,57000,0,1.4025e+08,2.036e+06,2.035e+06,2.035e+06,2.033e+06,2.035e+06,2.034e+06,630078,909375,1.6e+09,8,19168,153,36,19160,689,12,4816,57,342,19176,6558,192,19168,3680,196,4816,943,80,,,,,,,87.2093,36.0465,11.7647,88.0952,93.0233,83.7209
44771.5,57500,57500,55500,57500,52000,55250,57000,0,1.4025e+08,2.036e+06,2.034e+06,2.035e+06,2.032e+06,2.038e+06,2.039e+06,630078,909375,1.6e+09,8,19168,153,36,19160,689,12,4816,57,332,19176,6366,184,19168,3526,184,4816,886,80,,,,,,,88.1988,34.375,12.4224,80.1242,93.0818,84.5679
45464.4,58000,58000,55000,58000,52000,55250,57000,0,1.4025e+08,2.035e+06,2.035e+06,2.036e+06,2.034e+06,2.035e+06,2.038e+06,630078,909375,1.6e+09,8,19168,153,36,19160,689,12,4816,57,332,19176,6366,184,19168,3526,184,4816,886,80,,,,,,,88.4058,34.7826,14.4928,82.8571,92.9577,84.058
46490.6,58000,58000,55000,58000,52000,55000,57000,0,1.4025e+08,1.999e+06,2.034e+06,2.035e+06,1.998e+06,1.999e+06,1.999e+06,630078,898632,1.6e+09,8,19168,153,36,19160,689,12,4816,57,336,19176,6443,184,19168,3526,192,4816,924,80,,,,,,,84.3137,33.3333,20.5882,89.1089,94.0594,79.4118
47698.6,58000,58000,55500,58000,52000,55000,57000,0,1.4025e+08,2.039e+06,2.034e+06,2.036e+06,2.038e+06,2.036e+06,2.041e+06,630078,909375,1.6e+09,8,19168,153,36,19160,689,12,4816,57,344,19176,6634,196,19168,3756,192,4816,924,80,,,,,,,87.6033,36.6667,14.1667,81.8182,94.2149,85.124
48716.4,58000,58000,55500,58000,52000,55000,57000,39,1.4025e+08,2.036e+06,2.035e+06,2.035e+06,2.035e+06,2.034e+06,2.034e+06,630078,909375,1.6e+09,8,19168,153,36,19160,689,12,4816,57,336,19176,6443,184,19168,3526,192,4816,924,80,,,,,,,89.3204,32.3529,11.8812,89.2157,93.0693,82.5243
49846.2,58500,58500,55500,58500,52000,55000,57000,0,1.4025e+08,1.997e+06,2.034e+06,2.036e+06,1.997e+06,1.997e+06,1.997e+06,630078,898632,1.6e+09,8,19168,153,36,19160,689,12,4816,57,350,19176,6711,200,19168,3833,192,4816,924,80,,,,,,,87.5,37.1681,17.6991,80.3571,93.8053,85.5856
50285,58000,58000,55500,58000,52000,55000,57000,0,1.4025e+08,1.999e+06,2.035e+06,2.036e+06,1.997e+06,1.995e+06,1.997e+06,630078,898632,1.6e+09,8,19168,153,36,19160,689,12,4816,57,334,19176,6404,184,19168,3526,184,4816,886,80,,,,,,,88.6364,32.5581,0,77.2727,90.9091,84.7826
51189.6,58000,58000,55500,58000,52000,55000,56500,0,1.4025e+08,2.034e+06,2.035e+06,2.033e+06,2.035e+06,2.035e+06,2.034e+06,630078,917968,1.6e+09,8,19168,153,36,19160,689,12,4816,57,352,19176,6749,200,19168,3833,196,4816,943,80,,,,,,,85.7143,37.3626,21.1111,87.6404,94.5055,82.0225
52882.6,58000,58000,55500,58000,52000,55000,57000,0,1.4025e+08,2.034e+06,2.035e+06,2.034e+06,2.035e+06,2.034e+06,2.034e+06,630078,917968,1.6e+09,8,19168,153,36,19160,689,12,4816,57,338,19176,6481,188,19168,3603,192,4816,924,80,,,,,,,88.7574,33.3333,12.426,86.4706,93.4911,82.9412
53751.2,58000,58000,55500,58000,52000,55000,57000,0,1.4025e+08,2.033e+06,2.034e+06,2.035e+06,2.031e+06,2.041e+06,2.039e+06,630078,909375,1.6e+09,8,19168,153,36,19160,689,12,4816,57,332,19176,6366,184,19168,3526,184,4816,886,80,,,,,,,88.3721,35.2273,11.4943,76.7442,93.1034,86.2069
54978.8,57500,57500,55500,57500,52000,55000,57000,0,1.4025e+08,2.034e+06,2.035e+06,2.033e+06,2.04e+06,2.038e+06,2.042e+06,630078,909375,1.6e+09,8,19168,153,36,19160,689,12,4816,57,342,19176,6558,192,19168,3680,192,4816,924,80,,,,,,,86.9919,35.5372,16.2602,90.1639,93.4426,81.1475
55938.4,57500,57500,55500,57500,52000,55250,57000,0,1.4025e+08,1.996e+06,2.035e+06,2.036e+06,1.999e+06,1.998e+06,1.999e+06,630078,898632,1.6e+09,8,19168,153,36,19160,689,12,4816,57,330,19184,6330,180,19168,3450,184,4816,886,80,,,,,,,85.567,32.2917,13.8298,78.3505,94.7368,83.3333
56754,58000,58000,55500,58000,52000,55000,57000,0,1.4025e+08,2.035e+06,2.035e+06,2.034e+06,2.035e+06,2.033e+06,2.041e+06,630078,909375,1.6e+09,8,19168,153,36,19160,689,12,4816,57,350,19176,6711,196,19168,3756,192,4816,924,80,,,,,,,89.0244,36.5854,21.6867,86.4198,93.9024,86.4198
57363.1,58000,58000,55500,58000,52000,55250,57000,0,1.4025e+08,1.999e+06,2.035e+06,2.034e+06,1.998e+06,2.001e+06,1.997e+06,630078,898632,1.6e+09,8,19168,153,36,19160,689,12,4816,57,346,19176,6634,196,19168,3756,192,4816,924,80,,,,,,,86.4407,36.6667,11.6667,83.0508,93.3333,80.3279
58339.4,58000,58000,55500,58000,52000,55000,57000,0,1.4025e+08,2.034e+06,2.036e+06,2.035e+06,2.035e+06,2.035e+06,2.035e+06,630078,917968,1.6e+09,8,19168,153,36,19160,689,12,4816,57,340,19176,6519,188,19168,3603,192,4816,924,80,,,,,,,88,32.6531,12.3711,87.8788,93.8776,83.6735
59183.3,58500,58500,55500,58500,52000,55250,57000,0,1.4025e+08,2.037e+06,2.035e+06,2.035e+06,2.033e+06,2.042e+06,2.042e+06,630078,909375,1.6e+09,8,19168,153,36,19160,689,12,4816,57,344,19176,6596,196,19168,3756,188,4816,905,80,,,,,,,90.3614,38.0952,11.7647,80.9524,91.7647,83.3333
60470.6,57500,57500,55500,57500,52000,55000,57000,0,1.4025e+08,1.997e+06,2.035e+06,2.034e+06,1.998e+06,1.998e+06,1.999e+06,630078,909375,1.6e+09,8,19168,153,36,19160,689,12,4816,57,336,19176,6443,184,19168,3526,192,4816,924,80,,,,,,,86.0465,32.0312,15.5039,87.5,93.75,82.1705
61163.5,58000,58000,55000,58000,52000,55000,57000,0,1.4025e+08,2.035e+06,2.035e+06,2.035e+06,2.035e+06,2.034e+06,2.035e+06,630078,917968,1.6e+09,8,19168,153,36,19160,689,12,4816,57,338,19176,6481,188,19168,3603,192,4816,924,80,,,,,,,88.4058,35.7143,15.942,83.8235,92.8571,83.8235
62251.8,58000,58000,55500,58000,52000,55000,57000,0,1.4025e+08,2.034e+06,2.035e+06,2.036e+06,2.034e+06,2.035e+06,2.039e+06,630078,909375,1.6e+09,8,19168,153,36,19160,689,12,4816,57,352,19176,6749,200,19168,3833,196,4816,943,80,,,,,,,86.3636,35.1852,17.757,80.9091,95.3271,85.3211
63554,57500,57500,55500,57500,52000,55000,57000,0,1.4025e+08,2.036e+06,2.035e+06,2.036e+06,2.034e+06,2.034e+06,2.036e+06,630078,917968,1.6e+09,8,19168,153,36,19160,689,12,4816,57,340,19176,6519,188,19168,3603,192,4816,924,80,,,,,,,86.9231,34.6154,12.2137,82.9457,92.3664,82.3077
64515.1,58000,58000,55500,58000,52000,55000,57000,0,1.4025e+08,1.998e+06,2.035e+06,2.035e+06,1.998e+06,1.998e+06,1.998e+06,630078,898632,1.6e+09,8,19168,153,36,19160,689,12,4816,57,346,19176,6634,192,19168,3680,192,4816,924,80,,,,,,,88.4211,35.7895,15.625,89.6907,93.8144,82.4742
65982.7,57500,57500,55500,57500,52000,55000,56700,0,1.4025e+08,2.035e+06,2.035e+06,2.034e+06,2.035e+06,2.034e+06,2.035e+06,630078,917968,1.6e+09,8,19168,153,36,19160,689,12,4816,57,336,19176,6443,184,19168,3526,192,4816,924,80,,,,,,,87.8378,33.7838,13.6054,84.9315,93.1507,82.9932
66271.7,57500,57500,55500,57500,52000,55000,56700,0,1.4025e+08,2.034e+06,2.036e+06,2.034e+06,2.034e+06,2.033e+06,2.035e+06,630078,909375,1.6e+09,8,19168,153,36,19168,690,12,4816,57,322,19184,6177,176,19168,3373,184,4816,886,80,,,,,,,79.3103,28.5714,3.57143,64.2857,96.4286,83.3333
67817.6,58000,58000,55500,58000,52000,55000,56700,0,1.4025e+08,1.997e+06,2.035e+06,2.035e+06,1.997e+06,1.999e+06,1.998e+06,630078,898632,1.6e+09,8,19168,153,36,19160,689,12,4816,57,346,19176,6634,196,19168,3756,192,4816,924,80,,,,,,,89.0323,35.7143,17.6471,85.8065,94.1558,85.0649
68656.5,58000,58000,55500,58000,52000,55000,56800,0,1.4025e+08,2.034e+06,2.035e+06,2.035e+06,2.034e+06,2.035e+06,2.034e+06,630078,909375,1.6e+09,8,19168,153,36,19160,689,12,4816,57,344,19176,6596,192,19168,3680,192,4816,924,80,,,,,,,86.747,35.7143,11.9048,86.9048,92.8571,80.9524
69188.4,58000,58000,55500,58000,52000,55000,56800,0,1.4025e+08,2.039e+06,2.035e+06,2.036e+06,2.035e+06,2.043e+06,2.045e+06,630078,909375,1.6e+09,8,19168,153,36,19160,689,12,4816,57,348,19176,6673,196,19168,3756,196,4816,943,80,,,,,,,88.8889,33.9623,18.8679,79.6296,94.4444,86.7925
70008.8,57500,57500,55500,57500,52000,55000,57000,0,1.4025e+08,2.035e+06,2.035e+06,2.033e+06,2.033e+06,2.034e+06,2.034e+06,630078,917968,1.6e+09,8,19168,153,36,19160,689,12,4816,57,348,19176,6673,196,19168,3756,192,4816,924,80,,,,,,,85.5422,36.5854,12.3457,87.8049,92.5926,80.2469
71037.3,58000,58000,55500,58000,52000,55250,57000,0,1.4025e+08,2.034e+06,2.035e+06,2.035e+06,2.034e+06,2.04e+06,2.037e+06,630078,909375,1.6e+09,8,19168,153,36,19160,689,12,4816,57,328,19176,6289,180,19168,3450,184,4816,886,80,,,,,,,90.1961,30.6931,9.80392,78.4314,93.1373,86.4078
72347.8,58500,58500,55500,58500,52000,55250,57000,0,1.4025e+08,2.039e+06,2.035e+06,2.035e+06,2.033e+06,2.042e+06,2.042e+06,630078,909375,1.6e+09,8,19168,153,36,19160,689,12,4816,57,336,19176,6443,188,19168,3603,184,4816,886,80,,,,,,,87.0229,36.3636,14.5038,83.8462,92.4242,82.5758
73314.5,58000,58000,55500,58000,52000,55000,56800,0,1.4025e+08,2.039e+06,2.035e+06,2.035e+06,2.037e+06,2.034e+06,2.038e+06,630078,909375,1.6e+09,8,19168,153,36,19160,689,12,4816,57,352,19176,6749,200,19168,3833,196,4816,943,80,,,,,,,86.4583,35.4167,21.875,88.6598,95.8333,83.5052
74197.9,58000,58000,55500,58000,52000,55250,57000,0,1.4025e+08,2.036e+06,2.034e+06,2.034e+06,2.031e+06,2.036e+06,2.038e+06,630078,909375,1.6e+09,8,19168,153,36,19160,689,12,4816,57,342,19176,6558,192,19168,3680,192,4816,924,80,,,,,,,86.5169,34.0909,11.236,87.5,93.1818,80.6818
75117,58000,58000,55000,58000,52000,55250,57000,0,1.4025e+08,2.035e+06,2.036e+06,2.035e+06,2.036e+06,2.034e+06,2.035e+06,630078,917968,1.6e+09,8,19168,153,36,19160,689,12,4816,57,334,19176,6404,184,19168,3526,184,4816,886,80,,,,,,,89.1304,34.7826,9.89011,77.4194,92.3077,85.8696
76777.4,58000,58000,55000,58000,52000,55000,56800,0,1.4025e+08,1.997e+06,2.035e+06,2.034e+06,1.998e+06,1.998e+06,1.998e+06,630078,917968,1.6e+09,8,19168,153,36,19160,689,12,4816,57,348,19176,6673,196,19168,3756,196,4816,943,80,,,,,,,86.747,34.9398,18.0723,86.5854,94.5783,83.6364
77686.1,58000,58000,55500,58000,52000,55000,57000,0,1.4025e+08,2.035e+06,2.035e+06,2.034e+06,2.03e+06,2.039e+06,2.041e+06,630078,909375,1.6e+09,8,19168,153,36,19160,689,12,4816,57,338,19176,6481,188,19168,3603,192,4816,924,80,,,,,,,87.9121,32.5843,11.1111,87.7778,93.4066,80.4348
78815.5,58000,58000,55500,58000,52000,55000,56700,0,1.4025e+08,2.034e+06,2.034e+06,2.035e+06,2.036e+06,2.035e+06,2.035e+06,630078,898632,1.6e+09,8,19168,153,36,19160,689,12,4816,57,350,19176,6711,196,19168,3756,196,4816,943,80,,,,,,,86.8421,36.8421,16.9643,80.531,92.9825,84.8214
79492.3,58500,58500,55500,58500,52000,55000,56800,0,1.4025e+08,2.034e+06,2.035e+06,2.035e+06,2.036e+06,2.034e+06,2.034e+06,630078,917968,1.6e+09,8,19168,153,36,19160,689,12,4816,57,354,19176,6788,200,19168,3833,196,4816,943,80,,,,,,,88.0597,37.3134,17.3913,83.8235,93.9394,82.6087
80531.8,58000,58000,55500,58000,52000,55000,57000,0,1.4025e+08,1.998e+06,2.035e+06,2.035e+06,2.038e+06,2.043e+06,2.039e+06,630078,909375,1.6e+09,8,19168,153,36,19160,689,12,4816,57,348,19176,6673,196,19168,3756,192,4816,924,80,,,,,,,89.4231,35.9223,9.61538,88.4615,92.381,83.4951
81100,58000,58000,55500,58000,52000,55000,57000,0,1.4025e+08,1.978e+06,2.035e+06,2.036e+06,1.997e+06,2e+06,1.998e+06,630078,898632,1.6e+09,8,19168,153,36,19160,689,12,4816,57,342,19176,6558,188,19168,3603,192,4816,924,80,,,,,,,84.2105,29.8246,17.8571,82.1429,96.3636,82.4561
82680.3,58000,58000,55000,58000,52000,55000,57000,0,1.4025e+08,2.035e+06,2.036e+06,2.036e+06,2.029e+06,2.032e+06,2.033e+06,630078,909375,1.6e+09,8,19168,153,36,19160,689,12,4816,57,340,19176,6519,192,19168,3680,184,4816,886,80,,,,,,,88.6076,35.443,12.6582,81.6456,93.038,84.8101
83402.7,58000,58000,55500,58000,52000,55000,57000,0,1.4025e+08,2.038e+06,2.034e+06,2.036e+06,2.035e+06,2.034e+06,2.033e+06,630078,909375,1.6e+09,8,19168,153,36,19160,689,12,4816,57,334,19176,6404,184,19168,3526,184,4816,886,80,,,,,,,87.5,33.3333,13.8889,83.3333,91.7808,83.5616
84850.1,58000,58000,55500,58000,52000,55000,57000,0,1.4025e+08,2.035e+06,2.034e+06,2.036e+06,2.034e+06,2.035e+06,2.035e+06,630078,917968,1.6e+09,8,19168,153,36,19160,689,12,4816,57,326,19184,6253,180,19168,3450,184,4816,886,80,,,,,,,87.6712,32.6389,13.8889,84.8276,93.75,83.3333
85659.4,57500,57500,55500,57500,52000,55000,57000,0,1.4025e+08,1.997e+06,2.035e+06,2.035e+06,1.999e+06,1.999e+06,1.999e+06,630078,898632,1.6e+09,8,19168,153,36,19160,689,12,4816,57,348,19176,6673,196,19168,3833,192,4816,924,80,,,,,,,85.1852,41.9753,23.4568,85.1852,95.0617,81.4815
86338.6,58000,58000,55500,58000,52000,55000,56800,0,1.4025e+08,1.996e+06,2.035e+06,2.034e+06,1.999e+06,1.997e+06,1.998e+06,630078,898632,1.6e+09,8,19168,153,36,19160,689,12,4816,57,344,19176,6596,196,19168,3756,192,4816,924,80,,,,,,,86.7647,33.8235,11.9403,83.5821,94.0299,82.3529
87603.9,58000,58000,55500,58000,52000,55000,56700,0,1.4025e+08,2.034e+06,2.035e+06,2.035e+06,2.034e+06,2.041e+06,2.042e+06,630078,909375,1.6e+09,8,19168,153,36,19160,689,12,4816,57,328,19184,6292,180,19168,3450,184,4816,886,80,,,,,,,89.7638,31.746,10.2362,83.4646,92.1875,85.7143
88021.6,58000,58000,55500,58000,52000,55000,56800,0,1.4025e+08,1.996e+06,2.035e+06,2.035e+06,1.998e+06,1.998e+06,1.999e+06,630078,898632,1.6e+09,8,19168,153,36,19160,689,12,4816,57,344,19176,6558,192,19168,3680,196,4816,943,80,,,,,,,82.5,41.4634,26.1905,97.619,97.561,78.5714
89677.5,58000,58000,55500,58000,52000,55250,57000,0,1.4025e+08,2.034e+06,2.035e+06,2.035e+06,2.035e+06,2.036e+06,2.04e+06,630078,909375,1.6e+09,8,19168,153,36,19160,689,12,4816,57,326,19184,6253,180,19168,3450,184,4816,886,80,,,,,,,88.5542,33.7349,12.1212,81.2121,92.7711,84.3373
90785.8,58000,58000,55500,58000,52000,55000,57000,93,1.4025e+08,2.034e+06,2.035e+06,2.035e+06,2.035e+06,2.035e+06,2.035e+06,630078,917968,1.6e+09,8,19168,153,36,19160,689,12,4816,57,338,19176,6481,188,19168,3603,192,4816,924,80,,,,,,,86.4865,36.036,17.2727,89.0909,94.5455,81.0811
91492.6,58000,58000,55500,58000,52000,55000,57000,0,1.4025e+08,2.034e+06,2.035e+06,2.035e+06,2.035e+06,2.035e+06,2.034e+06,630078,917968,1.6e+09,8,19168,153,36,19160,689,12,4816,57,338,19176,6481,184,19168,3526,192,4816,924,80,,,,,,,87.3239,35.2113,14.2857,84.507,93.0556,83.0986
92838.5,57500,57500,55000,57500,52000,55000,57000,0,1.4025e+08,2.035e+06,2.036e+06,2.034e+06,2.036e+06,2.037e+06,2.036e+06,630078,909375,1.6e+09,8,19168,153,36,19160,689,12,4816,57,342,19176,6558,188,19168,3603,192,4816,924,80,,,,,,,87.3134,35.3383,14.9254,83.5821,94.0299,82.8358
93037.1,58000,58000,55500,58000,52000,55000,57000,0,1.4025e+08,2.033e+06,2.034e+06,2.035e+06,2.035e+06,2.032e+06,2.036e+06,630078,909375,1.6e+09,8,19168,153,36,19160,689,12,4816,57,338,19176,6481,188,19168,3603,184,4816,886,80,,,,,,,90,40,0,55,84.2105,95
94044.2,58000,58000,55500,58000,52000,55000,56800,0,1.4025e+08,2.036e+06,2.037e+06,2.035e+06,2.035e+06,2.035e+06,2.034e+06,630078,917968,1.6e+09,8,19168,153,36,19160,689,12,4816,57,350,19176,6711,196,19168,3756,196,4816,943,80,,,,,,,87.2549,33,20,88,96,84
95352.2,58000,58000,55500,58000,52000,55000,56700,0,1.4025e+08,2.034e+06,2.035e+06,2.035e+06,2.033e+06,2.036e+06,2.035e+06,630078,909375,1.6e+09,8,19168,153,36,19160,689,12,4816,57,354,19176,6788,200,19168,3833,196,4816,943,80,,,,,,,86.9231,36.1538,15.2672,83.2061,93.1298,82.7068
96016,58000,58000,55500,58000,52000,55250,57000,0,1.4025e+08,2.034e+06,2.034e+06,2.035e+06,2.034e+06,2.035e+06,2.035e+06,630078,909375,1.6e+09,8,19168,153,36,19160,689,12,4816,57,350,19176,6711,200,19168,3833,192,4816,924,80,,,,,,,86.5672,36.3636,13.6364,83.3333,93.8462,81.8182
97316.7,58000,58000,55500,58000,52000,55000,57000,0,1.4025e+08,2.035e+06,2.035e+06,2.034e+06,2.039e+06,2.034e+06,2.038e+06,630078,909375,1.6e+09,8,19168,153,36,19160,689,12,4816,57,322,19184,6177,176,19168,3373,184,4816,886,80,,,,,,,86.9231,31.5385,10.687,83.0769,92.3664,82.1705
98169,58000,58000,55000,58000,52000,55000,57000,0,1.4025e+08,1.998e+06,2.036e+06,2.035e+06,1.998e+06,1.998e+06,1.999e+06,630078,898632,1.6e+09,8,19168,153,36,19160,689,12,4816,57,348,19176,6673,196,19168,3756,192,4816,924,80,,,,,,,90.5882,36.9048,21.4286,88.0952,95.2941,87.2093
99672.7,57500,57500,55500,57500,52000,55000,57000,0,1.4025e+08,2e+06,2.034e+06,2.035e+06,2e+06,2e+06,1.999e+06,630078,898632,1.6e+09,8,19168,153,36,19160,689,12,4816,57,346,19176,6634,196,19168,3756,192,4816,924,80,,,,,,,86.755,36,13.3333,85.3333,93.3333,81.3333
100505,57500,57500,55500,57500,52000,55000,57000,0,1.4025e+08,2.035e+06,2.035e+06,2.035e+06,2.044e+06,2.033e+06,2.042e+06,630078,909375,1.6e+09,8,19168,153,36,19160,689,12,4816,57,340,19176,6519,188,19168,3603,192,4816,924,80,,,,,,,89.2857,34.5238,13.0952,85.7143,92.7711,84.3373
101180,57500,57500,55500,57500,52000,55000,57000,0,1.4025e+08,1.997e+06,2.034e+06,2.035e+06,1.998e+06,1.996e+06,1.998e+06,630078,898632,1.6e+09,8,19168,153,36,19160,689,12,4816,57,336,19176,6443,184,19168,3526,192,4816,924,80,,,,,,,86.7647,32.8358,14.9254,84.8485,92.6471,82.0896
102708,58000,58000,55500,58000,52000,55000,57000,0,1.4025e+08,1.997e+06,2.035e+06,2.034e+06,1.997e+06,1.999e+06,1.999e+06,630078,898632,1.6e+09,8,19168,153,36,19160,689,12,4816,57,334,19176,6404,188,19168,3603,184,4816,886,80,,,,,,,87.5,35.7143,12.5,79.7386,93.3775,84.9673
103850,58000,58000,55500,58000,52000,55000,57000,0,1.4025e+08,1.998e+06,2.035e+06,2.035e+06,1.998e+06,1.998e+06,1.997e+06,630078,917968,1.6e+09,8,19168,153,36,19160,689,12,4816,57,344,19176,6596,192,19168,3680,192,4816,924,80,,,,,,,86.087,35.3982,20,89.3805,94.7826,80.8696
104491,57500,57500,55500,57500,52000,55000,57000,0,1.4025e+08,2.035e+06,2.034e+06,2.035e+06,2.036e+06,2.038e+06,2.031e+06,630078,909375,1.6e+09,8,19168,153,36,19160,689,12,4816,57,344,19176,6596,192,19168,3680,192,4816,924,80,,,,,,,87.5,34.375,16.9231,82.8125,92.1875,82.5397
105904,58000,58000,55500,58000,52000,55000,57000,0,1.4025e+08,1.998e+06,2.034e+06,2.035e+06,1.997e+06,1.999e+06,1.999e+06,630078,898632,1.6e+09,8,19168,153,36,19160,689,12,4816,57,346,19176,6634,192,19168,3680,192,4816,924,80,,,,,,,87.3239,35.461,13.6691,84.3972,94.2857,83.8028
106966,58000,58000,55500,58000,52000,55000,57000,0,1.4025e+08,1.996e+06,2.034e+06,2.034e+06,1.996e+06,1.997e+06,1.996e+06,630078,898632,1.6e+09,8,19168,153,36,19168,690,12,4816,57,318,19184,6100,172,19176,3298,180,4816,886,80,,,,,,,86.7925,30.1887,12.7273,80.3738,92.5926,83.1776
107267,58000,58000,55500,58000,52000,55000,57000,0,1.4025e+08,2.001e+06,2.036e+06,2.034e+06,1.998e+06,1.998e+06,1.998e+06,630078,917968,1.6e+09,8,19168,153,36,19160,689,12,4816,57,348,19176,6673,196,19168,3756,192,4816,924,80,,,,,,,89.6552,51.7241,28.5714,100,96.5517,82.7586
108590,57500,57500,55500,57500,52000,55000,56800,0,1.4025e+08,2.028e+06,2.034e+06,2.034e+06,2.032e+06,2.035e+06,2.031e+06,630078,909375,1.6e+09,8,19168,153,36,19160,689,12,4816,57,336,19176,6443,184,19168,3526,192,4816,924,80,,,,,,,87.218,32.3308,15.1515,83.3333,93.1818,82.5758
109781,58000,58000,55500,58000,52000,55000,57000,0,1.4025e+08,2.034e+06,2.035e+06,2.035e+06,2.036e+06,2.038e+06,2.038e+06,630078,909375,1.6e+09,8,19168,153,36,19160,689,12,4816,57,336,19176,6481,188,19168,3603,188,4816,905,80,,,,,,,87.5,36.4407,12.7119,81.3559,93.3333,84.8739
110759,58000,58000,55500,58000,52000,55000,57000,0,1.4025e+08,2.035e+06,2.034e+06,2.036e+06,2.035e+06,2.036e+06,2.035e+06,630078,898632,1.6e+09,8,19168,153,36,19160,689,12,4816,57,342,19176,6558,192,19168,3680,192,4816,924,80,,,,,,,88.7755,35.0515,14.433,88.8889,93.8144,83.8384
111120,57500,57500,55500,57500,52000,55000,57000,0,1.4025e+08,2.035e+06,2.034e+06,2.034e+06,2.034e+06,2.035e+06,2.035e+06,630078,917968,1.6e+09,8,19168,153,36,19160,689,12,4816,57,322,19184,6177,176,19168,3373,184,4816,886,80,,,,,,,82.8571,27.027,5.40541,69.4444,94.2857,82.8571
112880,58000,58000,55500,58000,52000,55000,56800,0,1.4025e+08,2.035e+06,2.036e+06,2.035e+06,2.035e+06,2.035e+06,2.034e+06,630078,917968,1.6e+09,8,19168,153,36,19160,689,12,4816,57,340,19176,6519,188,19168,3603,196,4816,943,80,,,,,,,88.6364,35.7955,16.4773,87.931,93.7853,84.0909
113439,57500,57500,55500,57500,52000,55000,57000,0,1.4025e+08,2.034e+06,2.034e+06,2.033e+06,2.035e+06,2.034e+06,2.033e+06,630078,917968,1.6e+09,8,19168,153,36,19160,689,12,4816,57,342,19176,6558,192,19168,3680,192,4816,924,80,,,,,,,85.4545,35.7143,18.1818,80,92.8571,80
114521,58000,58000,55500,58000,52000,55000,57000,0,1.4025e+08,2.036e+06,2.036e+06,2.036e+06,2.032e+06,2.034e+06,2.036e+06,630078,909375,1.6e+09,8,19168,153,36,19160,689,12,4816,57,328,19184,6253,180,19168,3450,184,4816,886,80,,,,,,,89.0909,33.3333,9.17431,80.5556,92.5926,86.2385
115729,58000,58000,55500,58000,52000,55000,57000,0,1.4025e+08,2.034e+06,2.035e+06,2.034e+06,2.034e+06,2.035e+06,2.034e+06,630078,917968,1.6e+09,8,19168,153,36,19160,689,12,4816,57,350,19176,6711,200,19168,3833,192,4816,924,80,,,,,,,88.3333,39.1667,17.6471,88.4298,94.1667,82.5
116097,58500,58500,55500,58500,52000,55000,57000,0,1.4025e+08,1.998e+06,2.035e+06,2.036e+06,1.997e+06,1.997e+06,1.998e+06,630078,917968,1.6e+09,8,19168,153,36,19160,689,12,4816,57,352,19176,6749,200,19168,3833,196,4816,943,80,,,,,,,83.7838,27.027,25,77.7778,94.7368,86.4865
117859,58500,58500,55500,58500,52000,55000,57000,0,1.4025e+08,1.999e+06,2.034e+06,2.035e+06,1.996e+06,1.998e+06,1.998e+06,630078,898632,1.6e+09,8,19168,153,36,19160,689,12,4816,57,344,19176,6596,196,19168,3756,188,4816,905,80,,,,,,,88.6364,35.0575,11.3636,83.0508,93.1034,82.9545
118332,58000,58000,55500,58000,52000,55000,57000,0,1.4025e+08,1.999e+06,2.035e+06,2.035e+06,1.996e+06,1.999e+06,1.999e+06,630078,898632,1.6e+09,8,19168,153,36,19160,689,12,4816,57,350,19176,6711,196,19168,3756,196,4816,943,80,,,,,,,83.3333,35.4167,22.9167,93.617,95.7447,81.25
119118,58000,58000,55500,58000,52000,55000,57000,0,1.4025e+08,2.035e+06,2.034e+06,2.034e+06,2.034e+06,2.034e+06,2.034e+06,630078,917968,1.6e+09,8,19168,153,36,19160,689,12,4816,57,338,19176,6481,188,19168,3603,192,4816,924,80,,,,,,,88.6076,32.0513,11.6883,85.8974,91.25,83.3333
120535,58000,58000,55500,58000,52000,55000,57000,0,1.4025e+08,2.037e+06,2.034e+06,2.036e+06,2.044e+06,2.037e+06,2.044e+06,630078,909375,1.6e+09,8,19168,153,36,19160,689,12,4816,57,346,19176,6634,196,19168,3756,192,4816,924,80,,,,,,,87.234,36.6197,14.0845,84.3972,93.617,83.2168
121116,58000,58000,55500,58000,52000,55000,57000,0,1.4025e+08,2.036e+06,2.035e+06,2.035e+06,2.034e+06,2.034e+06,2.034e+06,630078,917968,1.6e+09,8,19168,153,36,19160,689,12,4816,57,346,19176,6634,196,19168,3756,196,4816,943,80,,,,,,,86.4407,32.7586,17.2414,82.7586,96.5517,84.4828
122609,58000,58000,55000,58000,52000,55000,57000,0,1.4025e+08,2.033e+06,2.034e+06,2.035e+06,2.041e+06,2.039e+06,2.035e+06,630078,909375,1.6e+09,8,19168,153,36,19160,689,12,4816,57,346,19176,6634,196,19168,3756,192,4816,924,80,,,,,,,88.5135,35.5705,13.5135,84.4595,93.2886,83.2215
123373,58500,58500,55000,58500,52000,55000,57000,0,1.4025e+08,2.034e+06,2.035e+06,2.035e+06,2.034e+06,2.034e+06,2.035e+06,630078,917968,1.6e+09,8,19168,153,36,19160,689,12,4816,57,344,19176,6596,196,19168,3756,188,4816,905,80,,,,,,,88.3117,34.6667,12.987,77.9221,94.6667,85.3333
124151,58000,58000,55500,58000,52000,55000,57000,0,1.4025e+08,2.039e+06,2.034e+06,2.035e+06,2.038e+06,2.038e+06,2.038e+06,630078,909375,1.6e+09,8,19168,153,36,19160,689,12,4816,57,332,19176,6366,184,19168,3526,184,4816,886,80,,,,,,,87.1795,30.7692,14.2857,81.8182,92.4051,85.8974
125653,58000,58000,55500,58000,52000,55000,57000,187,1.4025e+08,2.031e+06,2.035e+06,2.034e+06,2.035e+06,2.037e+06,2.037e+06,630078,909375,1.6e+09,8,19168,153,36,19160,689,12,4816,57,342,19176,6558,192,19168,3680,192,4816,924,80,,,,,,,85.3333,35.3333,17.2185,85.3333,94,81.457
126724,58000,58000,55500,58000,52000,55000,57000,0,1.4025e+08,2.036e+06,2.036e+06,2.034e+06,2.034e+06,2.041e+06,2.039e+06,630078,909375,1.6e+09,8,19168,153,36,19160,689,12,4816,57,342,19176,6558,192,19168,3680,192,4816,924,80,,,,,,,89.7196,34.9057,13.2075,88.785,92.5234,83.1776
127167,58000,58000,55500,58000,52000,55000,57000,0,1.4025e+08,1.997e+06,2.035e+06,2.036e+06,1.997e+06,1.997e+06,1.998e+06,630078,898632,1.6e+09,8,19168,153,36,19160,689,12,4816,57,348,19176,6673,196,19168,3756,196,4816,943,80,,,,,,,86.3636,33.3333,22.7273,77.2727,97.7273,86.3636
128968,58000,58000,55500,58000,52000,55000,57000,0,1.4025e+08,1.981e+06,2.035e+06,2.036e+06,1.995e+06,1.999e+06,1.999e+06,630078,887890,1.6e+09,8,19168,153,36,19160,689,12,4816,57,332,19176,6366,184,19168,3526,184,4816,886,80,,,,,,,87.8453,34.4444,10.6145,82.1229,92.2222,83.8889
129893,58000,58000,55500,58000,52000,55000,57000,0,1.4025e+08,2.035e+06,2.036e+06,2.035e+06,2.035e+06,2.034e+06,2.035e+06,630078,917968,1.6e+09,8,19168,153,36,19160,689,12,4816,57,354,19176,6788,200,19168,3833,196,4816,943,80,,,,,,,86.8132,35.8696,20.6522,86.9565,95.6522,82.7957
130838,57500,57500,55500,57500,52000,55000,56800,0,1.4025e+08,1.996e+06,2.035e+06,2.034e+06,1.996e+06,1.996e+06,1.996e+06,630078,898632,1.6e+09,8,19168,153,36,19160,689,12,4816,57,336,19176,6443,184,19168,3526,192,4816,924,80,,,,,,,87.5,32.9787,12.6316,87.3684,91.5789,80.8511
131472,58000,58000,55500,58000,52000,55000,56800,0,1.4025e+08,2.034e+06,2.035e+06,2.034e+06,2.032e+06,2.038e+06,2.039e+06,630078,909375,1.6e+09,8,19168,153,36,19160,689,12,4816,57,344,19176,6596,192,19168,3680,196,4816,943,80,,,,,,,85.9375,37.5,14.5161,84.127,96.7742,84.127
132069,57500,57500,55500,57500,52000,55000,56800,53,1.4025e+08,1.998e+06,2.035e+06,2.035e+06,1.998e+06,1.999e+06,2.001e+06,630078,898632,1.6e+09,8,19168,153,36,19160,689,12,4816,57,344,19176,6596,192,19168,3680,196,4816,943,80,,,,,,,86.4407,33.3333,16.6667,83.0508,91.6667,80.3279
133545,58000,58000,55000,58000,52000,55000,56800,0,1.4025e+08,1.999e+06,2.034e+06,2.035e+06,1.998e+06,1.999e+06,1.998e+06,630078,898632,1.6e+09,8,19168,153,36,19160,689,12,4816,57,344,19176,6596,192,19168,3680,196,4816,943,80,,,,,,,87.8378,34.9315,13.6054,85.7143,93.8776,84.3537
134320,57500,57500,55500,57500,52000,55000,56800,0,1.4025e+08,2.035e+06,2.033e+06,2.033e+06,2.033e+06,2.035e+06,2.036e+06,630078,917968,1.6e+09,8,19168,153,36,19160,689,12,4816,57,342,19176,6558,192,19168,3680,192,4816,924,80,,,,,,,89.7436,35.0649,12.987,84.4156,92.3077,83.3333
135559,58000,58000,55500,58000,52000,55000,57000,0,1.4025e+08,2.034e+06,2.035e+06,2.034e+06,2.035e+06,2.034e+06,2.036e+06,630078,917968,1.6e+09,8,19168,153,36,19160,689,12,4816,57,350,19176,6711,200,19168,3833,196,4816,943,80,,,,,,,85.6,35.7724,16.129,83.0645,94.3089,82.2581
136448,58000,58000,55500,58000,52000,55000,57000,0,1.4025e+08,2.036e+06,2.035e+06,2.034e+06,2.031e+06,2.039e+06,2.041e+06,630078,909375,1.6e+09,8,19168,153,36,19160,689,12,4816,57,348,19176,6673,200,19168,3833,188,4816,905,80,,,,,,,90.9091,35.9551,10.2273,83.908,93.3333,85.2273
137286,58000,58000,55500,58000,52000,55000,57000,0,1.4025e+08,2.034e+06,2.034e+06,2.035e+06,2.035e+06,2.034e+06,2.035e+06,630078,917968,1.6e+09,8,19168,153,36,19160,689,12,4816,57,328,19184,6292,180,19168,3450,184,4816,886,80,,,,,,,86.9048,28.5714,11.9048,79.7619,92.7711,85.7143
138825,58500,58500,55500,58500,52000,55000,56700,0,1.4025e+08,2.033e+06,2.034e+06,2.036e+06,2.034e+06,2.038e+06,2.041e+06,630078,909375,1.6e+09,8,19160,153,36,19160,689,12,4816,57,358,19176,6865,204,19168,3910,196,4816,943,80,,,,,,,86.2745,37.2549,19.4805,85.0649,94.1176,82.4675
139038,58000,58000,55500,58000,52000,55000,56700,0,1.4025e+08,2.036e+06,2.035e+06,2.035e+06,2.035e+06,2.035e+06,2.035e+06,630078,917968,1.6e+09,8,19168,153,36,19160,689,12,4816,57,348,19176,6673,196,19168,3756,196,4816,943,80,,,,,,,85.7143,31.8182,9.52381,100,95.4545,76.1905
140066,58000,58000,55500,58000,52000,55000,56800,152,1.4025e+08,2.034e+06,2.036e+06,2.035e+06,2.029e+06,2.036e+06,2.029e+06,630078,909375,1.6e+09,8,19168,153,36,19160,689,12,4816,57,324,19184,6215,176,19168,3373,184,4816,886,80,,,,,,,88.3495,30.3922,9.70874,79.6117,93.0693,84.3137
141583,58000,58000,55500,58000,52000,55000,57000,0,1.4025e+08,2.037e+06,2.036e+06,2.036e+06,2.035e+06,2.035e+06,2.036e+06,630078,909375,1.6e+09,8,19168,153,36,19160,689,12,4816,57,352,19176,6749,200,19168,3833,196,4816,943,80,,,,,,,87.5,38.1579,19.2053,85.3333,93.4641,84.106
142157,58000,58000,55500,58000,52000,55000,57000,0,1.4025e+08,1.997e+06,2.035e+06,2.034e+06,1.997e+06,1.996e+06,1.996e+06,630078,898632,1.6e+09,8,19168,153,36,19168,690,12,4816,57,320,19184,6138,172,19168,3296,184,4816,886,80,,,,,,,84.7458,26.3158,3.44828,83.0508,93.1034,80.3279
143944,57500,57500,55500,57500,52000,55000,57000,0,1.4025e+08,1.997e+06,2.035e+06,2.035e+06,1.996e+06,1.996e+06,1.997e+06,630078,898632,1.6e+09,8,19168,153,36,19160,689,12,4816,57,332,19176,6366,180,19168,3450,192,4816,924,80,,,,,,,88.8268,35.7542,15.7303,87.2222,93.2584,83.6158
144020,58000,58000,55500,58000,52000,55000,57000,0,1.4025e+08,1.997e+06,2.034e+06,2.035e+06,1.999e+06,1.999e+06,2e+06,630078,898632,1.6e+09,8,19168,153,36,19160,689,12,4816,57,348,19176,6673,200,19168,3833,188,4816,905,80,,,,,,,100,100,0,83.3333,100,100
145677,58000,58000,55000,58000,52000,55000,57300,0,1.4025e+08,2.036e+06,2.035e+06,2.034e+06,2.034e+06,2.034e+06,2.035e+06,630078,917968,1.6e+09,8,19168,153,36,19160,689,12,4816,57,344,19176,6596,192,19168,3756,192,4816,924,80,,,,,,,86.0606,33.5366,16.2651,81.8182,93.9394,83.2335
146673,58000,58000,55500,58000,52000,55000,57000,0,1.4025e+08,2.038e+06,2.035e+06,2.035e+06,2.031e+06,2.038e+06,2.038e+06,630078,909375,1.6e+09,8,19168,153,36,19160,689,12,4816,57,340,19176,6519,188,19168,3603,192,4816,924,80,,,,,,,89,33.6634,14,89,93.9394,83
147117,58500,58500,55500,58500,52000,55000,57000,0,1.4025e+08,1.997e+06,2.034e+06,2.034e+06,1.996e+06,1.998e+06,1.999e+06,630078,898632,1.6e+09,8,19168,153,36,19160,689,12,4816,57,352,19176,6749,200,19168,3833,196,4816,943,80,,,,,,,86.3636,38.6364,22.7273,74.4186,93.3333,86.3636
148535,58000,58000,55500,58000,52000,55000,57000,0,1.4025e+08,1.998e+06,2.034e+06,2.034e+06,1.998e+06,1.998e+06,1.997e+06,630078,898632,1.6e+09,8,19168,153,36,19160,689,12,4816,57,348,19176,6673,196,19168,3756,192,4816,924,80,,,,,,,87.5,34.0426,15.3846,84.507,93.617,83.8028
149003,57500,57500,55500,57500,52000,55000,57000,0,1.4025e+08,2.034e+06,2.034e+06,2.035e+06,2.034e+06,2.035e+06,2.035e+06,630078,917968,1.6e+09,8,19168,153,36,19160,689,12,4816,57,328,19184,6292,180,19168,3450,184,4816,886,80,,,,,,,91.1111,31.9149,0,80.4348,91.4894,84.7826
150234,58000,58000,55500,58000,52000,55000,57000,0,1.4025e+08,1.998e+06,2.034e+06,2.034e+06,1.997e+06,1.998e+06,1.998e+06,630078,898632,1.6e+09,8,19168,153,36,19160,689,12,4816,57,348,19176,6673,200,19168,3833,188,4816,905,80,,,,,,,87.0968,38.5246,17.7419,88.6179,93.4959,81.3008
151070,58500,58500,55500,58500,52000,55000,57300,0,1.4025e+08,2.035e+06,2.035e+06,2.034e+06,2.036e+06,2.034e+06,2.034e+06,630078,917968,1.6e+09,8,19160,153,36,19152,689,12,4816,57,376,19168,7207,224,19160,4291,196,4816,943,80,,,,,,,89.1566,48.1928,33.3333,78.3133,92.8571,85.7143
152117,58500,58500,55500,58500,52000,55250,57300,187,1.4025e+08,1.998e+06,2.035e+06,2.034e+06,1.998e+06,1.997e+06,1.997e+06,630078,898632,1.6e+09,8,19152,153,40,19144,765,12,4816,57,416,19168,7973,260,19152,4979,204,4816,982,80,,,,,,,85.5769,59.6154,75.9615,88.5714,94.2308,79.8077
153841,58500,58500,55500,58500,52000,55250,57300,0,1.4025e+08,2.037e+06,2.034e+06,2.034e+06,2.038e+06,2.044e+06,2.027e+06,630078,909375,1.6e+09,8,19160,153,36,19152,689,12,4816,57,390,19168,7475,236,19160,4521,196,4816,943,80,,,,,,,89.4737,37.8698,82.8402,81.8713,93.0233,85.4651
154442,58500,58500,55500,58500,52000,55250,57500,0,1.4025e+08,1.997e+06,2.034e+06,2.035e+06,1.998e+06,1.996e+06,1.997e+06,630078,898632,1.6e+09,8,19152,153,36,19152,689,12,4816,57,400,19168,7667,248,19160,4751,192,4816,924,80,,,,,,,88.5246,60,56.8966,83.3333,95,81.9672
155268,58000,58000,55500,58000,52000,55250,57500,0,1.4025e+08,1.996e+06,2.034e+06,2.036e+06,1.996e+06,1.996e+06,1.997e+06,630078,898632,1.6e+09,8,19160,153,36,19152,689,12,4816,57,364,19176,6980,212,19160,4061,192,4816,924,80,,,,,,,84.5238,54.2169,45.2381,84.5238,93.9759,80.7229
156494,58500,58500,55500,58500,52000,55250,57300,0,1.4025e+08,2.043e+06,2.035e+06,2.035e+06,2.039e+06,2.045e+06,2.044e+06,630078,909375,1.6e+09,8,19168,153,36,19160,689,12,4816,57,344,19176,6596,196,19168,3756,188,4816,905,80,,,,,,,90.9836,39.0244,15.5738,85.124,93.4426,84.4262
157165,58500,58500,55500,58500,52000,55250,57300,0,1.4025e+08,2.038e+06,2.036e+06,2.036e+06,2.035e+06,2.041e+06,2.044e+06,630078,909375,1.6e+09,8,19168,153,36,19160,689,12,4816,57,348,19176,6673,196,19168,3756,188,4816,905,80,,,,,,,86.3636,37.3134,16.4179,87.8788,93.9394,83.5821
158432,58000,58000,55500,58000,52000,55000,57300,0,1.4025e+08,2.034e+06,2.036e+06,2.035e+06,2.035e+06,2.036e+06,2.035e+06,630078,917968,1.6e+09,8,19168,153,36,19160,689,12,4816,57,334,19176,6404,184,19168,3526,192,4816,924,80,,,,,,,86.6142,31.4961,15.748,86.6142,92.9134,82.0312
159461,58000,58000,55500,58000,52000,55000,57000,0,1.4025e+08,2.035e+06,2.036e+06,2.035e+06,2.038e+06,2.036e+06,2.036e+06,630078,909375,1.6e+09,8,19168,153,36,19160,689,12,4816,57,338,19176,6481,188,19168,3603,188,4816,905,80,,,,,,,85.4369,36.2745,15.534,79.4118,94.1748,84.3137
160058,58000,58000,55500,58000,52000,55000,57000,0,1.4025e+08,1.998e+06,2.034e+06,2.035e+06,1.999e+06,1.998e+06,1.998e+06,630078,898632,1.6e+09,8,19168,153,36,19160,689,12,4816,57,328,19184,6292,180,19168,3450,184,4816,886,80,,,,,,,91.5254,31.6667,10,83.0508,91.6667,86.6667
161268,58000,58000,55500,58000,52000,55000,56800,0,1.4025e+08,2.036e+06,2.036e+06,2.034e+06,2.034e+06,2.038e+06,2.04e+06,630078,909375,1.6e+09,8,19168,153,36,19160,689,12,4816,57,348,19176,6673,196,19168,3756,188,4816,905,80,,,,,,,87.7049,38.6555,15.8333,88.4298,94.1667,81.8182
162931,58000,58000,55500,58000,52000,55000,57300,188,1.4025e+08,2.037e+06,2.034e+06,2.035e+06,2.038e+06,2.038e+06,2.036e+06,630078,909375,1.6e+09,8,19168,153,36,19160,689,12,4816,57,344,19176,6596,192,19168,3756,192,4816,924,80,,,,,,,86.1446,33.5329,16.3636,81.9277,93.4132,83.1325
163126,57500,57500,55500,57500,52000,55000,57000,0,1.4025e+08,2.035e+06,2.034e+06,2.034e+06,2.034e+06,2.034e+06,2.035e+06,630078,917968,1.6e+09,8,19168,153,36,19160,689,12,4816,57,342,19176,6558,192,19168,3680,192,4816,924,80,,,,,,,85,27.7778,23.8095,100,94.7368,75
164812,58000,58000,55500,58000,52000,55000,57000,0,1.4025e+08,2.034e+06,2.035e+06,2.035e+06,2.035e+06,2.035e+06,2.035e+06,630078,917968,1.6e+09,8,19168,153,36,19160,689,12,4816,57,334,19176,6404,188,19168,3603,184,4816,886,80,,,,,,,88.7574,34.9112,11.3095,80.9524,92.8571,85.2071
165250,57500,57500,55500,57500,52000,55000,57000,0,1.4025e+08,2.036e+06,2.035e+06,2.034e+06,2.034e+06,2.035e+06,2.037e+06,630078,909375,1.6e+09,8,19168,153,36,19160,689,12,4816,57,344,19176,6596,192,19168,3680,192,4816,924,80,,,,,,,84.0909,36.3636,22.7273,97.7273,97.6744,77.2727
166683,58000,58000,55000,58000,52000,55000,57000,0,1.4025e+08,1.999e+06,2.035e+06,2.035e+06,1.997e+06,1.999e+06,1.998e+06,630078,898632,1.6e+09,8,19168,153,36,19160,689,12,4816,57,340,19176,6519,188,19168,3603,192,4816,924,80,,,,,,,88.1119,34.2657,15.2778,84.6154,93.75,83.9161
167260,57500,57500,55500,57500,52000,55000,57000,0,1.4025e+08,2.038e+06,2.036e+06,2.035e+06,2.036e+06,2.036e+06,2.034e+06,630078,909375,1.6e+09,8,19168,153,36,19160,689,12,4816,57,340,19176,6519,188,19168,3603,192,4816,924,80,,,,,,,84.7458,36.2069,17.5439,80.7018,91.3793,79.3103
168535,58000,58000,55500,58000,52000,55000,57000,0,1.4025e+08,1.999e+06,2.034e+06,2.036e+06,1.996e+06,1.998e+06,1.998e+06,630078,898632,1.6e+09,8,19168,153,36,19160,689,12,4816,57,348,19176,6673,196,19168,3756,192,4816,924,80,,,,,,,88.8889,34.9206,14.9606,82.8125,94.4444,85.8268
169507,58000,58000,55500,58000,52000,55000,57000,0,1.4025e+08,2.037e+06,2.035e+06,2.034e+06,2.042e+06,2.042e+06,2.042e+06,630078,909375,1.6e+09,8,19168,153,36,19160,689,12,4816,57,342,19176,6558,192,19168,3680,192,4816,924,80,,,,,,,87.7551,36.0825,12.2449,88.5417,91.7526,81.4433
170298,58500,58500,55500,58500,52000,55000,57000,0,1.4025e+08,2.035e+06,2.035e+06,2.034e+06,2.035e+06,2.035e+06,2.035e+06,630078,917968,1.6e+09,8,19168,153,36,19160,689,12,4816,57,342,19176,6558,192,19168,3680,188,4816,905,80,,,,,,,89.7436,36.25,11.5385,77.2152,94.9367,85
171601,58000,58000,55500,58000,52000,55000,57000,0,1.4025e+08,2.033e+06,2.035e+06,2.033e+06,2.038e+06,2.041e+06,2.044e+06,630078,909375,1.6e+09,8,19168,153,36,19160,689,12,4816,57,344,19176,6596,196,19168,3756,188,4816,905,80,,,,,,,86.3636,34.8837,15.3846,88.5496,93.0769,82.9457
172090,57500,57500,55500,57500,52000,55000,56700,0,1.4025e+08,2.031e+06,2.035e+06,2.033e+06,2.037e+06,2.032e+06,2.036e+06,630078,909375,1.6e+09,8,19168,153,36,19160,689,12,4816,57,342,19176,6558,192,19168,3680,192,4816,924,80,,,,,,,82.9787,32,22.449,79.5918,93.8776,79.5918
173450,58000,58000,55500,58000,52000,55000,57000,0,1.4025e+08,1.999e+06,2.035e+06,2.034e+06,2e+06,1.998e+06,1.998e+06,630078,898632,1.6e+09,8,19168,153,36,19160,689,12,4816,57,336,19176,6443,184,19168,3526,192,4816,924,80,,,,,,,86.8613,33.8235,14.7059,83.8235,93.3824,82.4818
174545,58000,58000,55500,58000,52000,55000,57000,0,1.4025e+08,2.035e+06,2.035e+06,2.034e+06,2.033e+06,2.039e+06,2.038e+06,630078,909375,1.6e+09,8,19168,153,36,19160,689,12,4816,57,326,19184,6253,180,19168,3450,184,4816,886,80,,,,,,,90.9091,33.3333,9.09091,81.4815,93.578,88.0734
175108,58500,58500,55500,58500,52000,55000,57000,0,1.4025e+08,1.997e+06,2.034e+06,2.035e+06,1.997e+06,1.998e+06,1.999e+06,630078,898632,1.6e+09,8,19168,153,36,19160,689,12,4816,57,346,19176,6634,196,19168,3756,188,4816,905,80,,,,,,,87.7193,44.6429,19.6429,87.7193,94.6429,80.3571
176126,58000,58000,55500,58000,52000,55000,57000,0,1.4025e+08,1.998e+06,2.036e+06,2.035e+06,1.997e+06,1.997e+06,1.998e+06,630078,898632,1.6e+09,8,19168,153,36,19160,689,12,4816,57,348,19176,6673,196,19168,3756,192,4816,924,80,,,,,,,85.1485,32.3529,19,84.3137,94.1176,84.1584
177216,58000,58000,55500,58000,52000,55000,57000,0,1.4025e+08,2.035e+06,2.036e+06,2.034e+06,2.036e+06,2.034e+06,2.035e+06,630078,917968,1.6e+09,8,19168,153,36,19160,689,12,4816,57,338,19176,6481,188,19168,3603,184,4816,886,80,,,,,,,88.9908,35.1852,9.17431,81.6514,91.7431,82.7273
178224,58000,58000,55500,58000,52000,55000,57000,0,1.4025e+08,1.998e+06,2.035e+06,2.035e+06,1.997e+06,1.999e+06,1.997e+06,630078,898632,1.6e+09,8,19168,153,36,19160,689,12,4816,57,348,19176,6673,196,19168,3756,192,4816,924,80,,,,,,,87.1287,34,20,88,95.0495,85.1485
179663,57500,57500,55500,57500,52000,55000,57000,0,1.4025e+08,2.032e+06,2.035e+06,2.035e+06,2.034e+06,2.036e+06,2.035e+06,630078,909375,1.6e+09,8,19168,153,36,19160,689,12,4816,57,336,19176,6443,188,19168,3603,192,4816,924,80,,,,,,,86.1111,34.4828,13.8889,84.7222,93.007,80.4196
180217,58000,58000,55500,58000,52000,55000,57000,0,1.4025e+08,2.035e+06,2.035e+06,2.035e+06,2.033e+06,2.034e+06,2.041e+06,630078,909375,1.6e+09,8,19168,153,36,19160,689,12,4816,57,354,19176,6788,200,19168,3833,196,4816,943,80,,,,,,,89.2857,40,18.1818,80.3571,94.5455,89.0909
181456,58000,58000,55500,58000,52000,55000,57000,0,1.4025e+08,2.034e+06,2.035e+06,2.035e+06,2.034e+06,2.035e+06,2.035e+06,630078,917968,1.6e+09,8,19168,153,36,19160,689,12,4816,57,326,19184,6253,180,19168,3450,184,4816,886,80,,,,,,,88.6179,31.1475,8.06452,82.9268,92.7419,84
182730,58000,58000,55000,58000,52000,55000,57000,0,1.4025e+08,2.028e+06,2.036e+06,2.035e+06,2.025e+06,2.029e+06,2.032e+06,630078,909375,1.6e+09,8,19168,153,36,19160,689,12,4816,57,340,19176,6519,192,19168,3680,184,4816,886,80,,,,,,,88.2812,37.7953,15.748,84.127,93.7008,83.5938
183333,58000,58000,55500,58000,52000,55000,57000,0,1.4025e+08,1.998e+06,2.034e+06,2.035e+06,1.998e+06,1.998e+06,1.998e+06,630078,898632,1.6e+09,8,19168,153,36,19160,689,12,4816,57,346,19176,6634,196,19168,3756,188,4816,905,80,,,,,,,86.8852,36.0656,16.6667,95.1613,93.3333,81.3559
184296,57500,57500,55500,57500,52000,55000,57000,0,1.4025e+08,2.036e+06,2.035e+06,2.035e+06,2.036e+06,2.035e+06,2.034e+06,630078,909375,1.6e+09,8,19168,153,36,19160,689,12,4816,57,336,19176,6481,188,19168,3603,188,4816,905,80,,,,,,,84.5361,32.2917,16.6667,78.9474,93.8144,83.5052
185171,58000,58000,55500,58000,52000,55000,57000,0,1.4025e+08,2.034e+06,2.034e+06,2.035e+06,2.034e+06,2.034e+06,2.035e+06,630078,917968,1.6e+09,8,19168,153,36,19160,689,12,4816,57,336,19176,6443,184,19168,3526,192,4816,924,80,,,,,,,87.3563,32.1839,17.0455,86.3636,93.1818,80.4598
186599,57500,57500,55500,57500,52000,55000,57000,0,1.4025e+08,2.036e+06,2.034e+06,2.034e+06,2.037e+06,2.038e+06,2.038e+06,630078,898632,1.6e+09,8,19168,153,36,19160,689,12,4816,57,344,19176,6596,192,19168,3680,192,4816,924,80,,,,,,,88.0282,36.6197,13.4752,85.1064,94.2857,83.9161
187789,58000,58000,55500,58000,52000,55000,57000,0,1.4025e+08,2.035e+06,2.035e+06,2.034e+06,2.039e+06,2.037e+06,2.037e+06,630078,909375,1.6e+09,8,19168,153,36,19160,689,12,4816,57,352,19176,6749,200,19168,3833,192,4816,924,80,,,,,,,88.3333,37.5,16.8067,81.5126,93.3333,85
188335,58000,58000,55000,58000,52000,54750,57000,0,1.4025e+08,2.036e+06,2.035e+06,2.035e+06,2.034e+06,2.037e+06,2.041e+06,630078,909375,1.6e+09,8,19168,153,36,19160,689,12,4816,57,328,19184,6292,180,19168,3450,184,4816,886,80,,,,,,,90.9091,25.9259,0,81.8182,92.5926,88.6792
189028,58000,58000,55500,58000,52000,55000,56700,0,1.4025e+08,1.982e+06,2.035e+06,2.035e+06,1.996e+06,2.001e+06,2e+06,630078,898632,1.6e+09,8,19168,153,36,19160,689,12,4816,57,328,19184,6292,180,19168,3450,184,4816,886,80,,,,,,,88.4058,35.7143,14.4928,83.8235,92.7536,82.8571
190249,58000,58000,55500,58000,52000,55000,57000,0,1.4025e+08,2.038e+06,2.035e+06,2.034e+06,2.04e+06,2.043e+06,2.037e+06,630078,909375,1.6e+09,8,19168,153,36,19160,689,12,4816,57,350,19176,6711,200,19168,3833,188,4816,905,80,,,,,,,87.7049,38.843,16.3934,88.6179,94.3089,82.1138
191391,58000,58000,55000,58000,52000,55000,56800,0,1.4025e+08,1.999e+06,2.034e+06,2.036e+06,1.998e+06,1.999e+06,1.996e+06,630078,898632,1.6e+09,8,19168,153,36,19160,689,12,4816,57,336,19176,6443,184,19168,3526,192,4816,924,80,,,,,,,85.0877,30.7018,17.5439,83.1858,93.75,81.25
192296,58000,58000,55000,58000,52000,55000,56800,0,1.4025e+08,1.997e+06,2.035e+06,2.034e+06,2e+06,2.001e+06,1.998e+06,630078,898632,1.6e+09,8,19168,153,36,19160,689,12,4816,57,344,19176,6596,192,19168,3756,192,4816,924,80,,,,,,,90.2174,38.2022,10.1124,87.7778,92.3913,85.8696
193180,58000,58000,55500,58000,52000,55000,56800,0,1.4025e+08,2.035e+06,2.035e+06,2.035e+06,2.033e+06,2.032e+06,2.036e+06,630078,909375,1.6e+09,8,19168,153,36,19160,689,12,4816,57,326,19184,6253,180,19168,3450,184,4816,886,80,,,,,,,87.3563,29.5455,11.3636,77.5281,94.2529,85.2273
194516,58000,58000,55500,58000,52000,55000,57000,0,1.4025e+08,2.034e+06,2.036e+06,2.036e+06,2.035e+06,2.044e+06,2.042e+06,630078,909375,1.6e+09,8,19168,153,36,19160,689,12,4816,57,332,19176,6366,184,19168,3526,184,4816,886,80,,,,,,,87.4074,36.2963,14.9254,83.5821,93.2836,83.4586
195107,58000,58000,55500,58000,52000,55000,57000,0,1.4025e+08,2.04e+06,2.035e+06,2.035e+06,2.034e+06,2.041e+06,2.04e+06,630078,909375,1.6e+09,8,19168,153,36,19160,689,12,4816,57,346,19176,6634,196,19168,3756,188,4816,905,80,,,,,,,88.1356,39.6552,16.9492,89.6552,94.9153,80
196429,58000,58000,55500,58000,52000,55000,56800,0,1.4025e+08,1.998e+06,2.034e+06,2.034e+06,1.998e+06,1.998e+06,1.999e+06,630078,898632,1.6e+09,8,19168,153,36,19160,689,12,4816,57,342,19176,6558,192,19168,3680,192,4816,924,80,,,,,,,87.0229,33.5878,14.5038,87.1212,93.1818,82.5758
197198,58500,58500,55000,58500,52000,55000,56800,0,1.4025e+08,2.034e+06,2.036e+06,2.035e+06,2.034e+06,2.035e+06,2.034e+06,630078,898632,1.6e+09,8,19168,153,36,19160,689,12,4816,57,342,19176,6558,192,19168,3680,188,4816,905,80,,,,,,,88.4615,35.0649,12.987,77.9221,93.5065,84.4156
198366,58000,58000,55500,58000,52000,55000,57000,0,1.4025e+08,1.998e+06,2.035e+06,2.036e+06,1.996e+06,1.997e+06,1.998e+06,630078,898632,1.6e+09,8,19168,153,36,19160,689,12,4816,57,344,19176,6596,192,19168,3680,192,4816,924,80,,,,,,,85.4701,34.4828,17.094,87.069,93.9655,81.8966
199964,58000,58000,55000,58000,52000,55000,56800,0,1.4025e+08,1.998e+06,2.035e+06,2.035e+06,1.998e+06,2.001e+06,1.999e+06,630078,898632,1.6e+09,8,19168,153,36,19160,689,12,4816,57,342,19176,6558,196,19168,3756,188,4816,905,80,,,,,,,89.3082,35,13.8365,81.761,93.1677,84.472
200706,58000,58000,55500,58000,52000,55000,57000,0,1.4025e+08,2.035e+06,2.034e+06,2.035e+06,2.034e+06,2.034e+06,2.034e+06,630078,917968,1.6e+09,8,19168,153,36,19160,689,12,4816,57,334,19176,6404,184,19168,3526,184,4816,886,80,,,,,,,86.3014,31.5068,13.5135,82.6667,93.0556,84.9315
201661,58000,58000,55500,58000,52000,55000,57000,0,1.4025e+08,2.039e+06,2.036e+06,2.035e+06,2.033e+06,2.034e+06,2.042e+06,630078,909375,1.6e+09,8,19168,153,36,19160,689,12,4816,57,348,19176,6673,196,19168,3756,196,4816,943,80,,,,,,,86.4583,35.4167,20.8333,88.4211,94.7917,82.4742
202564,58000,58000,55500,58000,52000,55000,57000,0,1.4025e+08,1.999e+06,2.035e+06,2.035e+06,1.999e+06,1.997e+06,1.999e+06,630078,898632,1.6e+09,8,19168,153,36,19160,689,12,4816,57,340,19176,6519,188,19168,3603,192,4816,924,80,,,,,,,86.9565,33.3333,12.2222,88.8889,93.3333,82.0225
203794,58000,58000,55500,58000,52000,55000,57000,0,1.4025e+08,1.997e+06,2.035e+06,2.035e+06,1.998e+06,1.996e+06,1.998e+06,630078,898632,1.6e+09,8,19168,153,36,19160,689,12,4816,57,338,19176,6481,188,19168,3603,192,4816,924,80,,,,,,,86.1789,33.3333,16.9355,82.1138,93.4959,82.1138
204110,58000,58000,55500,58000,52000,55000,57000,0,1.4025e+08,1.998e+06,2.035e+06,2.035e+06,1.996e+06,1.998e+06,2.001e+06,630078,898632,1.6e+09,8,19168,153,36,19160,689,12,4816,57,342,19176,6558,192,19168,3680,188,4816,905,80,,,,,,,100,48.3871,0,75,93.75,90.625
205107,58000,58000,55500,58000,52000,54750,56700,0,1.4025e+08,1.997e+06,2.035e+06,2.034e+06,1.996e+06,1.998e+06,1.996e+06,630078,898632,1.6e+09,8,19168,153,36,19160,689,12,4816,57,348,19176,6673,196,19168,3756,192,4816,924,80,,,,,,,85,33,19.1919,86,93.9394,83.8384
206901,58500,58500,55500,58500,52000,55000,56500,0,1.4025e+08,2.036e+06,2.035e+06,2.034e+06,2.033e+06,2.041e+06,2.04e+06,630078,909375,1.6e+09,8,19168,153,36,19160,689,12,4816,57,336,19176,6443,188,19168,3603,184,4816,886,80,,,,,,,88.3333,34.6369,11.1732,82.0225,92.7374,83.4254
207234,58000,58000,55500,58000,52000,55000,56800,0,1.4025e+08,2.026e+06,2.036e+06,2.035e+06,2.027e+06,2.026e+06,2.027e+06,630078,909375,1.6e+09,8,19168,153,36,19160,689,12,4816,57,340,19176,6519,188,19168,3603,192,4816,924,80,,,,,,,82.3529,27.2727,28.125,100,100,75
208323,58000,58000,55500,58000,52000,55000,57000,0,1.4025e+08,2.034e+06,2.034e+06,2.035e+06,2.035e+06,2.035e+06,2.035e+06,630078,917968,1.6e+09,8,19168,153,36,19160,689,12,4816,57,332,19176,6366,184,19168,3526,184,4816,886,80,,,,,,,88.9908,35.7798,10.9091,79.8165,91.7431,86.3636
209124,58000,58000,55000,58000,52000,55000,57000,0,1.4025e+08,2.031e+06,2.035e+06,2.035e+06,2.036e+06,2.038e+06,2.033e+06,630078,909375,1.6e+09,8,19168,153,36,19160,689,12,4816,57,332,19176,6366,184,19168,3526,188,4816,905,80,,,,,,,83.9506,34.1772,16.4557,86.0759,95,79.7468
210894,57500,57500,55500,57500,52000,55000,56800,0,1.4025e+08,2.034e+06,2.033e+06,2.035e+06,2.035e+06,2.034e+06,2.036e+06,630078,917968,1.6e+09,8,19168,153,36,19160,689,12,4816,57,338,19176,6481,188,19168,3603,192,4816,924,80,,,,,,,88.6364,35.2273,15.1685,87.0787,92.6554,83.0508
211538,58000,58000,55500,58000,52000,55000,56800,0,1.4025e+08,2.035e+06,2.034e+06,2.034e+06,2.035e+06,2.035e+06,2.034e+06,630078,909375,1.6e+09,8,19168,153,36,19160,689,12,4816,57,340,19176,6519,188,19168,3603,196,4816,943,80,,,,,,,86.1538,34.375,17.1875,87.5,96.875,84.6154
212579,57500,57500,55500,57500,52000,55000,56800,0,1.4025e+08,2.036e+06,2.035e+06,2.035e+06,2.037e+06,2.041e+06,2.038e+06,630078,909375,1.6e+09,8,19168,153,36,19160,689,12,4816,57,334,19176,6404,184,19168,3526,188,4816,905,80,,,,,,,86.5385,35.2381,14.2857,79.0476,92.381,82.6923
213623,58000,58000,55500,58000,52000,55000,57000,0,1.4025e+08,2.034e+06,2.035e+06,2.035e+06,2.034e+06,2.035e+06,2.035e+06,630078,917968,1.6e+09,8,19168,153,36,19160,689,12,4816,57,338,19176,6481,184,19168,3526,196,4816,943,80,,,,,,,88.5714,33.6538,14.4231,89.4231,94.1748,83.6538
214870,58000,58000,55000,58000,52000,55000,57000,0,1.4025e+08,2.035e+06,2.034e+06,2.034e+06,2.036e+06,2.035e+06,2.035e+06,630078,917968,1.6e+09,8,19168,153,36,19160,689,12,4816,57,340,19176,6519,188,19168,3603,192,4816,924,80,,,,,,,86.2903,35.4839,15.4472,82.2581,93.5484,81.6
215875,58000,58000,55500,58000,52000,55000,57000,0,1.4025e+08,1.997e+06,2.034e+06,2.035e+06,1.998e+06,1.999e+06,1.999e+06,630078,898632,1.6e+09,8,19168,153,36,19160,689,12,4816,57,336,19176,6443,188,19168,3603,188,4816,905,80,,,,,,,90,35.6436,9,79.2079,92,87.1287
216794,58000,58000,55500,58000,52000,55000,56700,0,1.4025e+08,2.034e+06,2.035e+06,2.036e+06,2.034e+06,2.035e+06,2.035e+06,630078,917968,1.6e+09,8,19168,153,36,19160,689,12,4816,57,352,19176,6749,200,19168,3833,196,4816,943,80,,,,,,,86.0215,35.8696,21.978,86.9565,95.6989,82.4176
217466,58000,58000,55500,58000,52000,55000,57000,0,1.4025e+08,2.035e+06,2.036e+06,2.036e+06,2.034e+06,2.035e+06,2.034e+06,630078,917968,1.6e+09,8,19168,153,36,19160,689,12,4816,57,354,19176,6788,204,19168,3910,196,4816,943,80,,,,,,,86.7647,36.3636,16.4179,83.5821,93.9394,83.5821
218664,58000,58000,55500,58000,52000,55000,56800,0,1.4025e+08,2.04e+06,2.035e+06,2.035e+06,2.035e+06,2.035e+06,2.043e+06,630078,909375,1.6e+09,8,19168,153,36,19160,689,12,4816,57,332,19176,6366,184,19168,3526,184,4816,886,80,,,,,,,89.1667,31.9328,8.33333,82.5,92.5,84.1667
219126,58000,58000,55500,58000,52000,55000,56800,0,1.4025e+08,1.998e+06,2.035e+06,2.035e+06,1.997e+06,1.998e+06,1.998e+06,630078,898632,1.6e+09,8,19168,153,36,19160,689,12,4816,57,340,19176,6519,188,19168,3603,192,4816,924,80,,,,,,,86.6667,34.7826,21.7391,100,95.6522,78.2609
220495,58000,58000,55500,58000,52000,55000,57000,0,1.4025e+08,2.035e+06,2.035e+06,2.035e+06,2.032e+06,2.034e+06,2.038e+06,630078,909375,1.6e+09,8,19168,153,36,19160,689,12,4816,57,342,19176,6558,188,19168,3603,192,4816,924,80,,,,,,,87.5912,35.2941,14.7059,84.6715,93.4307,83.2117
221912,58000,58000,55500,58000,52000,55000,56500,0,1.4025e+08,1.999e+06,2.035e+06,2.036e+06,1.998e+06,1.999e+06,1.999e+06,630078,898632,1.6e+09,8,19168,153,36,19160,689,12,4816,57,334,19176,6404,184,19168,3526,192,4816,924,80,,,,,,,88.0282,33.3333,14.0845,84.3972,92.9078,83.0986
222516,57500,57500,55000,57500,52000,55000,56500,0,1.4025e+08,2.033e+06,2.036e+06,2.035e+06,2.033e+06,2.034e+06,2.034e+06,630078,917968,1.6e+09,8,19168,153,36,19160,689,12,4816,57,346,19176,6634,196,19168,3756,192,4816,924,80,,,,,,,85.2459,39.3443,16.6667,81.9672,95.082,83.6066
223790,58000,58000,55500,58000,52000,55000,57000,0,1.4025e+08,2.035e+06,2.036e+06,2.035e+06,2.034e+06,2.035e+06,2.034e+06,630078,917968,1.6e+09,8,19168,153,36,19160,689,12,4816,57,342,19176,6558,192,19168,3680,192,4816,924,80,,,,,,,88.189,33.0709,15.748,83.4646,94.4882,83.4646
224092,58000,58000,55500,58000,52000,55000,57000,0,1.4025e+08,2.034e+06,2.036e+06,2.035e+06,2.036e+06,2.04e+06,2.043e+06,630078,909375,1.6e+09,8,19168,153,36,19160,689,12,4816,57,346,19176,6634,196,19168,3756,188,4816,905,80,,,,,,,93.5484,50,0,83.3333,86.6667,87.0968
225031,58000,58000,55500,58000,52000,55000,57000,0,1.4025e+08,2.033e+06,2.035e+06,2.033e+06,2.035e+06,2.036e+06,2.035e+06,630078,909375,1.6e+09,8,19168,153,36,19160,689,12,4816,57,346,19176,6634,196,19168,3756,192,4816,924,80,,,,,,,84.7826,32.9787,18.0851,81.9149,94.6809,82.9787
226897,58000,58000,55000,58000,52000,55000,57000,0,1.4025e+08,2.03e+06,2.034e+06,2.035e+06,2.027e+06,2.029e+06,2.027e+06,630078,909375,1.6e+09,8,19168,153,36,19160,689,12,4816,57,340,19176,6481,192,19168,3680,184,4816,886,80,,,,,,,88.2979,34.9462,12.8342,83.3333,93.0108,84.3243
227518,58000,58000,55500,58000,52000,55000,57000,0,1.4025e+08,2.041e+06,2.035e+06,2.034e+06,2.039e+06,2.041e+06,2.041e+06,630078,909375,1.6e+09,8,19168,153,36,19160,689,12,4816,57,348,19176,6673,200,19168,3833,188,4816,905,80,,,,,,,88.7097,38.7097,16.129,93.4426,93.5484,80.9524
228228,58000,58000,55500,58000,52000,55000,57000,0,1.4025e+08,2.036e+06,2.035e+06,2.034e+06,2.032e+06,2.045e+06,2.047e+06,630078,909375,1.6e+09,8,19168,153,36,19160,689,12,4816,57,346,19176,6634,196,19168,3756,188,4816,905,80,,,,,,,87.5,33.8028,12.8571,83.0986,94.2857,83.0986
229261,58000,58000,55500,58000,52000,55000,57000,0,1.4025e+08,2.038e+06,2.035e+06,2.035e+06,2.033e+06,2.036e+06,2.041e+06,630078,909375,1.6e+09,8,19168,153,36,19160,689,12,4816,57,352,19176,6749,200,19168,3833,196,4816,943,80,,,,,,,85.2941,33.0097,20.3883,83.4951,94.2308,84.6154
230480,57500,57500,55500,57500,52000,55000,57000,0,1.4025e+08,2.034e+06,2.034e+06,2.035e+06,2.035e+06,2.036e+06,2.034e+06,630078,917968,1.6e+09,8,19168,153,36,19168,690,12,4816,57,318,19184,6100,172,19168,3296,180,4816,866,80,,,,,,,86.1789,31.9672,8.94309,81.9672,92.623,81.1475
231931,58000,58000,55000,58000,52000,55000,56700,0,1.4025e+08,2.034e+06,2.034e+06,2.035e+06,2.031e+06,2.034e+06,2.036e+06,630078,909375,1.6e+09,8,19168,153,36,19160,689,12,4816,57,346,19176,6634,196,19168,3756,192,4816,924,80,,,,,,,88.1944,37.5,18.75,84.7222,93.75,84.0278
232920,57500,57500,55500,57500,52000,55000,56500,0,1.4025e+08,1.998e+06,2.034e+06,2.035e+06,1.999e+06,1.999e+06,1.998e+06,630078,898632,1.6e+09,8,19168,153,36,19160,689,12,4816,57,340,19176,6519,188,19168,3603,192,4816,924,80,,,,,,,88.1188,34.3434,13.2653,88.8889,93.9394,83
233042,58000,58000,55000,58000,52000,55000,56500,0,1.4025e+08,2.034e+06,2.036e+06,2.035e+06,2.034e+06,2.033e+06,2.035e+06,630078,917968,1.6e+09,8,19168,153,36,19160,689,12,4816,57,348,19176,6673,200,19168,3833,188,4816,905,80,,,,,,,100,66.6667,0,72.7273,90.9091,90.9091
234724,58000,58000,55000,58000,52000,54750,56800,0,1.4025e+08,2.037e+06,2.034e+06,2.035e+06,2.034e+06,2.038e+06,2.041e+06,630078,909375,1.6e+09,8,19168,153,36,19160,689,12,4816,57,352,19176,6749,204,19168,3833,196,4816,943,80,,,,,,,86.3095,33.9286,17.3653,82.6347,93.5294,83.432
235027,57500,57500,55000,57500,52000,54750,56800,0,1.4025e+08,1.997e+06,2.035e+06,2.036e+06,1.996e+06,1.995e+06,1.996e+06,630078,898632,1.6e+09,8,19168,153,36,19160,689,12,4816,57,338,19176,6481,188,19168,3603,192,4816,924,80,,,,,,,90.625,29.0323,6.06061,100,90.3226,78.125
236148,58000,58000,55500,58000,52000,55000,56800,0,1.4025e+08,2.035e+06,2.036e+06,2.035e+06,2.032e+06,2.038e+06,2.038e+06,630078,909375,1.6e+09,8,19168,153,36,19160,689,12,4816,57,350,19176,6711,200,19168,3756,192,4816,924,80,,,,,,,87.2727,35.4545,17.4312,80.1802,95.4545,85.4545
237623,58000,58000,55000,58000,52000,55000,56700,0,1.4025e+08,2.037e+06,2.034e+06,2.034e+06,2.037e+06,2.035e+06,2.038e+06,630078,909375,1.6e+09,8,19168,153,36,19160,689,12,4816,57,338,19176,6481,188,19168,3603,192,4816,924,80,,,,,,,86.4865,33.1081,13.5135,85.034,92.5676,81.0811
238262,58000,58000,55000,58000,52000,55000,56700,0,1.4025e+08,2.035e+06,2.034e+06,2.035e+06,2.035e+06,2.036e+06,2.034e+06,630078,917968,1.6e+09,8,19168,153,36,19160,689,12,4816,57,348,19176,6673,196,19168,3756,192,4816,924,80,,,,,,,90.625,37.5,18.75,84.127,95.2381,87.6923
239469,57500,57500,55000,57500,52000,55000,56800,0,1.4025e+08,2.035e+06,2.034e+06,2.036e+06,2.035e+06,2.035e+06,2.038e+06,630078,909375,1.6e+09,8,19168,153,36,19160,689,12,4816,57,326,19184,6253,180,19168,3450,184,4816,886,80,,,,,,,85.124,33.3333,9.91736,81.8182,92.5,82.3529
240747,58000,58000,55500,58000,52000,54750,56700,0,1.4025e+08,2.035e+06,2.035e+06,2.035e+06,2.035e+06,2.034e+06,2.035e+06,630078,917968,1.6e+09,8,19168,153,36,19160,689,12,4816,57,330,19176,6328,184,19168,3526,184,4816,886,80,,,,,,,89.7638,35.9375,13.4921,83.4646,92.9688,85.2713
241154,57500,57500,55000,57500,52000,54750,56700,0,1.4025e+08,2.058e+06,2.035e+06,2.035e+06,2.034e+06,2.035e+06,2.035e+06,630078,917968,1.6e+09,8,19168,153,36,19160,689,12,4816,57,346,19176,6634,196,19168,3756,192,4816,924,80,,,,,,,83.3333,41.4634,26.8293,97.561,97.5,75
242006,58000,58000,55000,58000,52000,55000,56700,0,1.4025e+08,2.042e+06,2.033e+06,2.034e+06,2.045e+06,2.037e+06,2.04e+06,630078,909375,1.6e+09,8,19168,153,36,19160,689,12,4816,57,348,19176,6673,200,19168,3833,188,4816,905,80,,,,,,,89.5349,36.9048,10.5882,84.5238,91.8605,84.7059
243325,57500,57500,55000,57500,52000,55000,56500,0,1.4025e+08,1.997e+06,2.035e+06,2.034e+06,1.997e+06,1.997e+06,1.996e+06,630078,898632,1.6e+09,8,19168,153,36,19160,689,12,4816,57,336,19176,6443,188,19168,3603,192,4816,924,80,,,,,,,87.218,32.5758,15.1515,84.8485,93.8931,82.5758
244776,58000,58000,55000,58000,52000,55000,56800,0,1.4025e+08,2.034e+06,2.035e+06,2.035e+06,2.034e+06,2.035e+06,2.034e+06,630078,917968,1.6e+09,8,19168,153,36,19160,689,12,4816,57,348,19176,6673,200,19168,3833,188,4816,905,80,,,,,,,88.1119,36.8056,14.4828,82.7586,93.7931,84.2466
245875,58000,58000,55000,58000,52000,55000,57000,0,1.4025e+08,2.032e+06,2.035e+06,2.034e+06,2.028e+06,2.032e+06,2.033e+06,630078,898632,1.6e+09,8,19168,153,36,19160,689,12,4816,57,340,19176,6519,188,19168,3603,192,4816,924,80,,,,,,,85.4545,30,18.9189,83.4862,95.4128,81.8182
246199,58000,58000,55500,58000,52000,54750,57000,0,1.4025e+08,1.997e+06,2.035e+06,2.035e+06,1.998e+06,1.999e+06,1.999e+06,630078,898632,1.6e+09,8,19168,153,36,19160,689,12,4816,57,342,19176,6558,192,19168,3680,188,4816,905,80,,,,,,,96.9697,45.4545,0,75,88.2353,90.625
247567,58000,58000,55500,58000,52000,55000,56500,0,1.4025e+08,2.035e+06,2.035e+06,2.035e+06,2.035e+06,2.034e+06,2.034e+06,630078,909375,1.6e+09,8,19168,153,36,19160,689,12,4816,57,344,19176,6596,196,19168,3756,188,4816,905,80,,,,,,,87.5912,35.7664,14.7059,85.2941,94.0741,83.8235
248341,57500,57500,55500,57500,52000,55000,56700,0,1.4025e+08,2.035e+06,2.035e+06,2.034e+06,2.034e+06,2.039e+06,2.04e+06,630078,909375,1.6e+09,8,19168,153,36,19160,689,12,4816,57,330,19176,6328,184,19168,3526,184,4816,886,80,,,,,,,87.1795,31.1688,12.8205,81.8182,92.2078,84.6154
249861,57500,57500,55500,57500,52000,54750,56700,0,1.4025e+08,2.032e+06,2.035e+06,2.035e+06,2.035e+06,2.036e+06,2.038e+06,630078,909375,1.6e+09,8,19168,153,36,19160,689,12,4816,57,342,19176,6558,192,19168,3680,188,4816,905,80,,,,,,,85.5263,35.7616,17.2185,84.7682,94.0789,81.5789
250693,57500,57500,55500,57500,52000,55000,56700,0,1.4025e+08,2.033e+06,2.035e+06,2.036e+06,2.033e+06,2.038e+06,2.042e+06,630078,909375,1.6e+09,8,19168,153,36,19160,689,12,4816,57,344,19176,6596,192,19168,3680,192,4816,924,80,,,,,,,89.1566,32.5301,16.8675,86.9048,94.0476,85.5422
251833,57500,57500,55000,57500,52000,54750,56800,0,1.4025e+08,2.037e+06,2.036e+06,2.036e+06,2.032e+06,2.033e+06,2.034e+06,630078,909375,1.6e+09,8,19168,153,36,19160,689,12,4816,57,324,19184,6215,180,19168,3450,180,4816,866,80,,,,,,,88.4956,33.3333,7.9646,81.4159,92.9204,85.0877
252772,58000,58000,55000,58000,52000,54750,56500,0,1.4025e+08,2.028e+06,2.035e+06,2.035e+06,2.047e+06,2.035e+06,2.035e+06,630078,917968,1.6e+09,8,19168,153,36,19160,689,12,4816,57,340,19176,6519,188,19168,3603,192,4816,924,80,,,,,,,86.3158,36.1702,22.1053,88.172,94.6809,80.8511
253207,58000,58000,55000,58000,52000,55000,56500,0,1.4025e+08,2.034e+06,2.036e+06,2.035e+06,2.034e+06,2.036e+06,2.04e+06,630078,909375,1.6e+09,8,19168,153,36,19160,689,12,4816,57,328,19184,6292,180,19168,3450,184,4816,886,80,,,,,,,90.6977,32.5581,4.54545,76.7442,88.3721,90.9091
254622,57500,57500,55000,57500,52000,54750,56700,0,1.4025e+08,1.998e+06,2.034e+06,2.035e+06,1.998e+06,1.996e+06,1.997e+06,630078,898632,1.6e+09,8,19168,153,36,19168,690,12,4816,57,318,19184,6100,172,19176,3298,180,4816,866,80,,,,,,,85.2113,34.0426,13.5714,84.3972,94.3262,80.8511
255861,58000,58000,55000,58000,52000,54750,56800,0,1.4025e+08,2.038e+06,2.035e+06,2.035e+06,2.041e+06,2.047e+06,2.041e+06,630078,909375,1.6e+09,8,19168,153,36,19160,689,12,4816,57,340,19176,6519,192,19168,3680,184,4816,886,80,,,,,,,90.3226,38.2114,16.129,83.871,93.5484,84.8
256237,58000,58000,55500,58000,52000,55000,56800,0,1.4025e+08,2.033e+06,2.034e+06,2.036e+06,2.03e+06,2.033e+06,2.032e+06,630078,909375,1.6e+09,8,19168,153,36,19160,689,12,4816,57,340,19176,6519,188,19168,3603,192,4816,924,80,,,,,,,81.5789,30.7692,30.7692,94.7368,94.5946,78.3784
257518,58000,58000,55000,58000,52000,54750,57000,0,1.4025e+08,2.034e+06,2.035e+06,2.034e+06,2.035e+06,2.036e+06,2.036e+06,630078,909375,1.6e+09,8,19168,153,36,19160,689,12,4816,57,352,19176,6749,200,19168,3833,192,4816,924,80,,,,,,,88.2812,36.7188,15.625,82.6772,93.75,85.1562
258377,57500,57500,55500,57500,52000,54750,56800,0,1.4025e+08,2.036e+06,2.035e+06,2.036e+06,2.037e+06,2.033e+06,2.031e+06,630078,909375,1.6e+09,8,19168,153,36,19160,689,12,4816,57,346,19176,6634,196,19168,3756,192,4816,924,80,,,,,,,86.2069,35.7143,11.7647,87.2093,93.1034,80.2326
259467,57500,57500,55500,57500,52000,55000,56800,0,1.4025e+08,2.037e+06,2.034e+06,2.035e+06,2.039e+06,2.038e+06,2.041e+06,630078,909375,1.6e+09,8,19168,153,36,19168,690,12,4816,57,322,19184,6177,176,19168,3373,184,4816,886,80,,,,,,,87.037,30.2752,11.0092,79.8165,92.6606,84.2593
260778,58000,58000,55000,58000,52000,55000,57000,0,1.4025e+08,2.038e+06,2.036e+06,2.035e+06,2.032e+06,2.035e+06,2.037e+06,630078,909375,1.6e+09,8,19168,153,36,19160,689,12,4816,57,330,19176,6328,184,19168,3526,184,4816,886,80,,,,,,,90.8397,35.8779,14.5038,83.9695,93.7984,86.3636
261856,58000,58000,55000,58000,52000,55000,57000,0,1.4025e+08,1.998e+06,2.034e+06,2.034e+06,1.998e+06,1.999e+06,1.999e+06,630078,898632,1.6e+09,8,19168,153,36,19160,689,12,4816,57,344,19176,6596,192,19168,3680,192,4816,924,80,,,,,,,85.3211,37.037,18.5185,89.7196,94.4444,79.6296
262394,58000,58000,55000,58000,52000,54750,57000,0,1.4025e+08,2.035e+06,2.035e+06,2.035e+06,2.035e+06,2.034e+06,2.035e+06,630078,917968,1.6e+09,8,19168,153,36,19160,689,12,4816,57,348,19176,6673,196,19168,3756,192,4816,924,80,,,,,,,88.8889,30.7692,20.7547,79.6296,94.4444,88.6792
263697,58000,58000,55500,58000,52000,54750,57000,0,1.4025e+08,2.035e+06,2.035e+06,2.035e+06,2.033e+06,2.037e+06,2.038e+06,630078,909375,1.6e+09,8,19168,153,36,19160,689,12,4816,57,354,19176,6788,204,19168,3910,192,4816,924,80,,,,,,,86.9231,36.9231,14.6154,82.9457,93.1298,82.4427
264897,57500,57500,55000,57500,52000,54750,57000,0,1.4025e+08,2.035e+06,2.035e+06,2.036e+06,2.035e+06,2.035e+06,2.035e+06,630078,909375,1.6e+09,8,19168,153,36,19160,689,12,4816,57,330,19176,6328,184,19168,3526,184,4816,886,80,,,,,,,89.1667,32.2314,8.33333,83.1933,92.437,85
265117,58000,58000,55000,58000,52000,54750,57000,0,1.4025e+08,2.034e+06,2.034e+06,2.036e+06,2.03e+06,2.036e+06,2.039e+06,630078,909375,1.6e+09,8,19168,153,36,19160,689,12,4816,57,350,19176,6711,196,19168,3756,196,4816,943,80,,,,,,,80.9524,42.8571,45.4545,95.4545,100,76.1905
266723,58000,58000,55000,58000,52000,55000,56500,0,1.4025e+08,2.036e+06,2.034e+06,2.034e+06,2.034e+06,2.033e+06,2.035e+06,630078,909375,1.6e+09,8,19168,153,36,19160,689,12,4816,57,340,19176,6519,188,19168,3603,192,4816,924,80,,,,,,,87.5776,33.75,12.5786,86.3354,93.1677,82.6087
267045,57500,57500,55000,57500,52000,54750,57000,0,1.4025e+08,2.034e+06,2.036e+06,2.035e+06,2.033e+06,2.035e+06,2.033e+06,630078,909375,1.6e+09,8,19168,153,36,19168,690,12,4816,57,318,19184,6100,172,19176,3298,180,4816,866,80,,,,,,,81.25,25,0,65.625,93.5484,81.25
268741,57500,57500,55500,57500,52000,54750,56800,66,1.4025e+08,1.998e+06,2.035e+06,2.035e+06,1.998e+06,1.999e+06,1.998e+06,630078,898632,1.6e+09,8,19168,153,36,19160,689,12,4816,57,346,19176,6634,192,19168,3680,192,4816,924,80,,,,,,,88.2353,37.2781,19.2982,87.0588,93.5294,82.9412
269984,58000,58000,55000,58000,52000,54750,56700,0,1.4025e+08,2.034e+06,2.035e+06,2.036e+06,2.034e+06,2.036e+06,2.038e+06,630078,909375,1.6e+09,8,19168,153,36,19160,689,12,4816,57,348,19176,6673,196,19168,3756,192,4816,924,80,,,,,,,88,33.0645,15.4472,82.1138,94.3089,85.4839
270513,57500,57500,55500,57500,52000,55000,57000,0,1.4025e+08,2.033e+06,2.035e+06,2.034e+06,2.035e+06,2.038e+06,2.04e+06,630078,909375,1.6e+09,8,19168,153,36,19160,689,12,4816,57,322,19184,6177,176,19168,3373,184,4816,886,80,,,,,,,83.0189,32.0755,3.77358,80.7692,90.566,79.2453
271486,57500,57500,55500,57500,52000,55000,57000,0,1.4025e+08,2.001e+06,2.033e+06,2.034e+06,2.003e+06,2e+06,2.001e+06,630078,898632,1.6e+09,8,19168,153,36,19160,689,12,4816,57,346,19176,6634,196,19168,3756,192,4816,924,80,,,,,,,88.6598,39.7959,18.5567,89.7959,93.8144,82.4742
272136,58000,58000,55500,58000,52000,54750,57000,0,1.4025e+08,2.034e+06,2.034e+06,2.034e+06,2.037e+06,2.034e+06,2.033e+06,630078,909375,1.6e+09,8,19168,153,36,19160,689,12,4816,57,340,19176,6519,188,19168,3603,192,4816,924,80,,,,,,,86.3636,30.7692,15.3846,83.0769,93.9394,81.5385
273517,57500,57500,55000,57500,52000,54750,56500,0,1.4025e+08,2.034e+06,2.035e+06,2.034e+06,2.035e+06,2.034e+06,2.035e+06,630078,917968,1.6e+09,8,19168,153,36,19160,689,12,4816,57,338,19176,6481,188,19168,3603,192,4816,924,80,,,,,,,87.6812,34.3066,14.4928,84.6715,93.4783,83.4532
274810,58000,58000,55000,58000,52000,54750,56500,0,1.4025e+08,2.038e+06,2.036e+06,2.035e+06,2.032e+06,2.036e+06,2.042e+06,630078,909375,1.6e+09,8,19168,153,36,19160,689,12,4816,57,348,19176,6673,196,19168,3756,192,4816,924,80,,,,,,,88.4615,34.8837,14.8438,82.9457,93.7984,86.7188
275912,57500,57500,55000,57500,52000,54750,56800,0,1.4025e+08,2.034e+06,2.034e+06,2.035e+06,2.035e+06,2.034e+06,2.034e+06,630078,917968,1.6e+09,8,19168,153,36,19160,689,12,4816,57,334,19176,6404,188,19168,3603,184,4816,886,80,,,,,,,88.1818,34.8624,9.09091,80.9091,92.6606,82.7273
276390,57500,57500,55000,57500,52000,54750,56800,0,1.4025e+08,1.999e+06,2.035e+06,2.036e+06,1.997e+06,1.998e+06,1.999e+06,630078,898632,1.6e+09,8,19168,153,36,19160,689,12,4816,57,342,19176,6558,192,19168,3603,196,4816,943,80,,,,,,,85.4167,34.6939,20.8333,97.9167,95.8333,79.1667
277008,57500,57500,55500,57500,52000,54750,56500,0,1.4025e+08,1.997e+06,2.035e+06,2.034e+06,1.998e+06,1.999e+06,1.999e+06,630078,898632,1.6e+09,8,19168,153,36,19160,689,12,4816,57,352,19176,6749,200,19168,3833,196,4816,943,80,,,,,,,86.8852,37.7049,19.3548,82.2581,93.5484,82.2581
278478,58000,58000,55000,58000,52000,55000,56800,0,1.4025e+08,2.033e+06,2.036e+06,2.035e+06,2.033e+06,2.039e+06,2.037e+06,630078,909375,1.6e+09,8,19168,153,36,19160,689,12,4816,57,340,19176,6519,188,19168,3603,196,4816,943,80,,,,,,,87.7551,32.6531,13.6054,84.9315,93.1973,83.6735
279730,57500,57500,55500,57500,52000,54750,57000,0,1.4025e+08,2.035e+06,2.035e+06,2.033e+06,2.035e+06,2.034e+06,2.034e+06,630078,917968,1.6e+09,8,19168,153,36,19160,689,12,4816,57,342,19176,6558,192,19168,3680,192,4816,924,80,,,,,,,86.4,34.6774,15.3226,83.0645,93.4959,82.5397
280869,57500,57500,55000,57500,52000,54750,56800,0,1.4025e+08,2.037e+06,2.034e+06,2.035e+06,2.041e+06,2.038e+06,2.039e+06,630078,909375,1.6e+09,8,19168,153,36,19160,689,12,4816,57,328,19184,6292,180,19168,3450,184,4816,905,80,,,,,,,86.9565,34.2105,10.6195,81.7391,93.0435,84.2105
281170,58000,58000,55000,58000,52000,54750,56800,167,1.4025e+08,2.033e+06,2.036e+06,2.036e+06,2.035e+06,2.033e+06,2.036e+06,630078,909375,1.6e+09,8,19168,153,36,19160,689,12,4816,57,350,19176,6711,196,19168,3756,196,4816,943,80,,,,,,,93.1034,44.8276,26.6667,100,96.6667,80.6452
282563,58000,58000,55500,58000,52000,54750,56500,0,1.4025e+08,2.034e+06,2.035e+06,2.035e+06,2.035e+06,2.035e+06,2.036e+06,630078,917968,1.6e+09,8,19168,153,36,19160,689,12,4816,57,346,19176,6634,196,19168,3756,196,4816,943,80,,,,,,,87.1429,34.2857,14.3885,84.058,93.5252,83.4532
283639,57500,57500,55000,57500,52000,54750,57000,0,1.4025e+08,1.997e+06,2.036e+06,2.035e+06,2e+06,1.999e+06,1.999e+06,630078,898632,1.6e+09,8,19168,153,36,19160,689,12,4816,57,332,19184,6369,184,19168,3526,188,4816,905,80,,,,,,,86.9159,33.0189,12.1495,80.1887,92.5926,83.1776
284376,58000,58000,55500,58000,52000,54750,57000,54,1.4025e+08,2.033e+06,2.034e+06,2.035e+06,2.035e+06,2.039e+06,2.035e+06,630078,909375,1.6e+09,8,19168,153,36,19160,689,12,4816,57,352,19176,6749,200,19168,3833,196,4816,943,80,,,,,,,87.8378,38.6667,20.2703,84.2105,94.5205,84.9315
285184,58000,58000,55000,58000,52000,55000,56800,0,1.4025e+08,1.999e+06,2.035e+06,2.035e+06,1.997e+06,1.999e+06,1.999e+06,630078,898632,1.6e+09,8,19168,153,36,19160,689,12,4816,57,348,19176,6673,196,19168,3756,196,4816,943,80,,,,,,,89.0244,31.25,14.8148,87.3418,95,83.9506
286500,58000,58000,55500,58000,52000,54750,56800,0,1.4025e+08,2.036e+06,2.034e+06,2.035e+06,2.035e+06,2.035e+06,2.034e+06,630078,917968,1.6e+09,8,19160,153,36,19160,689,12,4816,57,356,19176,6826,204,19168,3910,196,4816,943,80,,,,,,,87.0229,37.1212,16.0305,83.2061,93.1298,83.9695
287612,58000,58000,55000,58000,52000,54750,56800,0,1.4025e+08,2.036e+06,2.035e+06,2.035e+06,2.033e+06,2.036e+06,2.034e+06,630078,909375,1.6e+09,8,19168,153,36,19160,689,12,4816,57,340,19176,6519,192,19168,3680,188,4816,905,80,,,,,,,89.1892,34.5455,8.92857,81.982,92.7928,82.8829
288702,58000,58000,55500,58000,52000,55000,57000,0,1.4025e+08,2.035e+06,2.035e+06,2.034e+06,2.036e+06,2.036e+06,2.034e+06,630078,909375,1.6e+09,8,19168,153,36,19160,689,12,4816,57,344,19176,6596,192,19168,3680,196,4816,943,80,,,,,,,84.6847,33.3333,17.757,88.1818,93.6364,80.7339
289876,57500,57500,55000,57500,52000,54750,57000,0,1.4025e+08,2.035e+06,2.036e+06,2.035e+06,2.037e+06,2.038e+06,2.039e+06,630078,909375,1.6e+09,8,19168,153,36,19160,689,12,4816,57,344,19176,6596,192,19168,3680,192,4816,924,80,,,,,,,88.0342,35.5932,15.1261,81.8966,94.0678,84.7458
290074,57500,57500,55000,57500,52000,54750,56800,0,1.4025e+08,1.998e+06,2.035e+06,2.035e+06,1.999e+06,1.998e+06,2e+06,630078,909375,1.6e+09,8,19168,153,36,19160,689,12,4816,57,342,19176,6558,192,19168,3680,192,4816,924,80,,,,,,,89.4737,26.3158,15.7895,100,94.7368,70
291479,57500,57500,55500,57500,52000,55000,57000,0,1.4025e+08,2.035e+06,2.034e+06,2.036e+06,2.034e+06,2.035e+06,2.035e+06,630078,917968,1.6e+09,8,19168,153,36,19160,689,12,4816,57,346,19176,6634,196,19168,3756,192,4816,924,80,,,,,,,87.9433,35.7143,14.2857,84.3972,92.9078,83.5714
292731,58000,58000,55000,58000,52000,54750,56800,0,1.4025e+08,2.035e+06,2.035e+06,2.036e+06,2.034e+06,2.035e+06,2.034e+06,630078,917968,1.6e+09,8,19168,153,36,19160,689,12,4816,57,354,19176,6788,200,19168,3833,196,4816,943,80,,,,,,,88,34.6774,16,82.4,94.3548,85.6
293467,58000,58000,55500,58000,52000,54750,56800,0,1.4025e+08,1.998e+06,2.035e+06,2.035e+06,1.997e+06,1.997e+06,1.999e+06,630078,898632,1.6e+09,8,19168,153,36,19160,689,12,4816,57,348,19176,6673,196,19168,3756,196,4816,943,80,,,,,,,89.1892,32.4324,13.6986,86.3014,94.4444,82.6667
294173,58000,58000,55500,58000,52000,55000,56800,0,1.4025e+08,1.997e+06,2.035e+06,2.034e+06,1.997e+06,1.997e+06,1.998e+06,630078,898632,1.6e+09,8,19168,153,36,19160,689,12,4816,57,344,19176,6596,192,19168,3680,196,4816,943,80,,,,,,,85.9155,34.2857,14.0845,83.0986,93.0556,82.6087
295627,57500,57500,55000,57500,52000,55000,56800,0,1.4025e+08,1.999e+06,2.035e+06,2.035e+06,2.001e+06,1.998e+06,2e+06,630078,898632,1.6e+09,8,19168,153,36,19160,689,12,4816,57,350,19176,6711,196,19168,3833,196,4816,943,80,,,,,,,86.8966,37.2414,13.8889,85.4167,93.1034,82.7586
296583,58000,58000,55000,58000,52000,54750,56800,0,1.4025e+08,2.035e+06,2.036e+06,2.034e+06,2.035e+06,2.035e+06,2.035e+06,630078,917968,1.6e+09,8,19168,153,36,19160,689,12,4816,57,340,19176,6519,192,19168,3680,188,4816,905,80,,,,,,,89.5833,34.375,10.5263,79.1667,92.7083,86.4583
297897,58000,58000,55000,58000,52000,55000,56800,0,1.4025e+08,2.033e+06,2.034e+06,2.034e+06,2.035e+06,2.035e+06,2.035e+06,630078,917968,1.6e+09,8,19168,153,36,19160,689,12,4816,57,350,19176,6711,200,19168,3833,188,4816,905,80,,,,,,,87.7863,36.6412,15.2672,88.5496,93.8462,81.8182
298670,58000,58000,55500,58000,52000,54750,56800,0,1.4025e+08,2.034e+06,2.035e+06,2.036e+06,2.034e+06,2.037e+06,2.036e+06,630078,909375,1.6e+09,8,19168,153,36,19160,689,12,4816,57,336,19176,6443,188,19168,3603,188,4816,886,80,,,,,,,85.8974,31.1688,14.1026,76.6234,92.2078,85.7143
299323,58000,58000,55000,58000,52000,54750,56700,0,1.4025e+08,2.034e+06,2.034e+06,2.034e+06,2.034e+06,2.039e+06,2.043e+06,630078,909375,1.6e+09,8,19168,153,36,19160,689,12,4816,57,344,19176,6596,196,19168,3756,188,4816,905,80,,,,,,,90.7692,37.8788,15.3846,87.6923,95.3846,83.3333
300879,57500,57500,55000,57500,52000,54750,56500,0,1.4025e+08,2e+06,2.035e+06,2.036e+06,1.998e+06,1.999e+06,1.999e+06,630078,917968,1.6e+09,8,19168,153,36,19160,689,12,4816,57,328,19184,6292,180,19168,3450,188,4816,905,80,,,,,,,84.7134,31.6129,14.1935,83.871,93.5897,81.9355
301180,58000,58000,55500,58000,52000,54750,56800,0,1.4025e+08,2.035e+06,2.035e+06,2.035e+06,2.034e+06,2.034e+06,2.035e+06,630078,917968,1.6e+09,8,19168,153,36,19160,689,12,4816,57,350,19176,6711,196,19168,3756,196,4816,943,80,,,,,,,93.3333,48.2759,24.1379,100,93.5484,83.3333
302807,58000,58000,55000,58000,52000,54750,56800,0,1.4025e+08,2.034e+06,2.035e+06,2.036e+06,2.034e+06,2.035e+06,2.034e+06,630078,917968,1.6e+09,8,19168,153,36,19160,689,12,4816,57,338,19176,6443,188,19168,3603,188,4816,905,80,,,,,,,88.2716,34.3558,12.3457,80.2469,92.5926,84.6626
303015,58500,58500,55000,58500,52000,54750,56800,0,1.4025e+08,1.999e+06,2.035e+06,2.035e+06,1.997e+06,1.998e+06,1.997e+06,630078,898632,1.6e+09,8,19168,153,36,19160,689,12,4816,57,354,19176,6788,204,19168,3910,196,4816,943,80,,,,,,,77.2727,40,42.8571,95.2381,100,76.1905
304697,58000,58000,55000,58000,52000,54750,56800,0,1.4025e+08,1.999e+06,2.036e+06,2.035e+06,1.997e+06,1.999e+06,2e+06,630078,898632,1.6e+09,8,19168,153,36,19160,689,12,4816,57,338,19176,6481,188,19168,3603,192,4816,924,80,,,,,,,88.6905,33.5329,13.5294,86.9048,94.0476,83.432
305617,58000,58000,55000,58000,52000,54750,56800,0,1.4025e+08,1.998e+06,2.035e+06,2.034e+06,1.998e+06,1.999e+06,2e+06,630078,898632,1.6e+09,8,19168,153,36,19160,689,12,4816,57,330,19176,6328,184,19168,3526,184,4816,886,80,,,,,,,88.0435,34.0659,10.8696,78.022,91.3978,85.7143
306925,58000,58000,55000,58000,52000,54750,56800,0,1.4025e+08,1.998e+06,2.035e+06,2.036e+06,1.999e+06,1.999e+06,1.996e+06,630078,898632,1.6e+09,8,19168,153,36,19160,689,12,4816,57,340,19176,6519,192,19168,3680,184,4816,886,80,,,,,,,87.7863,36.6412,14.7287,84.7328,94.6154,82.5758
307088,57500,57500,55000,57500,52000,54750,56800,0,1.4025e+08,2.035e+06,2.035e+06,2.034e+06,2.041e+06,2.038e+06,2.036e+06,630078,909375,1.6e+09,8,19168,153,36,19160,689,12,4816,57,328,19184,6292,180,19168,3450,184,4816,886,80,,,,,,,68.75,23.5294,17.6471,82.3529,93.75,68.75
308626,58000,58000,55000,58000,52000,54750,56800,0,1.4025e+08,2.036e+06,2.035e+06,2.035e+06,2.034e+06,2.035e+06,2.035e+06,630078,917968,1.6e+09,8,19168,153,36,19160,689,12,4816,57,348,19176,6673,196,19168,3756,192,4816,924,80,,,,,,,88.8889,35.2941,18.1818,86.1842,93.4641,85.0649
309403,57500,57500,55500,57500,52000,55000,56500,0,1.4025e+08,2e+06,2.035e+06,2.034e+06,2.001e+06,1.999e+06,2e+06,630078,898632,1.6e+09,8,19168,153,36,19160,689,8,4816,38,340,19176,6519,188,19168,3603,192,4816,924,80,,,,,,,84.6154,34.2105,11.6883,85.8974,92.3077,78.2051
310816,58000,58000,55500,58000,52000,54750,56500,52,1.4025e+08,2.008e+06,2.034e+06,2.035e+06,1.999e+06,1.998e+06,2.001e+06,630078,898632,1.6e+09,8,19168,153,36,19160,689,12,4816,57,346,19176,6634,196,19168,3756,192,4816,924,80,,,,,,,88.1119,37.3239,16.1972,84.3972,94.3262,83.6879
311492,57500,57500,55000,57500,52000,54750,56800,0,1.4025e+08,2.033e+06,2.034e+06,2.035e+06,2.038e+06,2.039e+06,2.038e+06,630078,909375,1.6e+09,8,19168,153,36,19160,689,12,4816,57,344,19176,6596,192,19168,3680,192,4816,924,80,,,,,,,86.5672,32.8358,14.9254,83.5821,92.5373,83.5821
312571,57500,57500,55000,57500,52000,55000,56800,0,1.4025e+08,1.998e+06,2.034e+06,2.035e+06,1.998e+06,1.997e+06,1.999e+06,630078,898632,1.6e+09,8,19168,153,36,19160,689,12,4816,57,320,19184,6138,172,19168,3296,180,4816,866,80,,,,,,,87.8505,30.5556,9.25926,81.3084,93.4579,85.1852
313377,58000,58000,55000,58000,52000,54750,56800,0,1.4025e+08,2.034e+06,2.035e+06,2.035e+06,2.034e+06,2.035e+06,2.035e+06,630078,917968,1.6e+09,8,19168,153,36,19160,689,12,4816,57,354,19176,6788,204,19168,3910,196,4816,943,80,,,,,,,87.8049,42.5,25,85.3659,95.0617,83.75
314130,58000,58000,55000,58000,52000,54750,56800,0,1.4025e+08,2.035e+06,2.034e+06,2.034e+06,2.034e+06,2.036e+06,2.037e+06,630078,909375,1.6e+09,8,19168,153,36,19160,689,12,4816,57,348,19176,6673,196,19168,3756,192,4816,924,80,,,,,,,88.1579,32,13.3333,85.3333,93.3333,84.2105
315946,57500,57500,55000,57500,52000,54750,56500,0,1.4025e+08,2.035e+06,2.034e+06,2.035e+06,2.034e+06,2.034e+06,2.034e+06,630078,909375,1.6e+09,8,19168,153,36,19160,689,12,4816,57,332,19176,6366,184,19168,3526,184,4816,886,80,,,,,,,87.9121,34.0659,11.5385,82.2222,92.8177,83.4254
316561,58000,58000,55000,58000,52000,54750,56800,0,1.4025e+08,1.996e+06,2.034e+06,2.034e+06,1.998e+06,1.999e+06,1.998e+06,630078,898632,1.6e+09,8,19168,153,36,19160,689,12,4816,57,344,19176,6596,196,19168,3756,188,4816,905,80,,,,,,,90,40.9836,16.3934,88.7097,93.6508,82.2581
317628,58000,58000,55500,58000,52000,54750,56800,0,1.4025e+08,2.034e+06,2.034e+06,2.035e+06,2.034e+06,2.035e+06,2.035e+06,630078,917968,1.6e+09,8,19168,153,36,19160,689,12,4816,57,342,19176,6558,192,19168,3680,192,4816,924,80,,,,,,,85.1852,31.1321,17.9245,85.8491,95.2381,83.0189
318556,57500,57500,55500,57500,52000,54750,56800,0,1.4025e+08,1.996e+06,2.034e+06,2.035e+06,1.999e+06,1.999e+06,1.998e+06,630078,898632,1.6e+09,8,19168,153,36,19160,689,12,4816,57,342,19176,6558,192,19168,3680,192,4816,924,80,,,,,,,89.011,37.6344,11.828,88.0435,91.3978,82.9787
319262,57500,57500,55000,57500,52000,54750,56800,0,1.4025e+08,1.996e+06,2.034e+06,2.035e+06,1.999e+06,2.032e+06,2.038e+06,630078,917968,1.6e+09,8,19168,153,36,19160,689,12,4816,57,346,19176,6673,196,19168,3756,192,4816,924,80,,,,,,,87.5,38.0282,14.2857,82.8571,94.2857,85.7143
320502,57500,57500,55000,57500,52000,54750,56800,0,1.4025e+08,1.998e+06,2.035e+06,2.035e+06,1.997e+06,1.999e+06,1.997e+06,630078,898632,1.6e+09,8,19168,153,36,19160,689,12,4816,57,346,19176,6634,192,19168,3680,192,4816,924,80,,,,,,,86.2903,33.3333,15.4472,83.871,93.6,82.2581
321628,58000,58000,55000,58000,52000,54750,56800,0,1.4025e+08,2.033e+06,2.035e+06,2.035e+06,2.041e+06,2.035e+06,2.039e+06,630078,909375,1.6e+09,8,19168,153,36,19160,689,12,4816,57,344,19176,6596,192,19168,3680,192,4816,924,80,,,,,,,86.7257,35.3982,15.7895,80.3571,93.75,84.3478
322740,58000,58000,55000,58000,52000,54750,56800,0,1.4025e+08,1.997e+06,2.034e+06,2.034e+06,1.997e+06,1.998e+06,1.997e+06,630078,898632,1.6e+09,8,19168,153,36,19160,689,12,4816,57,348,19176,6673,200,19168,3833,188,4816,905,80,,,,,,,90,35.4545,11.8182,88.1818,92.7928,83.6364
323232,57500,57500,55000,57500,52000,54750,56800,0,1.4025e+08,2.034e+06,2.035e+06,2.034e+06,2.034e+06,2.034e+06,2.035e+06,630078,917968,1.6e+09,8,19168,153,36,19160,689,12,4816,57,346,19176,6634,196,19168,3756,192,4816,924,80,,,,,,,82,33.3333,18.75,84,95.8333,79.5918
324095,58000,58000,55000,58000,52000,54750,56800,0,1.4025e+08,2e+06,2.035e+06,2.034e+06,1.999e+06,1.999e+06,1.999e+06,630078,898632,1.6e+09,8,19168,153,36,19160,689,12,4816,57,346,19176,6634,196,19168,3756,192,4816,924,80,,,,,,,89.5349,35.2941,11.6279,87.0588,93.0233,84.8837
325912,57500,57500,55000,57500,52000,54750,56800,0,1.4025e+08,2.037e+06,2.034e+06,2.035e+06,2.03e+06,2.033e+06,2.033e+06,630078,909375,1.6e+09,8,19168,153,36,19160,689,12,4816,57,342,19176,6558,192,19168,3603,192,4816,924,80,,,,,,,87.3626,32.5967,17.033,82.3204,93.956,82.967
326858,57500,57500,55000,57500,52000,54750,56500,0,1.4025e+08,2.036e+06,2.035e+06,2.034e+06,2.042e+06,2.044e+06,2.041e+06,630078,909375,1.6e+09,8,19168,153,36,19160,689,12,4816,57,346,19176,6634,196,19168,3756,188,4816,905,80,,,,,,,88.4211,39.3617,10.5263,87.234,92.5532,84.375
327678,57500,57500,55000,57500,52000,54750,56800,187,1.4025e+08,2.038e+06,2.035e+06,2.035e+06,2.035e+06,2.039e+06,2.038e+06,630078,909375,1.6e+09,8,19168,153,36,19160,689,12,4816,57,332,19176,6366,184,19168,3526,184,4816,886,80,,,,,,,87.8049,30.4878,11.25,75.6098,92.6829,86.4198
328807,58000,58000,55000,58000,52000,54750,56800,0,1.4025e+08,2.035e+06,2.035e+06,2.034e+06,2.035e+06,2.034e+06,2.035e+06,630078,917968,1.6e+09,8,19168,153,36,19160,689,12,4816,57,342,19176,6558,192,19168,3680,192,4816,924,80,,,,,,,86.8421,35.7143,18.4211,89.3805,94.7368,81.4159
329527,57500,57500,55000,57500,52000,54750,56800,0,1.4025e+08,1.998e+06,2.035e+06,2.036e+06,2e+06,2e+06,1.999e+06,630078,898632,1.6e+09,8,19168,153,36,19160,689,12,4816,57,340,19176,6481,188,19168,3603,192,4816,924,80,,,,,,,87.5,34.2466,13.8889,84.7222,94.3662,84.7222
331000,58000,58000,55000,58000,52000,54750,56700,0,1.4025e+08,2.034e+06,2.034e+06,2.035e+06,2.034e+06,2.034e+06,2.036e+06,630078,917968,1.6e+09,8,19168,153,36,19160,689,12,4816,57,348,19176,6673,196,19168,3756,192,4816,924,80,,,,,,,88.5135,36.9863,13.1034,84.3537,93.1507,82.9932
331685,58000,58000,55500,58000,52000,54750,56700,51,1.4025e+08,1.997e+06,2.035e+06,2.035e+06,1.999e+06,1.999e+06,1.998e+06,630078,898632,1.6e+09,8,19168,153,36,19160,689,12,4816,57,346,19176,6634,196,19168,3756,192,4816,924,80,,,,,,,88.2353,33.8235,14.4928,85.2941,92.7536,82.6087
332707,58000,58000,55000,58000,52000,54750,56800,0,1.4025e+08,2.032e+06,2.035e+06,2.035e+06,2.03e+06,2.041e+06,2.039e+06,630078,909375,1.6e+09,8,19168,153,36,19160,689,12,4816,57,354,19176,6788,200,19168,3833,196,4816,943,80,,,,,,,85.2941,34.3137,19.6078,79.4118,94.1748,84.3137
333806,58000,58000,55500,58000,52000,54750,56800,0,1.4025e+08,2.038e+06,2.035e+06,2.036e+06,2.038e+06,2.042e+06,2.047e+06,630078,909375,1.6e+09,8,19168,153,36,19160,689,12,4816,57,344,19176,6596,196,19168,3756,188,4816,905,80,,,,,,,89.9083,34.8624,9.17431,85.3211,93.5185,82.7273
334698,57500,57500,55500,57500,52000,54750,56500,0,1.4025e+08,1.998e+06,2.035e+06,2.034e+06,1.997e+06,2e+06,1.999e+06,630078,898632,1.6e+09,8,19168,153,36,19160,689,12,4816,57,328,19184,6292,180,19168,3450,184,4816,886,80,,,,,,,83.3333,30.3371,14.6067,81.8182,93.3333,82.0225
335404,57500,57500,55000,57500,52000,54750,56800,0,1.4025e+08,1.999e+06,2.035e+06,2.034e+06,1.998e+06,2e+06,1.997e+06,630078,898632,1.6e+09,8,19168,153,36,19160,689,12,4816,57,334,19176,6404,184,19168,3526,188,4816,905,80,,,,,,,88.5714,36.6197,15.493,84.507,92.9577,84.2857
336422,57500,57500,55000,57500,52000,54750,56800,0,1.4025e+08,2e+06,2.036e+06,2.035e+06,1.997e+06,1.998e+06,1.997e+06,630078,898632,1.6e+09,8,19168,153,36,19160,689,12,4816,57,338,19176,6481,188,19168,3603,192,4816,924,80,,,,,,,88.3495,34.3137,14.8515,89.2157,95,83.4951
337624,57500,57500,55000,57500,52000,54750,56500,0,1.4025e+08,2.034e+06,2.035e+06,2.034e+06,2.034e+06,2.036e+06,2.034e+06,630078,909375,1.6e+09,8,19168,153,36,19160,689,12,4816,57,346,19176,6634,192,19168,3680,192,4816,924,80,,,,,,,88.2353,34.1667,18.1818,81.6667,93.4426,84.1667
338489,58000,58000,55000,58000,52000,54750,56500,187,1.4025e+08,2.033e+06,2.036e+06,2.035e+06,2.034e+06,2.036e+06,2.035e+06,630078,909375,1.6e+09,8,19168,153,36,19160,689,12,4816,57,340,19176,6519,188,19168,3603,192,4816,924,80,,,,,,,86.2069,35.2941,10.5882,87.3563,93.0233,82.5581
339046,57500,57500,55000,57500,52000,54750,56800,0,1.4025e+08,1.998e+06,2.036e+06,2.034e+06,1.998e+06,1.997e+06,1.997e+06,630078,898632,1.6e+09,8,19168,153,36,19160,689,12,4816,57,336,19176,6443,184,19168,3526,192,4816,924,80,,,,,,,85.4545,32.1429,17.8571,80,92.5926,78.5714
340025,58000,58000,55000,58000,52000,54750,56700,0,1.4025e+08,2.034e+06,2.035e+06,2.036e+06,2.033e+06,2.039e+06,2.034e+06,630078,898632,1.6e+09,8,19168,153,36,19160,689,12,4816,57,346,19176,6634,196,19168,3756,188,4816,905,80,,,,,,,90.9091,38.7755,11.2245,83.6735,93.9394,86.7347
341304,57500,57500,55000,57500,52000,54750,56700,187,1.4025e+08,1.998e+06,2.035e+06,2.034e+06,1.998e+06,2.001e+06,1.998e+06,630078,898632,1.6e+09,8,19168,153,36,19160,689,12,4816,57,338,19176,6481,188,19168,3603,192,4816,924,80,,,,,,,86.7188,33.0709,14.9606,88.189,92.9134,82.0312
342536,57500,57500,55000,57500,52000,54750,56500,0,1.4025e+08,2.034e+06,2.034e+06,2.035e+06,2.034e+06,2.034e+06,2.034e+06,630078,917968,1.6e+09,8,19168,153,36,19160,689,12,4816,57,342,19176,6558,192,19168,3680,192,4816,924,80,,,,,,,85.4839,34.9593,16.2602,82.9268,94.3089,82.1138
343595,57500,57500,55000,57500,52000,54750,56500,0,1.4025e+08,1.997e+06,2.035e+06,2.036e+06,1.999e+06,1.999e+06,2.001e+06,630078,898632,1.6e+09,8,19168,153,36,19160,689,12,4816,57,326,19184,6253,180,19168,3450,184,4816,886,80,,,,,,,90.4762,32.0755,9.43396,80,92.4528,87.619
344680,57500,57500,55000,57500,52000,54750,56500,0,1.4025e+08,2.035e+06,2.035e+06,2.036e+06,2.036e+06,2.034e+06,2.035e+06,630078,917968,1.6e+09,8,19168,153,36,19160,689,12,4816,57,342,19176,6519,188,19168,3603,192,4816,924,80,,,,,,,85.4545,36.4486,17.5926,88.9908,94.4444,80.7339
345665,57500,57500,55000,57500,52000,54750,56800,0,1.4025e+08,2.03e+06,2.034e+06,2.035e+06,2.034e+06,2.038e+06,2.039e+06,630078,909375,1.6e+09,8,19168,153,36,19160,689,12,4816,57,328,19184,6292,180,19168,3450,184,4816,886,80,,,,,,,89.7959,32.6531,10.2041,78.5714,92.8571,85.8586
346540,58000,58000,55500,58000,52000,54750,56500,0,1.4025e+08,1.998e+06,2.034e+06,2.034e+06,2e+06,2.036e+06,2.042e+06,630078,917968,1.6e+09,8,19168,153,36,19160,689,12,4816,57,350,19176,6711,200,19168,3833,192,4816,924,80,,,,,,,85.3933,38.6364,23.2558,87.2093,94.3182,82.7586
347241,58000,58000,55000,58000,52000,54750,56500,0,1.4025e+08,2.035e+06,2.036e+06,2.035e+06,2.035e+06,2.038e+06,2.035e+06,630078,909375,1.6e+09,8,19168,153,36,19160,689,12,4816,57,348,19176,6673,196,19168,3756,192,4816,924,80,,,,,,,88.4058,34.2857,14.2857,84.507,94.2857,82.8571
348293,58000,58000,55000,58000,52000,54750,56500,0,1.4025e+08,1.997e+06,2.035e+06,2.034e+06,1.996e+06,1.998e+06,1.998e+06,630078,898632,1.6e+09,8,19168,153,36,19160,689,12,4816,57,344,19176,6596,196,19168,3756,188,4816,905,80,,,,,,,88.6792,35.5769,9.43396,84.6154,92.381,83.0189
349095,57500,57500,55000,57500,52000,54750,56500,0,1.4025e+08,2.035e+06,2.036e+06,2.034e+06,2.035e+06,2.035e+06,2.038e+06,630078,909375,1.6e+09,8,19168,153,36,19160,689,12,4816,57,332,19176,6366,184,19168,3526,184,4816,886,80,,,,,,,87.5,31.25,14.8148,81.25,92.5,86.0759
350502,57500,57500,55000,57500,52000,54750,56800,0,1.4025e+08,2.036e+06,2.035e+06,2.036e+06,2.034e+06,2.034e+06,2.034e+06,630078,898632,1.6e+09,8,19168,153,36,19160,689,12,4816,57,326,19184,6253,180,19168,3450,184,4816,886,80,,,,,,,87.234,34.507,13.5714,84.8921,94.2857,82.9787
351793,58000,58000,55000,58000,52000,54750,56500,0,1.4025e+08,2.034e+06,2.034e+06,2.036e+06,2.031e+06,2.033e+06,2.03e+06,630078,909375,1.6e+09,8,19168,153,36,19160,689,12,4816,57,336,19176,6443,188,19168,3603,184,4816,886,80,,,,,,,86.8217,36.4341,15.5039,83.2061,93.0769,82.9457
352723,58000,58000,55000,58000,52000,54750,56700,0,1.4025e+08,1.998e+06,2.035e+06,2.034e+06,1.997e+06,1.998e+06,1.999e+06,630078,898632,1.6e+09,8,19168,153,36,19160,689,12,4816,57,352,19176,6749,200,19168,3833,192,4816,924,80,,,,,,,86.9565,36.5591,21.7391,87.9121,94.5652,82.6087
353240,57500,57500,55000,57500,52000,54750,56800,0,1.4025e+08,2.042e+06,2.034e+06,2.036e+06,2.033e+06,2.037e+06,2.039e+06,630078,909375,1.6e+09,8,19168,153,36,19160,689,12,4816,57,328,19176,6289,180,19168,3450,184,4816,886,80,,,,,,,90.566,27.451,0,80.3922,92.1569,86.5385
354025,57500,57500,55500,57500,52000,54750,56800,0,1.4025e+08,1.998e+06,2.035e+06,2.035e+06,2.004e+06,1.998e+06,1.996e+06,630078,898632,1.6e+09,8,19168,153,36,19160,689,12,4816,57,330,19176,6366,184,19168,3526,188,4816,905,80,,,,,,,83.3333,34.6154,17.7215,84.8101,93.75,78.481
355817,57500,57500,55000,57500,52000,54750,56500,0,1.4025e+08,1.996e+06,2.034e+06,2.035e+06,1.998e+06,1.998e+06,1.998e+06,630078,898632,1.6e+09,8,19168,153,36,19160,689,12,4816,57,342,19176,6558,192,19168,3680,192,4816,924,80,,,,,,,88.8889,36.3128,14.6067,87.6404,93.2584,83.3333
356150,58000,58000,55000,58000,52000,54750,56500,0,1.4025e+08,2.034e+06,2.035e+06,2.034e+06,2.036e+06,2.034e+06,2.035e+06,630078,917968,1.6e+09,8,19168,153,36,19160,689,12,4816,57,352,19176,6749,200,19168,3833,192,4816,924,80,,,,,,,81.8182,37.5,27.2727,67.6471,96.9697,87.5
357881,57500,57500,55000,57500,52000,54750,56500,0,1.4025e+08,2.034e+06,2.035e+06,2.032e+06,2.034e+06,2.035e+06,2.033e+06,630078,917968,1.6e+09,8,19168,153,36,19160,689,12,4816,57,340,19176,6519,192,19168,3680,192,4816,924,80,,,,,,,88.5057,33.7209,12.1387,87.2093,93.0636,82.659
358493,57500,57500,55000,57500,52000,54750,56500,0,1.4025e+08,2.034e+06,2.036e+06,2.034e+06,2.032e+06,2.036e+06,2.036e+06,630078,909375,1.6e+09,8,19168,153,36,19160,689,12,4816,57,340,19176,6519,188,19168,3603,192,4816,924,80,,,,,,,86.8852,34.9206,16.3934,85.2459,96.7213,83.871
359956,57500,57500,55000,57500,52000,54750,56700,0,1.4025e+08,2.033e+06,2.035e+06,2.033e+06,2.035e+06,2.035e+06,2.035e+06,630078,917968,1.6e+09,8,19168,153,36,19160,689,12,4816,57,342,19176,6558,192,19168,3680,192,4816,924,80,,,,,,,88.3562,35.6164,13.6986,84.2466,92.4658,82.9932
360407,57500,57500,55000,57500,52000,54750,56700,0,1.4025e+08,1.997e+06,2.035e+06,2.035e+06,1.995e+06,1.999e+06,1.997e+06,630078,909375,1.6e+09,8,19168,153,36,19160,689,12,4816,57,342,19176,6558,192,19168,3680,192,4816,924,80,,,,,,,86.6667,27.2727,22.2222,77.2727,97.7778,84.0909
361492,57500,57500,55000,57500,52000,54750,56500,0,1.4025e+08,2.034e+06,2.035e+06,2.036e+06,2.035e+06,2.035e+06,2.035e+06,630078,917968,1.6e+09,8,19168,153,36,19160,689,12,4816,57,332,19176,6366,184,19168,3526,184,4816,886,80,,,,,,,88.0734,36.6972,9.34579,80.7339,90.8257,85.3211
362641,57500,57500,55500,57500,52000,54750,56800,0,1.4025e+08,1.998e+06,2.035e+06,2.036e+06,1.999e+06,1.999e+06,1.998e+06,630078,898632,1.6e+09,8,19168,153,36,19160,689,12,4816,57,338,19176,6481,188,19168,3603,192,4816,924,80,,,,,,,85.9649,34.7826,17.2414,89.6552,94.7368,81.0345
363113,58000,58000,55500,58000,52000,54750,56500,0,1.4025e+08,2.035e+06,2.035e+06,2.035e+06,2.034e+06,2.034e+06,2.034e+06,630078,917968,1.6e+09,8,19168,153,36,19160,689,12,4816,57,348,19176,6673,196,19168,3756,192,4816,924,80,,,,,,,87.5,36.9565,21.2766,76.087,95.7447,87.234
364298,57500,57500,55000,57500,52000,54750,57000,0,1.4025e+08,1.997e+06,2.035e+06,2.035e+06,1.996e+06,1.997e+06,1.997e+06,630078,898632,1.6e+09,8,19168,153,36,19160,689,12,4816,57,328,19184,6292,180,19168,3450,184,4816,886,80,,,,,,,88.9831,32.7731,10.084,82.2034,92.3729,84.0336
365337,58000,58000,55000,58000,52000,54750,56800,0,1.4025e+08,2.039e+06,2.036e+06,2.035e+06,2.03e+06,2.034e+06,2.037e+06,630078,909375,1.6e+09,8,19168,153,36,19160,689,12,4816,57,346,19176,6634,196,19168,3756,192,4816,924,80,,,,,,,85.5769,37.8641,19.4175,88.4615,94.2308,80.5825
366515,58000,58000,55000,58000,52000,54750,56800,0,1.4025e+08,2.038e+06,2.036e+06,2.035e+06,2.038e+06,2.04e+06,2.041e+06,630078,909375,1.6e+09,8,19168,153,36,19160,689,12,4816,57,352,19176,6749,200,19168,3833,192,4816,924,80,,,,,,,87.395,35.0427,16.2393,81.8966,93.2773,84.6154
367719,57500,57500,55000,57500,52000,54750,57000,0,1.4025e+08,1.998e+06,2.035e+06,2.035e+06,1.999e+06,2e+06,2e+06,630078,898632,1.6e+09,8,19168,153,36,19160,689,12,4816,57,330,19176,6328,184,19168,3526,184,4816,886,80,,,,,,,89.0756,33.0579,9.16667,82.5,93.2203,84.2975
368958,58000,58000,55000,58000,52000,54750,56500,186,1.4025e+08,1.997e+06,2.035e+06,2.034e+06,1.998e+06,1.998e+06,1.998e+06,630078,898632,1.6e+09,8,19168,153,36,19160,689,12,4816,57,348,19176,6673,200,19168,3833,188,4816,905,80,,,,,,,87.2,37.3984,15.4472,88.8,93.6,81.4516
369004,58000,58000,55000,58000,52000,54750,56500,0,1.4025e+08,1.997e+06,2.034e+06,2.035e+06,1.998e+06,1.998e+06,1.996e+06,630078,898632,1.6e+09,8,19168,153,36,19160,689,12,4816,57,344,19176,6596,196,19168,3756,188,4816,905,80,,,,,,,100,20,0,0,100,100
370763,58000,58000,55000,58000,52000,54750,56500,0,1.4025e+08,2.037e+06,2.036e+06,2.035e+06,2.029e+06,2.035e+06,2.033e+06,630078,898632,1.6e+09,8,19168,153,36,19160,689,12,4816,57,342,19176,6558,192,19168,3680,192,4816,924,80,,,,,,,86.3636,33.5227,17.0455,85.2273,94.2529,82.3864
371982,57000,57000,55000,57000,52000,54750,56500,0,1.4025e+08,2.036e+06,2.035e+06,2.035e+06,2.034e+06,2.033e+06,2.032e+06,630078,909375,1.6e+09,8,19168,153,36,19160,689,12,4816,57,338,19176,6481,188,19168,3603,188,4816,905,80,,,,,,,86.8852,35.8333,12.3967,81.8182,92.623,83.6066
372307,57500,57500,55000,57500,52000,54750,56500,0,1.4025e+08,2.033e+06,2.035e+06,2.035e+06,2.033e+06,2.036e+06,2.038e+06,630078,909375,1.6e+09,8,19168,153,36,19160,689,12,4816,57,338,19176,6481,188,19168,3603,192,4816,924,80,,,,,,,90.9091,30.303,15.1515,100,93.9394,84.375
373298,57500,57500,55000,57500,52000,54500,56500,0,1.4025e+08,1.996e+06,2.034e+06,2.034e+06,1.996e+06,2e+06,2.001e+06,630078,898632,1.6e+09,8,19168,153,36,19160,689,12,4816,57,322,19184,6177,172,19168,3296,180,4816,866,80,,,,,,,86.7347,33.3333,11.1111,78.5714,92.9293,82.8283
374577,58000,58000,55000,58000,52000,54750,56500,134,1.4025e+08,1.997e+06,2.035e+06,2.034e+06,2.001e+06,2e+06,1.999e+06,630078,898632,1.6e+09,8,19168,153,36,19160,689,12,4816,57,334,19176,6404,184,19168,3526,184,4816,886,80,,,,,,,89.1473,37.0079,14.9606,82.8125,92.9688,85.1562
375986,58000,58000,55000,58000,52000,54750,56500,0,1.4025e+08,2.035e+06,2.034e+06,2.033e+06,2.035e+06,2.035e+06,2.034e+06,630078,917968,1.6e+09,8,19168,153,36,19160,689,12,4816,57,330,19176,6366,184,19168,3526,184,4816,886,80,,,,,,,87.234,34.0426,14.2857,85,93.5714,83.6879
376963,58000,58000,55000,58000,52000,54750,56500,0,1.4025e+08,1.997e+06,2.034e+06,2.034e+06,1.997e+06,1.999e+06,1.996e+06,630078,898632,1.6e+09,8,19168,153,36,19160,689,12,4816,57,344,19176,6596,192,19168,3680,192,4816,924,80,,,,,,,87.6289,35.0515,20.6186,87.6289,95.8763,81.4433
377118,58000,58000,55000,58000,52000,54750,56500,0,1.4025e+08,1.998e+06,2.035e+06,2.034e+06,1.997e+06,2e+06,1.998e+06,630078,898632,1.6e+09,8,19168,153,36,19160,689,12,4816,57,342,19176,6558,188,19168,3603,192,4816,924,80,,,,,,,81.25,40,0,100,87.5,81.25
378226,57500,57500,55000,57500,52000,54750,56500,0,1.4025e+08,2.036e+06,2.035e+06,2.034e+06,2.034e+06,2.035e+06,2.039e+06,630078,909375,1.6e+09,8,19168,153,36,19160,689,12,4816,57,350,19176,6711,200,19168,3833,192,4816,924,80,,,,,,,86.4865,36.9369,17.1171,80,93.6937,83.7838
379253,57000,57000,55000,57000,52000,54750,56650,0,1.4025e+08,2.039e+06,2.034e+06,2.035e+06,2.036e+06,2.05e+06,2.036e+06,630078,909375,1.6e+09,8,19168,153,36,19160,689,12,4816,57,338,19176,6481,188,19168,3603,192,4816,924,80,,,,,,,89.3204,33.0097,11.6505,88.3495,92.1569,82.3529
380209,57500,57500,55000,57500,52000,54750,56500,0,1.4025e+08,1.997e+06,2.035e+06,2.035e+06,1.996e+06,1.996e+06,1.996e+06,630078,898632,1.6e+09,8,19168,153,36,19168,690,12,4816,57,320,19184,6138,172,19168,3296,184,4816,886,80,,,,,,,84.375,31.5789,11.4583,79.7872,93.75,82.4742
381726,58000,58000,55000,58000,52000,54750,56500,0,1.4025e+08,2.038e+06,2.035e+06,2.035e+06,2.034e+06,2.037e+06,2.037e+06,630078,909375,1.6e+09,8,19168,153,36,19160,689,12,4816,57,350,19176,6711,196,19168,3756,192,4816,924,80,,,,,,,88.8158,37.5,19.0789,85.5263,94.6667,84.7682
382046,58000,58000,55000,58000,52000,54750,56500,0,1.4025e+08,2.036e+06,2.035e+06,2.035e+06,2.033e+06,2.035e+06,2.033e+06,630078,909375,1.6e+09,8,19168,153,36,19160,689,12,4816,57,346,19176,6634,196,19168,3756,192,4816,924,80,,,,,,,90.625,36.6667,0,96.875,90.625,81.25
383932,57500,57500,55000,57500,52000,54750,56500,0,1.4025e+08,2.033e+06,2.034e+06,2.034e+06,2.038e+06,2.036e+06,2.038e+06,630078,909375,1.6e+09,8,19168,153,36,19160,689,12,4816,57,342,19176,6558,192,19168,3680,192,4816,924,80,,,,,,,86.2434,33.8624,15.873,82.9787,93.6842,82.4468
384965,57500,57500,55000,57500,52000,54750,56500,0,1.4025e+08,2.001e+06,2.034e+06,2.036e+06,1.999e+06,2.002e+06,1.998e+06,630078,898632,1.6e+09,8,19168,153,36,19160,689,12,4816,57,330,19176,6328,180,19168,3450,184,4816,886,80,,,,,,,90.1961,33.0097,9.70874,79.8077,93.1373,87.5
385070,57500,57500,55000,57500,52000,54750,56500,0,1.4025e+08,2.036e+06,2.036e+06,2.035e+06,2.035e+06,2.039e+06,2.033e+06,630078,909375,1.6e+09,8,19168,153,36,19160,689,12,4816,57,332,19176,6404,184,19168,3526,188,4816,905,80,,,,,,,60,40,45.4545,90,100,60
386749,58000,58000,55000,58000,52000,54750,56500,0,1.4025e+08,1.998e+06,2.036e+06,2.035e+06,1.998e+06,1.999e+06,2e+06,630078,898632,1.6e+09,8,19168,153,36,19160,689,12,4816,57,344,19176,6596,192,19168,3680,192,4816,924,80,,,,,,,88.1657,35.9281,16.0714,87.4251,93.5294,82.7381
387115,57500,57500,55000,57500,52000,54750,56500,0,1.4025e+08,2.034e+06,2.035e+06,2.034e+06,2.035e+06,2.041e+06,2.042e+06,630078,909375,1.6e+09,8,19168,153,36,19160,689,12,4816,57,322,19184,6177,172,19168,3296,184,4816,886,80,,,,,,,83.3333,24.3243,2.7027,70.2703,91.6667,83.7838
388950,58000,58000,55000,58000,51000,54750,56800,0,1.4025e+08,2.036e+06,2.035e+06,2.036e+06,2.035e+06,2.034e+06,2.035e+06,630078,917968,1.6e+09,8,19168,153,36,19160,689,12,4816,57,344,19176,6596,196,19168,3756,188,4816,905,80,,,,,,,89.1304,38.2514,15.847,87.9121,93.4066,84.153
389241,57500,57500,55000,57500,51000,54750,56800,0,1.4025e+08,2.034e+06,2.035e+06,2.035e+06,2.034e+06,2.034e+06,2.034e+06,630078,917968,1.6e+09,8,19168,153,36,19160,689,12,4816,57,342,19176,6558,192,19168,3680,188,4816,905,80,,,,,,,79.3103,30,21.4286,65.5172,96.5517,82.7586
390069,58000,58000,55000,58000,51000,54750,56800,0,1.4025e+08,1.996e+06,2.035e+06,2.033e+06,1.999e+06,1.999e+06,2e+06,630078,898632,1.6e+09,8,19168,153,36,19160,689,8,4816,38,344,19176,6596,192,19168,3680,192,4816,924,80,,,,,,,89.2857,32.9268,15.6627,86.747,93.9759,84.3373
391356,58000,58000,55000,58000,51000,54750,56500,0,1.4025e+08,2.035e+06,2.035e+06,2.035e+06,2.035e+06,2.035e+06,2.034e+06,630078,917968,1.6e+09,8,19168,153,36,19160,689,12,4816,57,354,19176,6788,200,19168,3833,196,4816,943,80,,,,,,,86.7188,36.7188,17.1875,82.8125,93.0233,83.7209
392732,58000,58000,55000,58000,51000,54750,56500,0,1.4025e+08,2.038e+06,2.035e+06,2.034e+06,2.035e+06,2.038e+06,2.038e+06,630078,909375,1.6e+09,8,19168,153,36,19160,689,12,4816,57,354,19176,6788,200,19168,3833,196,4816,943,80,,,,,,,86.9565,34.7826,13.8686,84.6715,93.4307,83.2117
393707,57500,57500,55000,57500,51000,54750,56500,0,1.4025e+08,2.034e+06,2.034e+06,2.036e+06,2.035e+06,2.035e+06,2.035e+06,630078,917968,1.6e+09,8,19168,153,36,19160,689,12,4816,57,338,19176,6481,188,19168,3603,192,4816,924,80,,,,,,,88.6598,30.9278,10.3093,87.7551,93.8776,82.6531
394469,57500,57500,55000,57500,51000,54750,56500,0,1.4025e+08,2.035e+06,2.036e+06,2.034e+06,2.041e+06,2.035e+06,2.041e+06,630078,909375,1.6e+09,8,19168,153,36,19160,689,12,4816,57,346,19176,6634,196,19168,3756,192,4816,924,80,,,,,,,89.6104,40.7895,13.1579,85.5263,92.1053,84
395028,57500,57500,55000,57500,51000,54750,56500,0,1.4025e+08,2.034e+06,2.035e+06,2.034e+06,2.034e+06,2.037e+06,2.036e+06,630078,909375,1.6e+09,8,19168,153,36,19160,689,12,4816,57,344,19176,6596,192,19168,3680,192,4816,924,80,,,,,,,84.4828,32.1429,18.1818,82.1429,96.4286,82.1429
396042,57500,57500,55000,57500,51000,54750,56500,0,1.4025e+08,1.998e+06,2.034e+06,2.036e+06,1.996e+06,1.997e+06,1.998e+06,630078,898632,1.6e+09,8,19168,153,36,19160,689,12,4816,57,324,19184,6215,176,19168,3373,180,4816,866,80,,,,,,,89,31,9.80392,79,92.0792,86.1386
397983,58000,58000,55000,58000,51000,54750,56500,0,1.4025e+08,1.998e+06,2.034e+06,2.035e+06,1.998e+06,1.999e+06,1.998e+06,630078,898632,1.6e+09,8,19168,153,36,19160,689,12,4816,57,344,19176,6596,196,19168,3756,188,4816,905,80,,,,,,,88.2051,37.4359,15.4639,85.1282,93.8462,83.0769
398746,58000,58000,55000,58000,51000,54750,56500,0,1.4025e+08,2.039e+06,2.036e+06,2.035e+06,2.039e+06,2.038e+06,2.036e+06,630078,909375,1.6e+09,8,19168,153,36,19160,689,12,4816,57,332,19176,6366,184,19168,3526,184,4816,886,80,,,,,,,86.4865,31.5789,13.1579,80,92.1053,85.5263
400985,57500,57500,55000,57500,51000,54500,56500,0,1.4025e+08,1.997e+06,2.035e+06,2.035e+06,1.999e+06,1.998e+06,1.999e+06,630078,898632,1.6e+09,8,19168,153,36,19160,689,12,4816,57,346,19176,6634,196,19168,3756,192,4816,924,80,,,,,,,86.6667,35.426,16.7421,85.2679,94.1441,82.1429
401507,57500,57500,55000,57500,51000,54750,56500,0,1.4025e+08,1.999e+06,2.035e+06,2.034e+06,1.998e+06,1.999e+06,1.999e+06,630078,898632,1.6e+09,8,19168,153,36,19160,689,12,4816,57,332,19176,6366,184,19168,3526,184,4816,886,80,,,,,,,92.4528,32.0755,3.84615,81.1321,92.4528,86.7925
402982,57500,57500,55000,57500,51000,54500,56500,0,1.4025e+08,2.035e+06,2.035e+06,2.034e+06,2.033e+06,2.034e+06,2.034e+06,630078,917968,1.6e+09,8,19168,153,36,19168,690,12,4816,57,318,19184,6100,172,19176,3298,184,4816,886,80,,,,,,,85.1351,33.1081,14.1892,84.9315,93.8776,81.5068
403291,57500,57500,55000,57500,51000,54750,56500,0,1.4025e+08,2.035e+06,2.034e+06,2.034e+06,2.033e+06,2.039e+06,2.035e+06,630078,909375,1.6e+09,8,19168,153,36,19160,689,12,4816,57,344,19176,6596,192,19168,3680,192,4816,924,80,,,,,,,93.3333,50,29.0323,100,93.75,80.6452
404805,57500,57500,55000,57500,51000,54750,56500,0,1.4025e+08,2.035e+06,2.035e+06,2.033e+06,2.035e+06,2.034e+06,2.034e+06,630078,898632,1.6e+09,8,19168,153,36,19160,689,12,4816,57,340,19176,6519,192,19168,3680,192,4816,924,80,,,,,,,88.0795,34.2105,12.6667,84.8684,93.2886,83.5526
405558,58000,58000,55000,58000,51000,54750,56500,0,1.4025e+08,2.034e+06,2.036e+06,2.036e+06,2.035e+06,2.041e+06,2.041e+06,630078,909375,1.6e+09,8,19168,153,36,19160,689,12,4816,57,344,19176,6596,196,19168,3756,188,4816,905,80,,,,,,,89.3333,36.4865,13.1579,79.7297,93.4211,85.3333
406276,58000,58000,55000,58000,51000,54750,56500,0,1.4025e+08,2.035e+06,2.035e+06,2.035e+06,2.038e+06,2.039e+06,2.038e+06,630078,909375,1.6e+09,8,19168,153,36,19160,689,12,4816,57,342,19176,6558,192,19168,3680,188,4816,905,80,,,,,,,87.8378,33.8028,15.493,82.1918,94.3662,83.5616
407766,57500,57500,55000,57500,51000,54500,56500,0,1.4025e+08,2.034e+06,2.035e+06,2.034e+06,2.035e+06,2.034e+06,2.036e+06,630078,917968,1.6e+09,8,19168,153,36,19160,689,12,4816,57,326,19184,6253,180,19168,3450,184,4816,886,80,,,,,,,87.0748,31.5436,13.4228,83.7838,92.6667,83.7838
408673,58000,58000,55000,58000,51000,54750,56500,0,1.4025e+08,1.998e+06,2.035e+06,2.035e+06,1.998e+06,1.998e+06,1.998e+06,630078,898632,1.6e+09,8,19168,153,36,19160,689,12,4816,57,348,19176,6673,196,19168,3756,192,4816,924,80,,,,,,,85.8696,37.3626,22.2222,86.6667,95.5556,83.3333
409502,58000,58000,55000,58000,51000,54750,56500,0,1.4025e+08,1.998e+06,2.035e+06,2.036e+06,1.996e+06,1.998e+06,1.996e+06,630078,898632,1.6e+09,8,19168,153,36,19160,689,12,4816,57,346,19176,6634,196,19168,3756,192,4816,924,80,,,,,,,86.747,37.8049,12.1951,88.0952,92.7711,79.5181
410018,58000,58000,55000,58000,51000,54500,56500,0,1.4025e+08,2.041e+06,2.035e+06,2.035e+06,2.034e+06,2.035e+06,2.037e+06,630078,909375,1.6e+09,8,19168,153,36,19160,689,12,4816,57,350,19176,6711,200,19168,3833,196,4816,943,80,,,,,,,88.2353,31.3725,19.6078,80.3922,94.1176,88.4615
411881,57500,57500,55000,57500,51000,54750,56500,0,1.4025e+08,2.035e+06,2.035e+06,2.035e+06,2.034e+06,2.04e+06,2.038e+06,630078,909375,1.6e+09,8,19168,153,36,19160,689,12,4816,57,330,19176,6328,184,19168,3450,184,4816,886,80,,,,,,,88.2353,33.871,10.6952,82.7957,93.0108,83.871
412226,57500,57500,55000,57500,51000,54750,56500,0,1.4025e+08,2.033e+06,2.035e+06,2.034e+06,2.026e+06,2.03e+06,2.031e+06,630078,909375,1.6e+09,8,19168,153,36,19160,689,12,4816,57,342,19176,6558,192,19168,3680,192,4816,924,80,,,,,,,80,38.2353,29.4118,97.1429,94.2857,70.5882
413063,57000,57000,55000,57000,51000,54750,56500,0,1.4025e+08,2.034e+06,2.035e+06,2.034e+06,2.035e+06,2.035e+06,2.034e+06,630078,917968,1.6e+09,8,19168,153,36,19160,689,12,4816,57,336,19176,6443,184,19168,3526,192,4816,924,80,,,,,,,89.1566,33.3333,11.9048,85.5422,92.8571,84.5238
414813,58000,58000,55500,58000,51000,54500,56500,0,1.4025e+08,1.998e+06,2.034e+06,2.035e+06,1.998e+06,1.997e+06,1.998e+06,630078,898632,1.6e+09,8,19168,153,36,19160,689,12,4816,57,354,19176,6788,200,19168,3833,196,4816,943,80,,,,,,,87.0056,36.2069,17.2414,81.7143,94.2529,84
415189,57500,57500,55000,57500,51000,54750,56500,0,1.4025e+08,2.037e+06,2.035e+06,2.034e+06,2.041e+06,2.039e+06,2.042e+06,630078,909375,1.6e+09,8,19168,153,36,19160,689,12,4816,57,350,19176,6711,200,19168,3833,188,4816,905,80,,,,,,,94.4444,36.8421,2.7027,94.7368,91.8919,81.5789
416132,57000,57000,55000,57000,51000,54500,56500,0,1.4025e+08,1.999e+06,2.034e+06,2.035e+06,2e+06,1.997e+06,1.999e+06,630078,898632,1.6e+09,8,19168,153,36,19160,689,12,4816,57,334,19176,6404,184,19168,3526,188,4816,905,80,,,,,,,84.2105,31.5789,14.8936,79.5699,93.617,83.1579
417560,58000,58000,55000,58000,51000,54750,56500,0,1.4025e+08,2.034e+06,2.035e+06,2.035e+06,2.036e+06,2.034e+06,2.034e+06,630078,917968,1.6e+09,8,19168,153,36,19160,689,12,4816,57,352,19176,6749,200,19168,3833,196,4816,943,80,,,,,,,87.4126,36.1702,17.4825,84.507,93.75,83.6879
418303,58000,58000,55000,58000,51000,54500,56500,0,1.4025e+08,2.035e+06,2.035e+06,2.034e+06,2.035e+06,2.035e+06,2.036e+06,630078,917968,1.6e+09,8,19168,153,36,19160,689,12,4816,57,350,19176,6711,200,19168,3833,196,4816,943,80,,,,,,,89.1892,34.6667,13.6986,86.4865,94.5205,85.1351
419082,57500,57500,55000,57500,51000,54500,56500,0,1.4025e+08,1.996e+06,2.035e+06,2.034e+06,1.997e+06,1.998e+06,1.997e+06,630078,898632,1.6e+09,8,19168,153,36,19160,689,12,4816,57,334,19176,6404,184,19168,3526,192,4816,924,80,,,,,,,84.8101,30.7692,12.8205,86.0759,92.3077,78.481
420799,58000,58000,55000,58000,51000,54750,56500,0,1.4025e+08,2.034e+06,2.036e+06,2.036e+06,2.033e+06,2.035e+06,2.04e+06,630078,909375,1.6e+09,8,19168,153,36,19160,689,12,4816,57,336,19176,6443,188,19168,3603,184,4816,886,80,,,,,,,89.4118,35.6725,11.1111,81.1765,92.9825,85.3801
421370,57500,57500,55000,57500,51000,54750,56500,0,1.4025e+08,2.035e+06,2.034e+06,2.034e+06,2.034e+06,2.034e+06,2.036e+06,630078,917968,1.6e+09,8,19168,153,36,19160,689,12,4816,57,342,19176,6558,192,19168,3680,188,4816,905,80,,,,,,,86.4407,36.8421,16.0714,98.2456,94.7368,80.7018
422437,58000,58000,55000,58000,51000,54750,56500,0,1.4025e+08,2.039e+06,2.035e+06,2.036e+06,2.035e+06,2.041e+06,2.036e+06,630078,909375,1.6e+09,8,19168,153,36,19160,689,12,4816,57,350,19176,6711,196,19168,3756,192,4816,924,80,,,,,,,86.7925,33.9623,18.6916,80.1887,95.3271,84.2593
423530,58000,58000,55000,58000,51000,54500,56500,0,1.4025e+08,2.035e+06,2.034e+06,2.036e+06,2.035e+06,2.033e+06,2.035e+06,630078,917968,1.6e+09,8,19168,153,36,19160,689,12,4816,57,342,19176,6558,192,19168,3680,188,4816,905,80,,,,,,,89.9083,35.7798,9.25926,82.5688,92.6606,83.4862
424075,57500,57500,55000,57500,51000,54500,56500,0,1.4025e+08,2.036e+06,2.035e+06,2.036e+06,2.032e+06,2.036e+06,2.036e+06,630078,909375,1.6e+09,8,19168,153,36,19160,689,12,4816,57,340,19176,6519,188,19168,3603,196,4816,943,80,,,,,,,83.6364,28.3019,21.4286,94.5455,92.7273,81.1321
425905,58000,58000,55000,58000,51000,54750,56500,0,1.4025e+08,2.036e+06,2.036e+06,2.035e+06,2.035e+06,2.039e+06,2.041e+06,630078,909375,1.6e+09,8,19168,153,36,19160,689,12,4816,57,348,19176,6673,196,19168,3756,192,4816,924,80,,,,,,,87.4317,35.5191,15.9341,81.8681,93.956,84.153
426557,58000,58000,55000,58000,51000,54750,56500,0,1.4025e+08,2.032e+06,2.035e+06,2.035e+06,2.033e+06,2.038e+06,2.036e+06,630078,909375,1.6e+09,8,19168,153,36,19160,689,12,4816,57,352,19176,6749,200,19168,3833,192,4816,924,80,,,,,,,86.3636,36.9231,15.3846,84.6154,93.8462,83.0769
427117,57500,57500,55000,57500,51000,54500,56800,0,1.4025e+08,2.036e+06,2.035e+06,2.035e+06,2.035e+06,2.036e+06,2.034e+06,630078,917968,1.6e+09,8,19168,153,36,19160,689,12,4816,57,322,19184,6177,176,19168,3373,184,4816,886,80,,,,,,,87.5,26.7857,1.78571,83.6364,92.8571,82.4561
428887,57500,57500,55000,57500,51000,54750,56500,0,1.4025e+08,1.998e+06,2.034e+06,2.035e+06,1.998e+06,1.998e+06,1.998e+06,630078,898632,1.6e+09,8,19168,153,36,19160,689,12,4816,57,338,19176,6481,188,19168,3603,192,4816,924,80,,,,,,,88.2022,36.3636,16.4773,87.0056,93.7853,83.0508
429301,57500,57500,55000,57500,51000,54500,56500,0,1.4025e+08,2.035e+06,2.036e+06,2.035e+06,2.034e+06,2.035e+06,2.037e+06,630078,909375,1.6e+09,8,19168,153,36,19160,689,12,4816,57,354,19176,6788,204,19168,3910,196,4816,943,80,,,,,,,85.3659,40.4762,23.8095,75,92.8571,85.7143
430117,57500,57500,55000,57500,51000,54500,56500,0,1.4025e+08,2.029e+06,2.035e+06,2.035e+06,2.026e+06,2.027e+06,2.029e+06,630078,909375,1.6e+09,8,19168,153,36,19160,689,12,4816,57,340,19176,6519,188,19168,3603,192,4816,924,80,,,,,,,87.6543,30.8642,12.5,85.5422,93.75,80.4878
431871,57500,57500,55000,57500,51000,54750,56500,0,1.4025e+08,2.035e+06,2.034e+06,2.035e+06,2.033e+06,2.036e+06,2.037e+06,630078,909375,1.6e+09,8,19168,153,36,19160,689,12,4816,57,332,19176,6366,184,19168,3526,184,4816,886,80,,,,,,,88.7006,35.4286,11.3636,82.0809,92.6136,85.6322
432808,58000,58000,55000,58000,51000,54750,56500,0,1.4025e+08,1.997e+06,2.035e+06,2.035e+06,1.997e+06,1.996e+06,1.997e+06,630078,898632,1.6e+09,8,19168,153,36,19160,689,12,4816,57,348,19176,6673,196,19168,3756,196,4816,943,80,,,,,,,86.0215,35.4839,20.4301,87.234,95.6989,82.9787
433098,57500,57500,55000,57500,51000,54500,56500,0,1.4025e+08,1.997e+06,2.035e+06,2.035e+06,1.997e+06,2e+06,1.999e+06,630078,898632,1.6e+09,8,19168,153,36,19160,689,12,4816,57,344,19176,6596,192,19168,3680,192,4816,924,80,,,,,,,90,41.3793,3.44828,96.6667,89.6552,75.8621
434162,58000,58000,55000,58000,51000,54500,56500,0,1.4025e+08,2.036e+06,2.035e+06,2.034e+06,2.029e+06,2.035e+06,2.032e+06,630078,909375,1.6e+09,8,19168,153,36,19160,689,12,4816,57,352,19176,6749,200,19168,3833,196,4816,943,80,,,,,,,86.6667,34.5794,18.0952,80.9524,94.3396,84.9057
435613,57500,57500,55000,57500,51000,54500,56500,0,1.4025e+08,2.035e+06,2.036e+06,2.036e+06,2.037e+06,2.033e+06,2.036e+06,630078,909375,1.6e+09,8,19168,153,36,19160,689,12,4816,57,344,19176,6596,192,19168,3680,192,4816,924,80,,,,,,,87.6712,33.1034,13.7931,84.8276,93.7931,82.1918
436654,58000,58000,55000,58000,51000,54750,56500,0,1.4025e+08,2.031e+06,2.035e+06,2.034e+06,2.024e+06,2.027e+06,2.032e+06,630078,909375,1.6e+09,8,19168,153,36,19160,689,12,4816,57,340,19176,6519,192,19168,3680,184,4816,886,80,,,,,,,88.5714,37.2549,10.5769,80.5825,92.3077,84.6154
437437,57500,57500,55000,57500,51000,54500,56500,0,1.4025e+08,2.039e+06,2.036e+06,2.035e+06,2.039e+06,2.043e+06,2.039e+06,630078,909375,1.6e+09,8,19168,153,36,19160,689,12,4816,57,326,19184,6253,180,19168,3450,184,4816,866,80,,,,,,,87.1795,31.25,12.8205,84.6154,93.5065,84.6154
438378,57500,57500,55000,57500,51000,54500,56500,0,1.4025e+08,2.035e+06,2.034e+06,2.036e+06,2.033e+06,2.034e+06,2.035e+06,630078,917968,1.6e+09,8,19168,153,36,19160,689,12,4816,57,342,19176,6558,192,19168,3680,192,4816,924,80,,,,,,,86.1702,35.4839,21.2766,87.234,94.7368,80.8511
439326,57500,57500,55000,57500,51000,54500,56800,0,1.4025e+08,2.037e+06,2.035e+06,2.034e+06,2.044e+06,2.042e+06,2.039e+06,630078,909375,1.6e+09,8,19168,153,36,19160,689,12,4816,57,346,19176,6634,196,19168,3756,188,4816,905,80,,,,,,,88.4211,40,9.67742,88.4211,92.5532,84.2105
440937,57500,57500,55000,57500,51000,54750,56500,0,1.4025e+08,2.03e+06,2.034e+06,2.034e+06,2.034e+06,2.042e+06,2.035e+06,630078,909375,1.6e+09,8,19168,153,36,19168,690,12,4816,57,320,19184,6138,172,19168,3373,184,4816,886,80,,,,,,,85.625,30.625,13.0435,80.625,93.75,82.6087
441395,57500,57500,55000,57500,51000,54500,56500,0,1.4025e+08,2.038e+06,2.034e+06,2.034e+06,2.042e+06,2.037e+06,2.039e+06,630078,909375,1.6e+09,8,19168,153,36,19160,689,12,4816,57,346,19176,6634,196,19168,3756,188,4816,905,80,,,,,,,93.4783,45.6522,19.5652,97.8261,91.4894,84.4444
442206,58000,58000,55000,58000,51000,54500,56500,0,1.4025e+08,2.033e+06,2.035e+06,2.035e+06,2.036e+06,2.041e+06,2.039e+06,630078,909375,1.6e+09,8,19168,153,36,19160,689,12,4816,57,336,19176,6443,188,19168,3603,184,4816,886,80,,,,,,,87.6543,34.1463,13.5802,75.6098,93.75,86.4198
443162,58000,58000,55000,58000,51000,54500,56500,0,1.4025e+08,2.034e+06,2.034e+06,2.035e+06,2.033e+06,2.037e+06,2.039e+06,630078,909375,1.6e+09,8,19168,153,36,19160,689,12,4816,57,348,19176,6673,196,19168,3756,192,4816,924,80,,,,,,,86.4583,34.7368,20.8333,88.2979,94.7917,83.1579
444458,57500,57500,55000,57500,51000,54500,56800,0,1.4025e+08,2.032e+06,2.034e+06,2.034e+06,2.034e+06,2.039e+06,2.038e+06,630078,909375,1.6e+09,8,19168,153,36,19160,689,12,4816,57,348,19176,6673,196,19168,3756,192,4816,924,80,,,,,,,86.8217,35.6589,13.9535,83.0769,93.0769,82.3077
445018,57500,57500,55000,57500,51000,54500,56500,0,1.4025e+08,2.035e+06,2.035e+06,2.036e+06,2.035e+06,2.036e+06,2.039e+06,630078,909375,1.6e+09,8,19168,153,36,19160,689,12,4816,57,332,19176,6366,184,19168,3526,184,4816,886,80,,,,,,,91.3793,31.5789,3.63636,82.1429,92.7273,87.5
446353,58000,58000,55000,58000,51000,54750,56500,0,1.4025e+08,2e+06,2.035e+06,2.036e+06,1.998e+06,2.001e+06,1.999e+06,630078,898632,1.6e+09,8,19168,153,36,19160,689,12,4816,57,332,19176,6366,184,19168,3526,184,4816,886,80,,,,,,,87.218,35.3383,14.2857,83.4586,93.2836,82.8358
447590,57500,57500,55000,57500,51000,54750,56500,0,1.4025e+08,1.998e+06,2.034e+06,2.034e+06,2.002e+06,1.998e+06,1.998e+06,630078,898632,1.6e+09,8,19168,153,36,19160,689,12,4816,57,342,19176,6558,192,19168,3680,188,4816,905,80,,,,,,,87.0968,36.5854,16.2602,90.2439,93.4959,80.6452
448576,57500,57500,55000,57500,51000,54500,56500,0,1.4025e+08,1.998e+06,2.035e+06,2.034e+06,1.998e+06,1.999e+06,1.998e+06,630078,898632,1.6e+09,8,19168,153,36,19160,689,12,4816,57,340,19176,6519,192,19168,3680,188,4816,905,80,,,,,,,85.8586,35.3535,17.1717,77.7778,93.9394,83.8384
449651,57500,57500,55000,57500,51000,54750,56500,0,1.4025e+08,1.997e+06,2.034e+06,2.034e+06,1.998e+06,1.996e+06,1.998e+06,630078,917968,1.6e+09,8,19168,153,36,19160,689,12,4816,57,340,19176,6519,192,19168,3680,192,4816,924,80,,,,,,,88.785,34.5794,12.963,89.7196,93.4579,83.0189
450670,57500,57500,55000,57500,51000,54500,56500,0,1.4025e+08,1.998e+06,2.035e+06,2.035e+06,1.998e+06,1.997e+06,1.999e+06,630078,898632,1.6e+09,8,19168,153,36,19160,689,12,4816,57,348,19176,6673,196,19168,3756,192,4816,924,80,,,,,,,86.2745,35.6436,18.6275,79.2079,94.1176,84.3137
451374,57500,57500,55000,57500,51000,54500,56500,0,1.4025e+08,1.998e+06,2.035e+06,2.034e+06,1.997e+06,1.998e+06,1.999e+06,630078,898632,1.6e+09,8,19168,153,36,19160,689,12,4816,57,354,19176,6788,204,19168,3910,196,4816,943,80,,,,,,,87.1429,37.5,17.1429,84.507,94.2857,83.0986
452020,57500,57500,55000,57500,51000,54500,56500,0,1.4025e+08,2.033e+06,2.035e+06,2.034e+06,2.038e+06,2.036e+06,2.036e+06,630078,909375,1.6e+09,8,19168,153,36,19160,689,12,4816,57,338,19176,6481,188,19168,3603,188,4816,905,80,,,,,,,86.1538,29.6875,7.8125,82.8125,92.3077,83.0769
453109,57000,57000,55000,57000,51000,54500,56500,0,1.4025e+08,1.997e+06,2.035e+06,2.035e+06,1.998e+06,1.998e+06,1.998e+06,630078,898632,1.6e+09,8,19168,153,36,19160,689,12,4816,57,342,19176,6558,192,19168,3680,192,4816,924,80,,,,,,,89.9083,36.6972,12.963,88.9908,93.5185,83.4862
454903,57500,57500,55000,57500,51000,54500,56500,0,1.4025e+08,2.031e+06,2.035e+06,2.036e+06,2.032e+06,2.034e+06,2.035e+06,630078,909375,1.6e+09,8,19168,153,36,19160,689,12,4816,57,348,19176,6673,196,19168,3756,192,4816,924,80,,,,,,,87.2928,34.0782,17.2222,82.0225,93.8547,84.3575
455095,57500,57500,55000,57500,51000,54500,56500,0,1.4025e+08,2.029e+06,2.035e+06,2.035e+06,2.031e+06,2.036e+06,2.033e+06,630078,909375,1.6e+09,8,19168,153,36,19160,689,12,4816,57,340,19176,6519,188,19168,3603,192,4816,924,80,,,,,,,84.2105,35,0,100,94.7368,73.6842
456009,58000,58000,55000,58000,51000,54500,56500,0,1.4025e+08,2.035e+06,2.035e+06,2.036e+06,2.033e+06,2.033e+06,2.035e+06,630078,909375,1.6e+09,8,19168,153,36,19160,689,12,4816,57,334,19176,6404,184,19168,3526,184,4816,886,80,,,,,,,89.011,34.4444,10.989,77.1739,92.3077,85.8696
457459,57500,57500,55000,57500,51000,54500,56500,0,1.4025e+08,2.035e+06,2.036e+06,2.034e+06,2.031e+06,2.035e+06,2.032e+06,630078,909375,1.6e+09,8,19168,153,36,19160,689,12,4816,57,326,19184,6253,176,19168,3373,184,4816,886,80,,,,,,,86.9863,33.7931,13.1944,84.8276,93.1507,83.3333
458210,57500,57500,55000,57500,51000,54500,56500,0,1.4025e+08,2.034e+06,2.035e+06,2.035e+06,2.035e+06,2.034e+06,2.039e+06,630078,909375,1.6e+09,8,19168,153,36,19160,689,12,4816,57,330,19176,6328,184,19168,3526,184,4816,886,80,,,,,,,85.1351,36,17.5676,85.1351,94.6667,81.3333
459896,57500,57500,55000,57500,51000,54500,56500,0,1.4025e+08,2.033e+06,2.035e+06,2.035e+06,2.031e+06,2.037e+06,2.033e+06,630078,909375,1.6e+09,8,19168,153,36,19160,689,12,4816,57,344,19176,6596,192,19168,3680,192,4816,924,80,,,,,,,88.2353,36.0947,15.4762,86.9048,94.0476,82.9412
460759,58000,58000,55000,58000,51000,54500,56800,0,1.4025e+08,2.035e+06,2.034e+06,2.035e+06,2.033e+06,2.034e+06,2.035e+06,630078,917968,1.6e+09,8,19168,153,36,19160,689,12,4816,57,346,19176,6634,196,19168,3756,188,4816,905,80,,,,,,,89.5349,36.4706,13.7931,81.3953,92.9412,84.8837
461325,57500,57500,55000,57500,51000,54500,56800,0,1.4025e+08,2.034e+06,2.036e+06,2.034e+06,2.036e+06,2.035e+06,2.034e+06,630078,917968,1.6e+09,8,19168,153,36,19160,689,12,4816,57,338,19176,6481,188,19168,3603,192,4816,924,80,,,,,,,85.9649,28.0702,16.0714,89.4737,94.8276,82.1429
462766,57500,57500,55000,57500,51000,54500,56500,0,1.4025e+08,2.035e+06,2.034e+06,2.034e+06,2.035e+06,2.035e+06,2.035e+06,630078,917968,1.6e+09,8,19168,153,36,19160,689,12,4816,57,342,19176,6558,192,19168,3680,192,4816,924,80,,,,,,,87.5,36.1111,13.8889,84.507,92.3077,83.4483
463568,58000,58000,54500,58000,51000,54750,56500,0,1.4025e+08,2.026e+06,2.035e+06,2.035e+06,2.026e+06,2.026e+06,2.027e+06,630078,909375,1.6e+09,8,19168,153,36,19160,689,12,4816,57,340,19176,6481,188,19168,3603,188,4816,905,80,,,,,,,88.6076,35.443,12.6582,75.3086,92.5926,86.25
464420,57500,57500,55000,57500,51000,54500,56500,0,1.4025e+08,2.028e+06,2.034e+06,2.034e+06,2.031e+06,2.031e+06,2.035e+06,630078,909375,1.6e+09,8,19168,153,36,19160,689,12,4816,57,330,19176,6328,180,19168,3526,184,4816,886,80,,,,,,,84.8837,31.7647,16.2791,85.8824,95.2381,81.1765
465927,57500,57500,55000,57500,51000,54500,56500,0,1.4025e+08,1.997e+06,2.035e+06,2.035e+06,1.998e+06,1.998e+06,1.997e+06,630078,898632,1.6e+09,8,19168,153,36,19160,689,12,4816,57,348,19176,6673,196,19168,3756,192,4816,924,80,,,,,,,88.0795,35.7616,17.8808,86,94.0397,84.2105
466178,57500,57500,55000,57500,51000,54750,56500,0,1.4025e+08,2.035e+06,2.035e+06,2.035e+06,2.035e+06,2.035e+06,2.036e+06,630078,917968,1.6e+09,8,19168,153,36,19160,689,12,4816,57,336,19176,6443,188,19168,3603,192,4816,924,80,,,,,,,92,34.6154,0,96.1538,88,76.9231
467074,57500,57500,55000,57500,51000,54500,56500,0,1.4025e+08,2.04e+06,2.036e+06,2.036e+06,2.034e+06,2.041e+06,2.039e+06,630078,909375,1.6e+09,8,19168,153,36,19160,689,12,4816,57,330,19176,6328,184,19168,3526,184,4816,886,80,,,,,,,88.764,34.0909,11.236,77.2727,94.3182,87.5
468362,58000,58000,55000,58000,51000,54500,56500,0,1.4025e+08,2.045e+06,2.036e+06,2.035e+06,2.033e+06,2.04e+06,2.044e+06,630078,909375,1.6e+09,8,19168,153,36,19160,689,12,4816,57,344,19176,6596,196,19168,3756,188,4816,905,80,,,,,,,87.5969,36.7188,16.2791,86.0465,93.8462,82.1705
469555,57500,57500,55000,57500,51000,54500,56500,113,1.4025e+08,2.033e+06,2.036e+06,2.034e+06,2.032e+06,2.038e+06,2.037e+06,630078,909375,1.6e+09,8,19168,153,36,19160,689,12,4816,57,344,19176,6596,192,19168,3680,192,4816,924,80,,,,,,,85.7143,33.3333,16.8067,87.395,94.0678,82.3529
470399,58000,58000,55000,58000,51000,54750,56500,0,1.4025e+08,2.035e+06,2.036e+06,2.037e+06,2.035e+06,2.034e+06,2.034e+06,630078,917968,1.6e+09,8,19168,153,36,19160,689,12,4816,57,348,19176,6673,196,19168,3756,188,4816,905,80,,,,,,,89.4118,38.0952,11.9048,83.7209,92.8571,84.5238
471298,57500,57500,55000,57500,51000,54750,56500,0,1.4025e+08,2.028e+06,2.035e+06,2.034e+06,2.04e+06,2.038e+06,2.046e+06,630078,909375,1.6e+09,8,19168,153,36,19168,690,12,4816,57,320,19184,6138,172,19168,3373,184,4816,886,80,,,,,,,84.2697,27.7778,12.2222,79.5455,93.3333,81.3187
472949,57500,57500,55000,57500,51000,54500,56500,0,1.4025e+08,2.035e+06,2.035e+06,2.035e+06,2.039e+06,2.033e+06,2.033e+06,630078,909375,1.6e+09,8,19168,153,36,19160,689,12,4816,57,344,19176,6596,192,19168,3680,192,4816,924,80,,,,,,,87.9518,36.5854,17.5758,86.747,93.9024,83.0303
473604,57500,57500,55000,57500,51000,54500,56500,0,1.4025e+08,2.036e+06,2.033e+06,2.034e+06,2.036e+06,2.034e+06,2.036e+06,630078,917968,1.6e+09,8,19168,153,36,19160,689,12,4816,57,338,19176,6481,188,19168,3603,192,4816,924,80,,,,,,,86.3636,31.8182,15.3846,83.0769,92.5373,83.0769
474458,57500,57500,55000,57500,51000,54500,56500,0,1.4025e+08,2.027e+06,2.034e+06,2.035e+06,2.03e+06,2.033e+06,2.035e+06,630078,909375,1.6e+09,8,19168,153,36,19160,689,12,4816,57,336,19176,6443,184,19168,3526,192,4816,924,80,,,,,,,89.5349,35.2941,11.7647,86.9048,93.0233,84.7059
475407,57500,57500,55000,57500,51000,54500,56500,0,1.4025e+08,2.031e+06,2.035e+06,2.035e+06,2.033e+06,2.041e+06,2.03e+06,630078,909375,1.6e+09,8,19168,153,36,19160,689,12,4816,57,322,19184,6177,176,19168,3373,184,4816,886,80,,,,,,,87.0968,31.9149,11.7021,77.8947,93.5484,84.2105
476620,57500,57500,54500,57500,51000,54500,56500,0,1.4025e+08,2.04e+06,2.034e+06,2.035e+06,2.033e+06,2.042e+06,2.041e+06,630078,909375,1.6e+09,8,19168,153,36,19160,689,12,4816,57,348,19176,6673,196,19168,3756,188,4816,905,80,,,,,,,88.7097,39.6694,15.8333,87.5,94.2149,83.6066
477808,57500,57500,55000,57500,51000,54500,56500,0,1.4025e+08,2.034e+06,2.035e+06,2.037e+06,2.034e+06,2.034e+06,2.036e+06,630078,917968,1.6e+09,8,19168,153,36,19160,689,12,4816,57,346,19176,6634,192,19168,3680,192,4816,924,80,,,,,,,85.7143,33.6134,16.6667,85,93.3333,82.2034
478995,57500,57500,55000,57500,51000,54500,56500,0,1.4025e+08,1.996e+06,2.036e+06,2.034e+06,1.996e+06,1.998e+06,1.998e+06,630078,898632,1.6e+09,8,19168,153,36,19160,689,12,4816,57,352,19176,6749,200,19168,3833,196,4816,943,80,,,,,,,87.2881,35.0427,17.6471,82.2034,94.0171,84.7458
479198,57500,57500,55000,57500,51000,54500,56500,0,1.4025e+08,2.035e+06,2.035e+06,2.035e+06,2.034e+06,2.037e+06,2.036e+06,630078,909375,1.6e+09,8,19168,153,36,19160,689,12,4816,57,344,19176,6596,192,19168,3680,192,4816,924,80,,,,,,,89.4737,33.3333,0,100,90.4762,76.1905
480460,57500,57500,55000,57500,51000,54500,56500,0,1.4025e+08,2.034e+06,2.034e+06,2.034e+06,2.035e+06,2.035e+06,2.038e+06,630078,909375,1.6e+09,8,19168,153,36,19160,689,12,4816,57,344,19176,6596,192,19168,3680,192,4816,924,80,,,,,,,88.0952,32.8,15.2,83.2,94.4,84.127
481664,57500,57500,55000,57500,51000,54500,56500,0,1.4025e+08,2.039e+06,2.035e+06,2.035e+06,2.042e+06,2.038e+06,2.035e+06,630078,909375,1.6e+09,8,19168,153,36,19160,689,12,4816,57,326,19184,6253,180,19168,3450,184,4816,886,80,,,,,,,86.0656,33.8843,10.8333,81.6667,92.562,82.6446
482571,57500,57500,55000,57500,51000,54500,56500,0,1.4025e+08,1.999e+06,2.035e+06,2.034e+06,1.998e+06,1.998e+06,1.999e+06,630078,917968,1.6e+09,8,19168,153,36,19160,689,12,4816,57,334,19176,6404,184,19168,3526,192,4816,924,80,,,,,,,86.8132,35.1648,19.5652,87.7778,93.3333,81.3187
483478,57000,57000,55000,57000,51000,54500,56500,0,1.4025e+08,2.038e+06,2.034e+06,2.034e+06,2.036e+06,2.039e+06,2.038e+06,630078,909375,1.6e+09,8,19168,153,36,19160,689,12,4816,57,344,19176,6596,196,19168,3756,188,4816,905,80,,,,,,,91.1111,38.2022,10.1124,86.9565,93.4066,85.5556
484770,57500,57500,55000,57500,51000,54500,56500,0,1.4025e+08,2.036e+06,2.035e+06,2.035e+06,2.033e+06,2.035e+06,2.036e+06,630078,909375,1.6e+09,8,19168,153,36,19160,689,12,4816,57,340,19176,6519,188,19168,3603,192,4816,924,80,,,,,,,86.1538,33.0769,16.4062,83.5938,94.5736,83.7209
485469,57500,57500,55000,57500,51000,54500,56500,0,1.4025e+08,1.996e+06,2.034e+06,2.034e+06,1.997e+06,1.997e+06,1.998e+06,630078,898632,1.6e+09,8,19168,153,36,19160,689,12,4816,57,338,19176,6481,188,19168,3603,192,4816,924,80,,,,,,,88.4058,34.7826,14.2857,84.2857,92.8571,83.0986
486572,57500,57500,54500,57500,51000,54500,56200,0,1.4025e+08,2.038e+06,2.035e+06,2.034e+06,2.036e+06,2.043e+06,2.046e+06,630078,909375,1.6e+09,8,19168,153,36,19160,689,12,4816,57,354,19176,6788,200,19168,3833,196,4816,943,80,,,,,,,86.6071,37.2727,18.018,80.7339,93.578,83.6364
487777,57500,57500,55000,57500,51000,54500,56800,0,1.4025e+08,1.998e+06,2.035e+06,2.034e+06,1.997e+06,2e+06,1.998e+06,630078,898632,1.6e+09,8,19168,153,36,19160,689,12,4816,57,330,19176,6328,184,19168,3526,184,4816,886,80,,,,,,,89.1667,32.2314,9.16667,83.3333,92.5,85
488926,57500,57500,55000,57500,51000,54500,56500,0,1.4025e+08,2.035e+06,2.034e+06,2.035e+06,2.036e+06,2.034e+06,2.036e+06,630078,909375,1.6e+09,8,19168,153,36,19160,689,12,4816,57,338,19176,6481,184,19168,3526,192,4816,924,80,,,,,,,86.087,34.7826,17.3913,89.5652,94.8276,80.8696
489782,58000,58000,54500,58000,51000,54500,56500,0,1.4025e+08,1.997e+06,2.035e+06,2.034e+06,1.996e+06,1.996e+06,1.997e+06,630078,898632,1.6e+09,8,19168,153,36,19160,689,12,4816,57,338,19176,6481,192,19168,3603,184,4816,886,80,,,,,,,89.5349,37.6471,11.7647,76.1905,91.7647,84.8837
490673,57500,57500,55000,57500,51000,54500,56500,0,1.4025e+08,1.995e+06,2.035e+06,2.036e+06,1.997e+06,1.999e+06,1.997e+06,630078,898632,1.6e+09,8,19168,153,36,19160,689,12,4816,57,342,19176,6558,192,19168,3680,188,4816,905,80,,,,,,,84.4444,34.0909,17.0455,86.6667,94.3182,82.0225
491685,57500,57500,55000,57500,51000,54500,56500,0,1.4025e+08,1.999e+06,2.034e+06,2.035e+06,1.998e+06,2e+06,1.998e+06,630078,898632,1.6e+09,8,19168,153,36,19160,689,12,4816,57,338,19176,6481,188,19168,3603,192,4816,924,80,,,,,,,88.8889,32.6733,12.8713,89,94.1176,83.1683
492105,58000,58000,55000,58000,51000,54500,56500,0,1.4025e+08,2.038e+06,2.035e+06,2.035e+06,2.033e+06,2.04e+06,2.038e+06,630078,909375,1.6e+09,8,19168,153,36,19160,689,12,4816,57,352,19176,6749,200,19168,3833,192,4816,924,80,,,,,,,86.0465,41.8605,23.8095,73.8095,92.6829,85.3659
493437,57500,57500,55000,57500,51000,54500,56500,0,1.4025e+08,1.998e+06,2.035e+06,2.035e+06,2e+06,1.997e+06,1.998e+06,630078,898632,1.6e+09,8,19168,153,36,19160,689,12,4816,57,344,19176,6596,196,19168,3756,192,4816,924,80,,,,,,,86.5672,34.3511,14.2857,83.4586,93.2836,82.8358
494251,57500,57500,55000,57500,51000,54500,56500,0,1.4025e+08,1.997e+06,2.035e+06,2.034e+06,1.997e+06,1.999e+06,1.997e+06,630078,898632,1.6e+09,8,19168,153,36,19160,689,12,4816,57,346,19176,6634,192,19168,3680,192,4816,924,80,,,,,,,90,32.0988,14.8148,86.5854,95.0617,84.1463
495526,57500,57500,55000,57500,51000,54500,56500,0,1.4025e+08,2.033e+06,2.034e+06,2.035e+06,2.035e+06,2.035e+06,2.034e+06,630078,917968,1.6e+09,8,19168,153,36,19160,689,12,4816,57,350,19176,6711,200,19168,3833,192,4816,924,80,,,,,,,86.0465,37.5,14.9606,82.6772,92.9134,83.4646
496363,57500,57500,55000,57500,51000,54500,56500,0,1.4025e+08,2.031e+06,2.035e+06,2.035e+06,2.032e+06,2.033e+06,2.029e+06,630078,909375,1.6e+09,8,19168,153,36,19160,689,12,4816,57,336,19176,6481,188,19168,3603,192,4816,924,80,,,,,,,88.0952,29.7619,14.1176,88.0952,92.7711,79.7619
497427,57500,57500,55000,57500,51000,54500,56500,0,1.4025e+08,2.036e+06,2.036e+06,2.034e+06,2.034e+06,2.037e+06,2.035e+06,630078,909375,1.6e+09,8,19168,153,36,19160,689,12,4816,57,330,19176,6328,184,19168,3526,184,4816,886,80,,,,,,,90.4762,35.2381,9.52381,80,93.3962,87.7358
498599,57500,57500,54500,57500,51000,54500,56500,0,1.4025e+08,2.034e+06,2.035e+06,2.036e+06,2.033e+06,2.041e+06,2.034e+06,630078,909375,1.6e+09,8,19168,153,36,19160,689,12,4816,57,336,19176,6443,184,19168,3526,192,4816,924,80,,,,,,,86.5546,34.7458,17.094,89.8305,94.0678,81.1966
499724,58000,58000,55000,58000,51000,54750,56500,0,1.4025e+08,2.035e+06,2.035e+06,2.034e+06,2.039e+06,2.041e+06,2.038e+06,630078,909375,1.6e+09,8,19168,153,36,19160,689,12,4816,57,350,19176,6711,200,19168,3833,196,4816,943,80,,,,,,,87.3874,36.9369,18.5841,80.3571,93.75,84.8214
500983,57500,57500,55000,57500,51000,54500,56500,0,1.4025e+08,1.999e+06,2.035e+06,2.035e+06,1.996e+06,1.998e+06,1.998e+06,630078,898632,1.6e+09,8,19168,153,36,19160,689,12,4816,57,328,19184,6292,180,19168,3450,184,4816,886,80,,,,,,,85.9375,33.0709,10.3175,83.3333,92.8571,81.746
501996,57500,57500,55000,57500,51000,54500,56500,0,1.4025e+08,2.035e+06,2.036e+06,2.034e+06,2.034e+06,2.034e+06,2.036e+06,630078,898632,1.6e+09,8,19168,153,36,19160,689,12,4816,57,344,19176,6558,192,19168,3680,192,4816,924,80,,,,,,,89,37,17.6471,89.1089,94.0594,83.3333
502026,57500,57500,55000,57500,51000,54500,56500,134,1.4025e+08,2.034e+06,2.036e+06,2.034e+06,1.999e+06,1.998e+06,1.999e+06,630078,898632,1.6e+09,8,19168,153,36,19160,689,12,4816,57,342,19176,6558,188,19168,3603,196,4816,943,80,,,,,,,100,0,0,100,100,100
503931,57500,57500,55000,57500,51000,54500,56500,0,1.4025e+08,1.997e+06,2.035e+06,2.035e+06,1.997e+06,1.998e+06,1.996e+06,630078,898632,1.6e+09,8,19168,153,36,19160,689,12,4816,57,342,19176,6558,192,19168,3680,192,4816,924,80,,,,,,,87.3684,34.2105,15.2632,82.5397,93.6842,83.0688
504599,57500,57500,55000,57500,51000,54750,56800,0,1.4025e+08,2.035e+06,2.035e+06,2.034e+06,2.035e+06,2.035e+06,2.036e+06,630078,917968,1.6e+09,8,19168,153,36,19160,689,12,4816,57,346,19176,6634,196,19168,3756,192,4816,924,80,,,,,,,88.2353,35.8209,15.1515,84.8485,93.9394,86.5672
505477,57500,57500,55000,57500,51000,54500,56300,0,1.4025e+08,2.035e+06,2.036e+06,2.034e+06,2.035e+06,2.033e+06,2.037e+06,630078,909375,1.6e+09,8,19168,153,36,19160,689,12,4816,57,340,19176,6519,188,19168,3603,192,4816,924,80,,,,,,,87.3563,36.3636,12.5,86.6667,93.2584,82.0225
506336,58000,58000,55000,58000,51000,54500,56300,0,1.4025e+08,1.997e+06,2.036e+06,2.035e+06,1.996e+06,1.998e+06,1.998e+06,630078,898632,1.6e+09,8,19168,153,36,19160,689,12,4816,57,340,19176,6519,192,19168,3680,188,4816,905,80,,,,,,,88.5057,36.4706,11.6279,78.5714,92.9412,84.8837
507218,57000,57000,54500,57000,51000,54500,56500,0,1.4025e+08,2.034e+06,2.036e+06,2.035e+06,2.035e+06,2.034e+06,2.035e+06,630078,917968,1.6e+09,8,19168,153,36,19160,689,12,4816,57,338,19176,6481,188,19168,3603,188,4816,905,80,,,,,,,84.2697,32.1839,17.0455,84.2697,94.2529,81.8182
508283,57500,57500,55000,57500,51000,54750,56500,0,1.4025e+08,2.041e+06,2.035e+06,2.035e+06,2.038e+06,2.044e+06,2.039e+06,630078,909375,1.6e+09,8,19168,153,36,19160,689,12,4816,57,338,19176,6481,188,19168,3603,192,4816,924,80,,,,,,,89.6226,35.514,14.1509,89.5238,92.5234,82.8571
509329,57500,57500,55000,57500,51000,54500,56500,0,1.4025e+08,2.039e+06,2.035e+06,2.034e+06,2.043e+06,2.038e+06,2.038e+06,630078,909375,1.6e+09,8,19168,153,36,19160,689,12,4816,57,354,19176,6788,200,19168,3833,196,4816,943,80,,,,,,,86.6667,37.5,18.2692,80,94.2857,83.9623
510411,57500,57500,55000,57500,51000,54500,56500,0,1.4025e+08,2.038e+06,2.034e+06,2.035e+06,2.042e+06,2.041e+06,2.036e+06,630078,909375,1.6e+09,8,19168,153,36,19160,689,12,4816,57,348,19176,6673,200,19168,3833,188,4816,905,80,,,,,,,89.8148,36.1111,10.1852,87.963,93.4579,83.1776
511741,57500,57500,55000,57500,51000,54500,56500,0,1.4025e+08,1.997e+06,2.034e+06,2.035e+06,1.998e+06,2.001e+06,2.001e+06,630078,909375,1.6e+09,8,19168,153,36,19160,689,12,4816,57,338,19176,6481,188,19168,3603,192,4816,924,80,,,,,,,86.5672,32.3308,14.3939,84.8485,93.2331,82.8358
512993,57000,57000,55000,57000,51000,54500,56500,0,1.4025e+08,2.035e+06,2.035e+06,2.035e+06,2.034e+06,2.034e+06,2.035e+06,630078,909375,1.6e+09,8,19168,153,36,19160,689,12,4816,57,348,19176,6673,196,19168,3756,192,4816,924,80,,,,,,,86.2903,36.5079,16.6667,83.2,93.6508,82.5397
513979,57500,57500,55000,57500,51000,54500,56500,0,1.4025e+08,2.036e+06,2.035e+06,2.035e+06,2.035e+06,2.035e+06,2.035e+06,630078,917968,1.6e+09,8,19168,153,36,19160,689,12,4816,57,332,19176,6366,184,19168,3526,184,4816,886,80,,,,,,,89.1089,31.9588,9.27835,78.5714,92.8571,86.7347
514218,58000,58000,55000,58000,51000,54500,56500,0,1.4025e+08,2.034e+06,2.034e+06,2.035e+06,2.036e+06,2.035e+06,2.036e+06,630078,909375,1.6e+09,8,19168,153,36,19160,689,12,4816,57,352,19176,6749,200,19168,3833,196,4816,943,80,,,,,,,82.6087,44,45.8333,95.8333,100,82.6087
515761,57500,57500,55000,57500,51000,54750,56500,0,1.4025e+08,1.999e+06,2.034e+06,2.034e+06,1.995e+06,1.998e+06,1.998e+06,630078,917968,1.6e+09,8,19168,153,36,19160,689,12,4816,57,344,19176,6596,192,19168,3680,192,4816,924,80,,,,,,,87.0968,35.2941,12.9032,85.7143,93.4641,81.2903
516446,57500,57500,55000,57500,51000,54500,56500,13,1.4025e+08,2.035e+06,2.034e+06,2.036e+06,2.033e+06,2.034e+06,2.035e+06,630078,917968,1.6e+09,8,19168,153,36,19160,689,12,4816,57,346,19176,6634,196,19168,3756,192,4816,924,80,,,,,,,88.2353,35.7143,14.7059,85.0746,92.7536,83.8235
517790,57500,57500,55000,57500,51000,54500,56300,0,1.4025e+08,2.035e+06,2.035e+06,2.034e+06,2.04e+06,2.037e+06,2.036e+06,630078,909375,1.6e+09,8,19168,153,36,19160,689,12,4816,57,342,19176,6558,192,19168,3680,192,4816,924,80,,,,,,,86.6667,33.8346,15.5556,83.5821,93.2836,82.963
518538,57500,57500,55000,57500,51000,54500,56300,0,1.4025e+08,2.036e+06,2.035e+06,2.035e+06,2.033e+06,2.037e+06,2.035e+06,630078,909375,1.6e+09,8,19168,153,36,19160,689,12,4816,57,342,19176,6558,192,19168,3680,192,4816,924,80,,,,,,,89.1892,36,13.5135,85.3333,94.5946,83.7838
519371,57500,57500,55000,57500,51000,54500,56300,0,1.4025e+08,1.998e+06,2.034e+06,2.034e+06,1.998e+06,1.998e+06,1.999e+06,630078,898632,1.6e+09,8,19168,153,36,19160,689,12,4816,57,346,19176,6634,196,19168,3756,188,4816,905,80,,,,,,,89.2857,36.5854,10.8434,85.3659,92.8571,84.5238
520568,57500,57500,55000,57500,51000,54500,56500,0,1.4025e+08,2.03e+06,2.034e+06,2.034e+06,2.038e+06,2.035e+06,2.034e+06,630078,909375,1.6e+09,8,19168,153,36,19160,689,12,4816,57,346,19176,6634,196,19168,3756,192,4816,924,80,,,,,,,85.7143,34.1667,17.6471,83.3333,93.3884,81.6667
521211,57500,57500,55000,57500,51000,54500,56500,0,1.4025e+08,2.034e+06,2.035e+06,2.034e+06,2.034e+06,2.035e+06,2.036e+06,630078,909375,1.6e+09,8,19168,153,36,19160,689,12,4816,57,336,19176,6443,184,19168,3526,192,4816,924,80,,,,,,,85.9375,28.5714,15.625,82.8125,93.5484,82.5397
522054,57500,57500,55000,57500,51000,54500,56500,0,1.4025e+08,2.035e+06,2.036e+06,2.035e+06,2.035e+06,2.036e+06,2.035e+06,630078,909375,1.6e+09,8,19168,153,36,19160,689,12,4816,57,336,19176,6443,184,19168,3526,192,4816,924,80,,,,,,,89.5349,35.2941,11.9048,86.9048,94.1176,86.0465
523672,57500,57500,55000,57500,51000,54500,56500,0,1.4025e+08,2.035e+06,2.035e+06,2.035e+06,2.035e+06,2.034e+06,2.035e+06,630078,917968,1.6e+09,8,19168,153,36,19160,689,12,4816,57,328,19184,6292,180,19168,3450,184,4816,886,80,,,,,,,88.2716,34.7826,12.4224,80.2469,93.1677,85.0932
524645,57500,57500,55000,57500,51000,54500,56500,0,1.4025e+08,2.033e+06,2.035e+06,2.035e+06,2.028e+06,2.033e+06,2.035e+06,630078,909375,1.6e+09,8,19168,153,36,19160,689,12,4816,57,336,19176,6443,188,19168,3603,192,4816,924,80,,,,,,,84.6939,34.0206,20.6186,88.5417,93.8776,79.3814
525304,57500,57500,55000,57500,51000,54500,56500,0,1.4025e+08,2.036e+06,2.034e+06,2.034e+06,2.034e+06,2.034e+06,2.034e+06,630078,917968,1.6e+09,8,19168,153,36,19160,689,12,4816,57,344,19176,6596,192,19168,3680,192,4816,924,80,,,,,,,90.9091,37.3134,15.1515,83.3333,95.4545,86.5672
526197,57500,57500,55000,57500,51000,54500,56500,0,1.4025e+08,2.035e+06,2.034e+06,2.036e+06,2.034e+06,2.035e+06,2.034e+06,630078,917968,1.6e+09,8,19168,153,36,19160,689,12,4816,57,338,19176,6481,184,19168,3526,196,4816,943,80,,,,,,,86.3636,34.4828,12.3596,87.6404,92.1348,83.3333
527007,58000,58000,55000,58000,51000,54500,56500,0,1.4025e+08,2.036e+06,2.035e+06,2.035e+06,2.03e+06,2.041e+06,2.035e+06,630078,909375,1.6e+09,8,19168,153,36,19160,689,12,4816,57,344,19176,6596,196,19168,3756,188,4816,905,80,,,,,,,90,39.5062,12.3457,79.0123,93.75,85.1852
528731,57500,57500,55000,57500,51000,54500,56500,0,1.4025e+08,1.996e+06,2.035e+06,2.034e+06,1.997e+06,1.998e+06,1.998e+06,630078,917968,1.6e+09,8,19168,153,36,19160,689,12,4816,57,348,19176,6673,196,19168,3756,192,4816,924,80,,,,,,,86.2069,33.1395,16.8605,84.3023,94.152,83.7209
529794,58000,58000,55000,58000,51000,54500,56500,0,1.4025e+08,2.035e+06,2.037e+06,2.035e+06,2.035e+06,2.037e+06,2.038e+06,630078,909375,1.6e+09,8,19168,153,36,19160,689,12,4816,57,342,19176,6558,192,19168,3680,188,4816,905,80,,,,,,,89.6226,35.8491,10.3774,83.0189,92.5234,83.1776
530729,58000,58000,55000,58000,51000,54500,56500,0,1.4025e+08,2.034e+06,2.035e+06,2.035e+06,2.033e+06,2.034e+06,2.038e+06,630078,909375,1.6e+09,8,19168,153,36,19160,689,12,4816,57,354,19176,6788,200,19168,3833,192,4816,924,80,,,,,,,84.2105,35.4839,21.5054,85.2632,93.617,82.9787
531711,57500,57500,55000,57500,51000,54500,56500,0,1.4025e+08,2.035e+06,2.034e+06,2.035e+06,2.036e+06,2.035e+06,2.034e+06,630078,917968,1.6e+09,8,19168,153,36,19160,689,12,4816,57,336,19176,6443,184,19168,3526,192,4816,924,80,,,,,,,88.6598,31.6327,10.2041,88.6598,93.8776,82.6531
532790,57500,57500,55000,57500,51000,54500,56500,0,1.4025e+08,2e+06,2.034e+06,2.036e+06,1.997e+06,1.997e+06,1.997e+06,630078,898632,1.6e+09,8,19168,153,36,19160,689,12,4816,57,352,19176,6749,200,19168,3833,192,4816,924,80,,,,,,,87.037,38.3178,18.5185,79.6296,93.5185,84.2593
533748,57500,57500,55000,57500,51000,54750,56500,0,1.4025e+08,2.037e+06,2.035e+06,2.034e+06,2.033e+06,2.036e+06,2.035e+06,630078,909375,1.6e+09,8,19168,153,36,19160,689,12,4816,57,340,19176,6519,188,19168,3603,192,4816,924,80,,,,,,,88.4211,32.2917,10.5263,88.4211,93.6842,82.2917
534641,58000,58000,55000,58000,51000,54500,56300,0,1.4025e+08,2.026e+06,2.036e+06,2.036e+06,2.029e+06,2.03e+06,2.03e+06,630078,909375,1.6e+09,8,19168,153,36,19160,689,12,4816,57,336,19176,6443,188,19168,3603,184,4816,886,80,,,,,,,87.7778,35.9551,11.236,77.5281,92.2222,85.2273
535387,57500,57500,55000,57500,51000,54500,56500,0,1.4025e+08,2.034e+06,2.034e+06,2.035e+06,2.034e+06,2.035e+06,2.035e+06,630078,917968,1.6e+09,8,19168,153,36,19160,689,12,4816,57,330,19176,6328,184,19168,3526,184,4816,886,80,,,,,,,89.1892,32.4324,14.6667,85.1351,94.5946,85.3333
536224,57500,57500,55000,57500,51000,54500,56500,0,1.4025e+08,2.039e+06,2.035e+06,2.035e+06,2.037e+06,2.035e+06,2.037e+06,630078,909375,1.6e+09,8,19168,153,36,19160,689,12,4816,57,346,19176,6634,196,19168,3756,192,4816,924,80,,,,,,,84.7059,38.0952,21.4286,85.7143,94.1176,80.9524
537976,57500,57500,55000,57500,51000,54500,56800,0,1.4025e+08,2.033e+06,2.035e+06,2.035e+06,2.041e+06,2.041e+06,2.041e+06,630078,909375,1.6e+09,8,19168,153,36,19160,689,12,4816,57,340,19176,6519,192,19168,3680,192,4816,924,80,,,,,,,88.5057,34.6591,12.5714,86.8571,93.1034,82.9545
538604,57500,57500,54500,57500,51000,54500,56500,0,1.4025e+08,1.999e+06,2.035e+06,2.035e+06,1.998e+06,1.999e+06,1.999e+06,630078,898632,1.6e+09,8,19168,153,36,19160,689,12,4816,57,338,19176,6481,188,19168,3603,192,4816,924,80,,,,,,,87.3016,30.6452,17.4603,85.4839,95.3125,84.127
539506,57500,57500,55000,57500,51000,54500,56500,0,1.4025e+08,2.034e+06,2.034e+06,2.035e+06,2.035e+06,2.034e+06,2.034e+06,630078,909375,1.6e+09,8,19168,153,36,19160,689,12,4816,57,332,19176,6366,184,19168,3526,184,4816,886,80,,,,,,,87.9121,34.8315,11.1111,76.6667,92.0455,85.3933
540305,57500,57500,55000,57500,51000,54500,56500,0,1.4025e+08,2.035e+06,2.035e+06,2.034e+06,2.04e+06,2.039e+06,2.037e+06,630078,909375,1.6e+09,8,19168,153,36,19160,689,12,4816,57,322,19184,6177,176,19168,3373,184,4816,886,80,,,,,,,83.75,32.5,13.9241,85,93.8272,79.0123
541013,57500,57500,55000,57500,51000,54500,56500,0,1.4025e+08,2.039e+06,2.035e+06,2.034e+06,2.032e+06,2.038e+06,2.03e+06,630078,909375,1.6e+09,8,19168,153,36,19160,689,12,4816,57,328,19184,6330,180,19168,3450,188,4816,905,80,,,,,,,88.5714,36.6197,16.9014,84.2857,94.2857,84.507
542245,58000,58000,55000,58000,51000,54500,56300,0,1.4025e+08,2.035e+06,2.035e+06,2.035e+06,2.035e+06,2.035e+06,2.034e+06,630078,917968,1.6e+09,8,19168,153,36,19160,689,12,4816,57,334,19176,6404,184,19168,3526,184,4816,886,80,,,,,,,88.8,35.2459,13.7097,82.9268,92.6829,85.2459
543296,57500,57500,55000,57500,51000,54500,56500,0,1.4025e+08,2.035e+06,2.035e+06,2.034e+06,2.041e+06,2.038e+06,2.035e+06,630078,909375,1.6e+09,8,19168,153,36,19160,689,12,4816,57,338,19176,6481,188,19168,3603,192,4816,924,80,,,,,,,85.4369,33.9623,18.2692,88.6792,94.3396,79.4393
544991,58000,58000,54500,58000,51000,54500,56500,0,1.4025e+08,2.031e+06,2.035e+06,2.035e+06,2.028e+06,2.029e+06,2.029e+06,630078,909375,1.6e+09,8,19168,153,36,19160,689,12,4816,57,336,19176,6443,188,19168,3603,184,4816,886,80,,,,,,,88.8889,35.119,11.9048,81.5476,92.8994,85.2071
545463,57500,57500,55000,57500,51000,54750,56300,0,1.4025e+08,2.034e+06,2.035e+06,2.036e+06,2.035e+06,2.034e+06,2.035e+06,630078,917968,1.6e+09,8,19168,153,36,19160,689,12,4816,57,342,19176,6558,192,19168,3680,192,4816,924,80,,,,,,,85.1064,35.4167,21.2766,97.8723,97.8723,78.7234
546057,57000,57000,55000,57000,51000,54500,56300,0,1.4025e+08,2e+06,2.034e+06,2.034e+06,2e+06,2e+06,2e+06,630078,898632,1.6e+09,8,19168,153,36,19160,689,12,4816,57,336,19176,6443,188,19168,3603,192,4816,924,80,,,,,,,84.7458,32.2034,16.6667,81.3559,91.5254,81.3559
547434,57500,57500,55000,57500,51000,54500,56200,0,1.4025e+08,2.034e+06,2.034e+06,2.034e+06,2.035e+06,2.034e+06,2.036e+06,630078,917968,1.6e+09,8,19168,153,36,19160,689,12,4816,38,338,19176,6481,188,19168,3603,192,4816,924,80,,,,,,,87.6812,34.3066,15.2174,84.7826,94.1176,82.7338
548251,57500,57500,54500,57500,51000,54500,56200,0,1.4025e+08,2.035e+06,2.035e+06,2.035e+06,2.032e+06,2.039e+06,2.038e+06,630078,909375,1.6e+09,8,19168,153,36,19160,689,12,4816,57,340,19176,6519,188,19168,3603,192,4816,924,80,,,,,,,90.2439,36.5854,11.25,87.8049,94.0476,86.5854
549594,57500,57500,55000,57500,51000,54500,56300,0,1.4025e+08,2.034e+06,2.035e+06,2.035e+06,2.031e+06,2.035e+06,2.033e+06,630078,909375,1.6e+09,8,19168,153,36,19160,689,12,4816,57,344,19176,6596,192,19168,3680,192,4816,924,80,,,,,,,86.5672,35.3383,14.8148,83.4586,93.2836,82.8358
550805,57500,57500,54500,57500,51000,54500,56500,0,1.4025e+08,2.036e+06,2.035e+06,2.035e+06,2.034e+06,2.034e+06,2.035e+06,630078,917968,1.6e+09,8,19168,153,36,19160,689,12,4816,57,348,19176,6673,196,19168,3756,192,4816,924,80,,,,,,,88.4298,33.3333,16.6667,81.8182,94.1667,85
551818,58000,58000,55000,58000,51000,54500,56500,0,1.4025e+08,2.037e+06,2.036e+06,2.034e+06,2.042e+06,2.039e+06,2.041e+06,630078,909375,1.6e+09,8,19168,153,36,19160,689,12,4816,57,348,19176,6673,200,19168,3833,188,4816,905,80,,,,,,,89.2157,38.835,9.80392,86.1386,92.0792,82.1782
552801,57500,57500,55000,57500,51000,54500,56500,0,1.4025e+08,2.031e+06,2.035e+06,2.036e+06,2.031e+06,2.038e+06,2.036e+06,630078,909375,1.6e+09,8,19168,153,36,19160,689,12,4816,57,352,19176,6788,200,19168,3833,192,4816,924,80,,,,,,,84.6939,32.9897,19.5876,81.6327,94.8454,83
553857,57000,57000,55000,57000,51000,54500,56500,0,1.4025e+08,1.998e+06,2.033e+06,2.035e+06,2.001e+06,1.998e+06,1.998e+06,630078,898632,1.6e+09,8,19168,153,36,19160,689,12,4816,57,344,19176,6596,196,19168,3756,192,4816,905,80,,,,,,,89.6226,34.2857,12.1495,88.5714,92.4528,82.8571
554490,57500,57500,55000,57500,51000,54500,56500,0,1.4025e+08,2.035e+06,2.035e+06,2.036e+06,2.032e+06,2.036e+06,2.035e+06,630078,909375,1.6e+09,8,19168,153,36,19160,689,12,4816,57,334,19176,6404,184,19168,3526,192,4816,924,80,,,,,,,85.9375,29.6875,15.873,84.127,93.75,82.5397
555445,57500,57500,55000,57500,51000,54500,56500,0,1.4025e+08,2.032e+06,2.035e+06,2.036e+06,2.035e+06,2.033e+06,2.036e+06,630078,909375,1.6e+09,8,19168,153,36,19160,689,12,4816,57,322,19184,6177,176,19168,3373,184,4816,886,80,,,,,,,87.3684,32.9787,9.57447,78.125,93.6842,85.1064
556161,57500,57500,55000,57500,51000,54500,56300,0,1.4025e+08,1.998e+06,2.034e+06,2.034e+06,1.997e+06,1.996e+06,1.997e+06,630078,917968,1.6e+09,8,19168,153,36,19160,689,12,4816,57,324,19184,6253,176,19168,3373,184,4816,886,80,,,,,,,84.9315,36.4865,16.4384,86.1111,93.1507,82.1918
557685,57500,57500,55000,57500,51000,54500,56500,0,1.4025e+08,1.998e+06,2.035e+06,2.035e+06,1.998e+06,1.996e+06,1.997e+06,630078,898632,1.6e+09,8,19168,153,36,19160,689,12,4816,57,348,19176,6673,196,19168,3756,192,4816,924,80,,,,,,,88.6667,36.6667,19.0789,85.3333,94.0397,84.7682
558450,57500,57500,55000,57500,51000,54500,56500,0,1.4025e+08,1.996e+06,2.034e+06,2.036e+06,1.997e+06,1.998e+06,1.998e+06,630078,898632,1.6e+09,8,19168,153,36,19160,689,12,4816,57,338,19176,6481,188,19168,3603,192,4816,924,80,,,,,,,85.7143,31.1688,13.1579,85.7143,94.6667,79.4872
559890,57000,57000,55000,57000,51000,54500,56500,0,1.4025e+08,2.032e+06,2.033e+06,2.035e+06,2.039e+06,2.036e+06,2.036e+06,630078,909375,1.6e+09,8,19168,153,36,19160,689,12,4816,57,344,19176,6596,192,19168,3680,192,4816,924,80,,,,,,,87.5,37.0629,13.8889,84.6154,93.0556,83.2168
560478,57500,57500,55000,57500,51000,54500,56500,0,1.4025e+08,2.033e+06,2.035e+06,2.035e+06,2.03e+06,2.04e+06,2.038e+06,630078,909375,1.6e+09,8,19168,153,36,19160,689,12,4816,57,348,19176,6673,196,19168,3756,192,4816,924,80,,,,,,,89.8305,31.0345,16.9492,83.0508,94.9153,89.8305
561179,57500,57500,55000,57500,51000,54500,56500,0,1.4025e+08,2.031e+06,2.035e+06,2.035e+06,2.034e+06,2.039e+06,2.043e+06,630078,909375,1.6e+09,8,19168,153,36,19160,689,12,4816,57,344,19176,6596,192,19168,3680,192,4816,924,80,,,,,,,88.4058,34.2857,14.2857,84.058,92.8571,82.8571
562600,57500,57500,55000,57500,51000,54500,56300,0,1.4025e+08,2.036e+06,2.036e+06,2.035e+06,2.035e+06,2.035e+06,2.035e+06,630078,917968,1.6e+09,8,19168,153,36,19160,689,12,4816,57,336,19176,6443,184,19168,3526,192,4816,924,80,,,,,,,86.014,34.965,13.5714,84.507,92.9577,80.9859
563266,57500,57500,55000,57500,51000,54500,56500,0,1.4025e+08,2.033e+06,2.036e+06,2.034e+06,2.034e+06,2.04e+06,2.042e+06,630078,909375,1.6e+09,8,19168,153,36,19160,689,12,4816,57,342,19176,6558,192,19168,3680,192,4816,924,80,,,,,,,89.5522,34.8485,14.9254,83.5821,95.4545,86.3636
564926,58000,58000,55000,58000,51000,54500,56500,0,1.4025e+08,1.997e+06,2.036e+06,2.034e+06,1.999e+06,1.998e+06,1.998e+06,630078,898632,1.6e+09,8,19168,153,36,19160,689,12,4816,57,348,19176,6673,200,19168,3833,188,4816,905,80,,,,,,,88.5542,37.3494,12.0482,85.5422,92.7711,83.8323
565241,57500,57500,55000,57500,51000,54500,56500,0,1.4025e+08,2.033e+06,2.037e+06,2.035e+06,2.033e+06,2.037e+06,2.036e+06,630078,898632,1.6e+09,8,19168,153,36,19160,689,12,4816,57,356,19176,6826,204,19168,3910,196,4816,943,80,,,,,,,81.8182,32.2581,32.2581,77.4194,96.7742,83.871
566652,57500,57500,55000,57500,51000,54500,56500,0,1.4025e+08,2.034e+06,2.035e+06,2.035e+06,2.034e+06,2.034e+06,2.036e+06,630078,909375,1.6e+09,8,19168,153,36,19160,689,12,4816,57,350,19176,6711,200,19168,3833,192,4816,924,80,,,,,,,87.9433,34.0426,14.1844,84.2857,93.617,83.8028
567147,57500,57500,55000,57500,51000,54500,56500,0,1.4025e+08,2.038e+06,2.035e+06,2.035e+06,2.036e+06,2.044e+06,2.045e+06,630078,909375,1.6e+09,8,19168,153,36,19160,689,12,4816,57,328,19184,6292,180,19168,3450,184,4816,886,80,,,,,,,90,30,0,79.5918,89.7959,85.7143
568215,57500,57500,55000,57500,51000,54500,56500,0,1.4025e+08,1.998e+06,2.035e+06,2.035e+06,1.997e+06,1.997e+06,1.998e+06,630078,917968,1.6e+09,8,19168,153,36,19160,689,12,4816,57,346,19176,6634,196,19168,3756,192,4816,924,80,,,,,,,85.9813,38.0952,20.3704,88.8889,94.3925,79.6296
569254,57500,57500,55000,57500,51000,54500,56500,0,1.4025e+08,1.997e+06,2.036e+06,2.035e+06,1.996e+06,1.998e+06,1.996e+06,630078,917968,1.6e+09,8,19168,153,36,19160,689,12,4816,57,320,19184,6138,176,19168,3373,180,4816,866,80,,,,,,,87.3786,30.7692,9.70874,79.6117,93.2039,84.3137
570652,57500,57500,55000,57500,51000,54500,56800,0,1.4025e+08,1.997e+06,2.036e+06,2.036e+06,1.997e+06,1.996e+06,1.999e+06,630078,898632,1.6e+09,8,19168,153,36,19168,690,12,4816,57,320,19184,6138,172,19176,3298,184,4816,886,80,,,,,,,86.4286,34.7518,15,83.5714,93.5714,82.9787
571519,57500,57500,55000,57500,51000,54500,56800,0,1.4025e+08,2.035e+06,2.034e+06,2.034e+06,2.035e+06,2.034e+06,2.034e+06,630078,917968,1.6e+09,8,19168,153,36,19160,689,12,4816,57,348,19176,6673,196,19168,3756,192,4816,924,80,,,,,,,89.5349,38.0952,23.2558,87.2093,95.4023,86.2069
572267,57500,57500,55000,57500,51000,54500,56500,0,1.4025e+08,2.035e+06,2.035e+06,2.033e+06,2.033e+06,2.035e+06,2.035e+06,630078,917968,1.6e+09,8,19168,153,36,19160,689,12,4816,57,336,19176,6443,184,19168,3526,192,4816,924,80,,,,,,,85.5263,33.3333,13.3333,86.4865,91.8919,78.3784
573897,57500,57500,55000,57500,51000,54500,56500,0,1.4025e+08,1.997e+06,2.035e+06,2.034e+06,1.998e+06,1.998e+06,1.999e+06,630078,898632,1.6e+09,8,19168,153,36,19160,689,12,4816,57,348,19176,6673,200,19168,3833,188,4816,905,80,,,,,,,89.5706,37.4233,12.2699,84.5679,93.2515,84.6626
574814,57500,57500,54500,57500,51000,54500,56500,0,1.4025e+08,2.035e+06,2.034e+06,2.034e+06,2.038e+06,2.039e+06,2.047e+06,630078,909375,1.6e+09,8,19168,153,36,19160,689,12,4816,57,326,19184,6253,180,19168,3450,184,4816,886,80,,,,,,,83.6957,29.6703,14.2857,79.3478,93.4066,82.6087
575256,57500,57500,55000,57500,51000,54500,56300,0,1.4025e+08,2.034e+06,2.036e+06,2.033e+06,2.035e+06,2.034e+06,2.034e+06,630078,917968,1.6e+09,8,19168,153,36,19160,689,12,4816,57,346,19176,6634,196,19168,3756,188,4816,905,80,,,,,,,93.1818,44.4444,15.9091,97.7778,93.3333,84.0909
576359,57500,57500,55000,57500,51000,54500,56500,0,1.4025e+08,1.997e+06,2.034e+06,2.035e+06,1.999e+06,1.998e+06,1.999e+06,630078,898632,1.6e+09,8,19168,153,36,19160,689,12,4816,57,344,19176,6596,192,19168,3680,192,4816,924,80,,,,,,,87.3874,31.1927,18.1818,80.7339,94.4954,84.5455
577871,57500,57500,55000,57500,51000,54500,56500,0,1.4025e+08,1.998e+06,2.034e+06,2.035e+06,1.999e+06,1.998e+06,2e+06,630078,898632,1.6e+09,8,19168,153,36,19160,689,12,4816,57,344,19176,6596,192,19168,3680,192,4816,924,80,,,,,,,86.6667,37.0861,13.3333,85.4305,93.3775,82.1192
578689,57500,57500,55000,57500,51000,54500,56500,0,1.4025e+08,2.042e+06,2.035e+06,2.034e+06,2.042e+06,2.039e+06,2.041e+06,630078,909375,1.6e+09,8,19168,153,36,19160,689,12,4816,57,342,19176,6558,192,19168,3680,192,4816,924,80,,,,,,,89.1566,35.3659,11.1111,86.4198,92.6829,83.9506
579609,57500,57500,55000,57500,51000,54500,56500,0,1.4025e+08,1.997e+06,2.035e+06,2.034e+06,1.996e+06,1.996e+06,1.997e+06,630078,898632,1.6e+09,8,19168,153,36,19168,690,12,4816,57,318,19184,6100,172,19168,3296,180,4816,866,80,,,,,,,85.8696,29.6703,10.8696,77.1739,93.4783,83.1579
580462,58000,58000,55000,58000,51000,54500,56500,0,1.4025e+08,1.997e+06,2.034e+06,2.035e+06,1.997e+06,1.999e+06,1.997e+06,630078,917968,1.6e+09,8,19168,153,36,19160,689,12,4816,57,350,19176,6711,200,19168,3833,196,4816,943,80,,,,,,,88.2353,39.5349,24.4186,87.0588,95.2941,85.7143
581493,57500,57500,55000,57500,51000,54500,56500,0,1.4025e+08,2.035e+06,2.036e+06,2.034e+06,2.036e+06,2.034e+06,2.036e+06,630078,917968,1.6e+09,8,19168,153,36,19160,689,12,4816,57,346,19176,6634,196,19168,3756,188,4816,905,80,,,,,,,89.3204,37.2549,9.80392,86.4078,92.3077,81.7308
582426,57500,57500,55000,57500,51000,54500,56500,0,1.4025e+08,2.034e+06,2.035e+06,2.035e+06,2.034e+06,2.035e+06,2.035e+06,630078,917968,1.6e+09,8,19168,153,36,19160,689,12,4816,57,336,19176,6443,188,19168,3603,188,4816,905,80,,,,,,,84.0426,31.1828,16.129,80.4348,93.5484,82.7957
583263,57500,57500,55000,57500,51000,54500,56500,0,1.4025e+08,2.035e+06,2.035e+06,2.035e+06,2.041e+06,2.047e+06,2.044e+06,630078,909375,1.6e+09,8,19168,153,36,19160,689,12,4816,57,344,19176,6596,192,19168,3680,192,4816,924,80,,,,,,,90.3614,34.5238,18.8235,86.9048,95.1807,85.5422
584350,57500,57500,55000,57500,51000,54500,56500,0,1.4025e+08,2.033e+06,2.035e+06,2.034e+06,2.033e+06,2.042e+06,2.039e+06,630078,909375,1.6e+09,8,19168,153,36,19160,689,12,4816,57,332,19176,6366,184,19168,3526,184,4816,886,80,,,,,,,87.2727,34.5794,8.41121,80.5556,91.6667,84.4037
585916,57500,57500,55000,57500,51000,54500,56500,0,1.4025e+08,2.04e+06,2.035e+06,2.034e+06,2.036e+06,2.042e+06,2.039e+06,630078,909375,1.6e+09,8,19168,153,36,19160,689,12,4816,57,350,19176,6711,200,19168,3833,192,4816,924,80,,,,,,,86.5385,36.7089,18.4713,85.3503,94.3038,82.1656
586706,57500,57500,55000,57500,51000,54500,56500,0,1.4025e+08,1.998e+06,2.035e+06,2.034e+06,1.997e+06,1.998e+06,1.999e+06,630078,898632,1.6e+09,8,19168,153,36,19160,689,12,4816,57,346,19176,6634,196,19168,3756,192,4816,924,80,,,,,,,88.75,32.0513,15.1899,87.013,94.8718,84.6154
587509,57500,57500,55000,57500,51000,54500,56500,0,1.4025e+08,2.031e+06,2.035e+06,2.034e+06,2.036e+06,2.038e+06,2.035e+06,630078,909375,1.6e+09,8,19168,153,36,19160,689,12,4816,57,346,19176,6634,196,19168,3756,192,4816,924,80,,,,,,,86.0759,38.2716,12.3457,86.25,92.4051,80.2469
588600,57500,57500,55000,57500,51000,54500,56500,187,1.4025e+08,2.035e+06,2.035e+06,2.035e+06,2.04e+06,2.045e+06,2.027e+06,630078,909375,1.6e+09,8,19168,153,36,19168,690,12,4816,57,320,19184,6138,176,19168,3373,184,4816,886,80,,,,,,,86.4865,30.2752,10.1852,79.8165,92.7273,83.4862
589156,57500,57500,55000,57500,51000,54500,56500,0,1.4025e+08,2.03e+06,2.035e+06,2.035e+06,2.034e+06,2.038e+06,2.038e+06,630078,909375,1.6e+09,8,19168,153,36,19160,689,12,4816,57,338,19176,6481,188,19168,3603,188,4816,905,80,,,,,,,92.7273,41.8182,16.3636,81.8182,92.8571,87.5
590398,57000,57000,55000,57000,51000,54500,56500,0,1.4025e+08,2.036e+06,2.034e+06,2.035e+06,2.041e+06,2.04e+06,2.039e+06,630078,909375,1.6e+09,8,19168,153,36,19160,689,12,4816,57,338,19176,6481,188,19168,3603,192,4816,924,80,,,,,,,87.0968,33.871,16.129,90.4,93.5484,82.1138
591078,57000,57000,55000,57000,51000,54500,56500,0,1.4025e+08,2.035e+06,2.034e+06,2.034e+06,2.034e+06,2.035e+06,2.036e+06,630078,898632,1.6e+09,8,19168,153,36,19160,689,12,4816,57,334,19176,6443,184,19168,3526,192,4816,924,80,,,,,,,86.9565,33.8235,13.4328,83.5821,94.0299,82.3529
592334,57500,57500,55000,57500,51000,54500,56200,0,1.4025e+08,2.033e+06,2.033e+06,2.034e+06,2.037e+06,2.035e+06,2.038e+06,630078,909375,1.6e+09,8,19168,153,36,19160,689,12,4816,57,348,19176,6673,196,19168,3756,192,4816,924,80,,,,,,,86.5079,37.3016,16.6667,82.6772,94.4444,83.4646
593998,57500,57500,55000,57500,51000,54500,56500,0,1.4025e+08,2e+06,2.034e+06,2.035e+06,1.997e+06,1.998e+06,1.999e+06,630078,898632,1.6e+09,8,19168,153,36,19160,689,12,4816,57,334,19176,6404,184,19168,3526,184,4816,886,80,,,,,,,88.5542,33.7349,11.5152,81.0976,92.7273,85.0299
594347,57500,57500,55000,57500,51000,54500,56500,0,1.4025e+08,2.035e+06,2.036e+06,2.035e+06,2.038e+06,2.04e+06,2.032e+06,630078,909375,1.6e+09,8,19168,153,36,19160,689,12,4816,57,336,19176,6443,184,19168,3526,192,4816,924,80,,,,,,,80,31.4286,27.7778,97.1429,97.1429,74.2857
595257,57500,57500,55000,57500,51000,54500,56500,0,1.4025e+08,2.038e+06,2.035e+06,2.035e+06,2.047e+06,2.042e+06,2.048e+06,630078,909375,1.6e+09,8,19168,153,36,19160,689,12,4816,57,346,19176,6634,196,19168,3756,192,4816,924,80,,,,,,,91.0112,38.8889,13.1868,87.7778,92.3913,86.6667
596238,57500,57500,55000,57500,51000,54500,56500,0,1.4025e+08,1.998e+06,2.035e+06,2.034e+06,1.999e+06,1.999e+06,1.998e+06,630078,898632,1.6e+09,8,19168,153,36,19160,689,12,4816,57,340,19176,6519,192,19168,3680,192,4816,924,80,,,,,,,84.8485,32.9897,16.3265,78.3505,94.8454,82.6531
597993,57000,57000,54500,57000,51000,54500,56500,0,1.4025e+08,1.998e+06,2.035e+06,2.035e+06,1.998e+06,2.008e+06,1.998e+06,630078,898632,1.6e+09,8,19168,153,36,19160,689,12,4816,57,340,19176,6519,188,19168,3603,192,4816,924,80,,,,,,,88.6364,34.6591,13.7143,87.4286,93.1429,82.9545
598407,57500,57500,54500,57500,51000,54500,56600,0,1.4025e+08,2.034e+06,2.036e+06,2.034e+06,2.034e+06,2.034e+06,2.034e+06,630078,898632,1.6e+09,8,19168,153,36,19160,689,12,4816,57,348,19176,6673,196,19168,3756,192,4816,924,80,,,,,,,85.3659,35.7143,24.3902,73.8095,95.122,90
599451,57500,57500,54500,57500,51000,54500,56500,0,1.4025e+08,1.998e+06,2.035e+06,2.035e+06,1.998e+06,1.998e+06,1.999e+06,630078,898632,1.6e+09,8,19168,153,36,19160,689,12,4816,57,344,19176,6596,196,19168,3756,188,4816,905,80,,,,,,,89.4231,35.9223,9.61538,84.6154,92.381,81.9048
600244,57500,57500,55000,57500,51000,54500,56500,0,1.4025e+08,2.033e+06,2.036e+06,2.035e+06,2.038e+06,2.041e+06,2.04e+06,630078,909375,1.6e+09,8,19168,153,36,19160,689,12,4816,57,330,19176,6328,184,19168,3526,184,4816,886,80,,,,,,,86.25,30.3797,12.5,81.0127,93.6709,86.0759
601055,57500,57500,55000,57500,51000,54500,56500,0,1.4025e+08,1.998e+06,2.034e+06,2.034e+06,1.997e+06,1.999e+06,1.998e+06,630078,898632,1.6e+09,8,19168,153,36,19160,689,12,4816,57,338,19176,6481,188,19168,3603,192,4816,924,80,,,,,,,85.3659,36.25,18.75,85.1852,93.8272,80.4878
602969,58000,58000,54500,58000,51000,54500,56500,0,1.4025e+08,2.033e+06,2.034e+06,2.035e+06,2.026e+06,2.037e+06,2.038e+06,630078,909375,1.6e+09,8,19168,153,36,19160,689,12,4816,57,334,19176,6404,184,19168,3526,184,4816,886,80,,,,,,,88.5417,34.555,13.5417,83.1579,93.1937,84.375
603510,57500,57500,55000,57500,51000,54500,56500,0,1.4025e+08,2.035e+06,2.035e+06,2.034e+06,2.035e+06,2.035e+06,2.034e+06,630078,917968,1.6e+09,8,19168,153,36,19160,689,12,4816,57,338,19176,6481,188,19168,3603,192,4816,924,80,,,,,,,87.037,35.1852,16.9811,98.1481,94.4444,79.2453
604950,58000,58000,54500,58000,51000,54500,56500,0,1.4025e+08,2.042e+06,2.035e+06,2.036e+06,2.035e+06,2.037e+06,2.044e+06,630078,909375,1.6e+09,8,19168,153,36,19160,689,12,4816,57,348,19176,6673,200,19168,3833,188,4816,905,80,,,,,,,88.9655,37.931,13.8889,83.2168,93.75,84.0278
605783,57500,57500,55000,57500,51000,54500,56500,0,1.4025e+08,2.037e+06,2.035e+06,2.035e+06,2.033e+06,2.037e+06,2.043e+06,630078,909375,1.6e+09,8,19168,153,36,19160,689,12,4816,57,328,19176,6289,180,19168,3450,184,4816,886,80,,,,,,,86.5854,27.7108,12.0482,78.3133,92.8571,86.5854
606766,57500,57500,55000,57500,51000,54500,56500,0,1.4025e+08,1.996e+06,2.035e+06,2.034e+06,1.997e+06,1.998e+06,1.996e+06,630078,898632,1.6e+09,8,19168,153,36,19160,689,12,4816,57,336,19176,6443,184,19168,3603,192,4816,924,80,,,,,,,84.8485,36,19.1919,87.8788,93.8776,78
607308,57500,57500,55000,57500,51000,54500,56500,0,1.4025e+08,2.035e+06,2.035e+06,2.035e+06,2.036e+06,2.04e+06,2.033e+06,630078,909375,1.6e+09,8,19168,153,36,19160,689,12,4816,57,352,19176,6749,200,19168,3833,196,4816,943,80,,,,,,,88.8889,40.3846,22.2222,81.4815,94.4444,88.6792
608653,57500,57500,55000,57500,51000,54500,56200,0,1.4025e+08,2.035e+06,2.035e+06,2.034e+06,2.036e+06,2.036e+06,2.036e+06,630078,909375,1.6e+09,8,19168,153,36,19160,689,12,4816,57,338,19176,6481,188,19168,3603,188,4816,905,80,,,,,,,87.3134,33.3333,11.9403,83.5821,93.2836,82.8358
609454,57500,57500,55000,57500,51000,54500,56500,124,1.4025e+08,2.035e+06,2.036e+06,2.035e+06,2.036e+06,2.034e+06,2.035e+06,630078,917968,1.6e+09,8,19168,153,36,19160,689,12,4816,57,348,19176,6673,196,19168,3756,192,4816,924,80,,,,,,,88.8889,34.1772,17.5,86.25,95,85.1852
610917,57500,57500,55000,57500,51000,54500,56500,0,1.4025e+08,2.035e+06,2.035e+06,2.035e+06,2.035e+06,2.035e+06,2.034e+06,630078,917968,1.6e+09,8,19168,153,36,19160,689,12,4816,57,336,19176,6443,184,19168,3526,192,4816,924,80,,,,,,,86.3014,33.5616,13.1034,84.8276,92.4658,80.8219
611114,57000,57000,55000,57000,51000,54500,56500,0,1.4025e+08,2.038e+06,2.034e+06,2.034e+06,2.042e+06,2.042e+06,2.038e+06,630078,909375,1.6e+09,8,19168,153,36,19160,689,12,4816,57,340,19176,6519,188,19168,3603,192,4816,924,80,,,,,,,100,47.3684,0,100,94.7368,90
612945,57500,57500,55000,57500,51000,54500,56500,0,1.4025e+08,1.998e+06,2.034e+06,2.036e+06,1.996e+06,1.998e+06,1.998e+06,630078,898632,1.6e+09,8,19168,153,36,19160,689,12,4816,57,342,19176,6558,192,19168,3680,192,4816,924,80,,,,,,,87.3626,33.3333,16.3934,82.0652,94.0217,83.5165
613342,57500,57500,55000,57500,51000,54500,56500,0,1.4025e+08,2.035e+06,2.036e+06,2.035e+06,2.036e+06,2.036e+06,2.034e+06,630078,917968,1.6e+09,8,19168,153,36,19160,689,12,4816,57,332,19176,6366,184,19168,3526,184,4816,886,80,,,,,,,87.5,37.5,0,75,89.4737,90.2439
614375,57500,57500,55000,57500,51000,54500,56300,0,1.4025e+08,2.036e+06,2.033e+06,2.034e+06,2.035e+06,2.035e+06,2.034e+06,630078,917968,1.6e+09,8,19168,153,36,19160,689,12,4816,57,340,19176,6519,188,19168,3603,192,4816,924,80,,,,,,,85.4369,34.3137,20.1923,89.1089,94.2308,78.6408
615295,58000,58000,54500,58000,51000,54500,56500,0,1.4025e+08,2.035e+06,2.036e+06,2.034e+06,2.037e+06,2.033e+06,2.038e+06,630078,898632,1.6e+09,8,19168,153,36,19160,689,12,4816,57,348,19176,6673,200,19168,3833,188,4816,905,80,,,,,,,90.2174,39.7849,10.8696,84.9462,93.4066,85.8696
616256,57500,57500,55000,57500,51000,54500,56300,188,1.4025e+08,2.041e+06,2.035e+06,2.035e+06,2.04e+06,2.041e+06,2.039e+06,630078,909375,1.6e+09,8,19168,153,36,19160,689,12,4816,57,344,19176,6634,196,19168,3756,192,4816,924,80,,,,,,,85.4167,32.2917,18.75,81.25,93.75,83.1579
617079,57500,57500,54500,57500,51000,54500,56500,0,1.4025e+08,2.035e+06,2.035e+06,2.035e+06,2.035e+06,2.034e+06,2.036e+06,630078,917968,1.6e+09,8,19168,153,36,19160,689,12,4816,57,342,19176,6558,192,19168,3680,192,4816,924,80,,,,,,,89.1566,31.7073,14.6341,86.5854,95.122,83.1325
618803,58000,58000,54500,58000,51000,54500,56500,0,1.4025e+08,1.997e+06,2.035e+06,2.034e+06,1.996e+06,2e+06,1.998e+06,630078,909375,1.6e+09,8,19168,153,36,19160,689,12,4816,57,342,19176,6519,192,19168,3680,188,4816,905,80,,,,,,,88.4393,36.0465,11.6279,82.5581,93.0233,84.3023
619855,57500,57500,55000,57500,51000,54500,56300,187,1.4025e+08,1.999e+06,2.035e+06,2.035e+06,1.996e+06,1.997e+06,1.996e+06,630078,898632,1.6e+09,8,19168,153,36,19160,689,12,4816,57,340,19176,6519,188,19168,3603,192,4816,924,80,,,,,,,85.5769,32.381,19.0476,87.5,94.2857,80.9524
620234,57500,57500,55000,57500,51000,54500,56500,0,1.4025e+08,2.035e+06,2.034e+06,2.036e+06,2.034e+06,2.035e+06,2.034e+06,630078,917968,1.6e+09,8,19168,153,36,19160,689,12,4816,57,332,19176,6366,184,19168,3526,184,4816,886,80,,,,,,,89.4737,36.8421,0,73.6842,89.4737,92.1053
621200,57500,57500,55000,57500,51000,54500,56500,0,1.4025e+08,1.998e+06,2.035e+06,2.035e+06,1.998e+06,1.998e+06,2.001e+06,630078,898632,1.6e+09,8,19168,153,36,19160,689,12,4816,57,346,19176,6634,196,19168,3680,192,4816,924,80,,,,,,,87.7551,34.375,19.7917,87.6289,95.8333,82.4742
622932,57500,57500,55000,57500,51000,54500,56300,0,1.4025e+08,2.033e+06,2.034e+06,2.035e+06,2.03e+06,2.037e+06,2.037e+06,630078,909375,1.6e+09,8,19168,153,36,19160,689,12,4816,57,342,19176,6558,192,19168,3680,188,4816,905,80,,,,,,,88.3721,35.8382,12.7168,83.237,92.4855,83.1395
623568,57500,57500,55000,57500,51000,54250,56500,0,1.4025e+08,1.998e+06,2.035e+06,2.034e+06,1.999e+06,1.998e+06,1.998e+06,630078,898632,1.6e+09,8,19168,153,36,19160,689,12,4816,57,348,19176,6673,196,19168,3833,188,4816,905,80,,,,,,,85.9375,36.5079,15.625,91.9355,93.75,82.5397
624203,57000,57000,55000,57000,51000,54500,56500,0,1.4025e+08,2.034e+06,2.035e+06,2.035e+06,2.038e+06,2.039e+06,2.038e+06,630078,909375,1.6e+09,8,19168,153,36,19160,689,12,4816,57,336,19176,6443,188,19168,3603,192,4816,924,80,,,,,,,85.9375,29.6875,15.873,84.6154,92.1875,81.25
625272,57500,57500,54500,57500,51000,54500,56200,0,1.4025e+08,2.034e+06,2.034e+06,2.036e+06,2.034e+06,2.035e+06,2.035e+06,630078,909375,1.6e+09,8,19168,153,36,19160,689,12,4816,57,354,19176,6788,200,19168,3833,196,4816,943,80,,,,,,,85.9813,37.7358,18.0952,81.1321,95.283,85.0467
626823,57000,57000,55000,57000,51000,54500,56500,0,1.4025e+08,2.035e+06,2.034e+06,2.035e+06,2.035e+06,2.034e+06,2.036e+06,630078,917968,1.6e+09,8,19168,153,36,19160,689,12,4816,57,344,19176,6596,192,19168,3680,192,4816,924,80,,,,,,,87.0968,34.1935,12.9032,85.8065,92.9487,81.9355
627433,57500,57500,55000,57500,51000,54500,56500,0,1.4025e+08,1.997e+06,2.036e+06,2.035e+06,1.998e+06,1.998e+06,1.998e+06,630078,898632,1.6e+09,8,19168,153,36,19160,689,12,4816,57,342,19176,6558,192,19168,3680,192,4816,924,80,,,,,,,90.3226,29.5082,16.3934,83.3333,95,85.4839
628264,57500,57500,54500,57500,51000,54500,56300,0,1.4025e+08,2.035e+06,2.034e+06,2.035e+06,2.034e+06,2.035e+06,2.035e+06,630078,917968,1.6e+09,8,19168,153,36,19160,689,12,4816,57,340,19176,6519,188,19168,3603,192,4816,924,80,,,,,,,86.5854,37.3494,12.0482,86.747,93.9759,82.9268
629226,57500,57500,55000,57500,51000,54500,56500,0,1.4025e+08,2.035e+06,2.035e+06,2.035e+06,2.032e+06,2.044e+06,2.039e+06,630078,909375,1.6e+09,8,19168,153,36,19160,689,12,4816,57,330,19176,6328,180,19168,3450,184,4816,886,80,,,,,,,89.5833,32.6316,10.4167,77.8947,91.6667,86.4583
630884,57500,57500,54500,57500,51000,54500,56500,0,1.4025e+08,2.035e+06,2.034e+06,2.034e+06,2.034e+06,2.037e+06,2.035e+06,630078,887890,1.6e+09,8,19168,153,36,19160,689,12,4816,57,342,19176,6558,192,19168,3680,192,4816,924,80,,,,,,,86.747,34.5455,18.0723,86.5854,94.5455,81.9277
631508,57500,57500,55000,57500,51000,54500,56500,0,1.4025e+08,2.034e+06,2.035e+06,2.034e+06,2.035e+06,2.035e+06,2.034e+06,630078,898632,1.6e+09,8,19168,153,36,19160,689,12,4816,57,350,19176,6711,196,19168,3756,192,4816,924,80,,,,,,,87.0968,39.6825,17.7419,81.25,93.5484,84.375
632278,57500,57500,55000,57500,51000,54500,56500,187,1.4025e+08,2.031e+06,2.035e+06,2.035e+06,2.03e+06,2.03e+06,2.03e+06,630078,909375,1.6e+09,8,19168,153,36,19160,689,12,4816,57,340,19176,6519,188,19168,3603,192,4816,924,80,,,,,,,87.013,30.2632,12.8205,86.8421,93.5897,81.5789
633855,57500,57500,55000,57500,51000,54500,56500,0,1.4025e+08,2.037e+06,2.035e+06,2.035e+06,2.045e+06,2.041e+06,2.039e+06,630078,909375,1.6e+09,8,19168,153,36,19160,689,12,4816,57,334,19176,6404,184,19168,3526,192,4816,924,80,,,,,,,88.0503,35.443,12.1795,85.443,92.3077,83.4395
634018,57500,57500,54500,57500,51000,54500,56500,0,1.4025e+08,1.997e+06,2.035e+06,2.035e+06,1.996e+06,1.999e+06,1.999e+06,630078,898632,1.6e+09,8,19168,153,36,19160,689,12,4816,57,336,19176,6443,188,19168,3603,184,4816,886,80,,,,,,,93.3333,40,5.88235,46.6667,93.75,100
635226,57500,57500,55000,57500,51000,54250,56300,0,1.4025e+08,2.03e+06,2.034e+06,2.034e+06,2.033e+06,2.037e+06,2.035e+06,630078,898632,1.6e+09,8,19168,153,36,19160,689,12,4816,57,334,19176,6404,184,19168,3526,192,4816,924,80,,,,,,,87.0968,34.1463,18.3333,90.1639,94.3089,85.2459
636634,57500,57500,54500,57500,51000,54500,56500,0,1.4025e+08,1.997e+06,2.035e+06,2.034e+06,1.998e+06,1.998e+06,1.998e+06,630078,898632,1.6e+09,8,19168,153,36,19160,689,12,4816,57,338,19176,6481,188,19168,3603,192,4816,924,80,,,,,,,87.8571,34.7826,13.6691,84.1727,93.5252,83.5714
637783,57500,57500,54500,57500,51000,54500,56300,0,1.4025e+08,2.035e+06,2.035e+06,2.035e+06,2.034e+06,2.035e+06,2.034e+06,630078,917968,1.6e+09,8,19168,153,36,19160,689,12,4816,57,342,19176,6558,192,19168,3680,192,4816,924,80,,,,,,,86.7257,34.7826,19.1304,81.5789,94.7368,84.2105
638536,57500,57500,55000,57500,51000,54500,56300,0,1.4025e+08,1.997e+06,2.034e+06,2.034e+06,1.999e+06,1.999e+06,1.998e+06,630078,898632,1.6e+09,8,19168,153,36,19160,689,12,4816,57,340,19176,6519,188,19168,3603,192,4816,924,80,,,,,,,85.5263,36.8421,13.1579,85.5263,92.1053,80.5195
639286,57500,57500,55000,57500,51000,54500,56500,0,1.4025e+08,2.036e+06,2.036e+06,2.034e+06,2.032e+06,2.034e+06,2.036e+06,630078,909375,1.6e+09,8,19168,153,36,19160,689,12,4816,57,344,19176,6596,192,19168,3680,192,4816,924,80,,,,,,,88,35.1351,13.3333,85.3333,93.3333,84.9315
640235,58000,58000,55000,58000,51000,54500,56300,0,1.4025e+08,1.997e+06,2.034e+06,2.036e+06,1.995e+06,1.997e+06,1.998e+06,630078,898632,1.6e+09,8,19168,153,36,19160,689,12,4816,57,334,19176,6404,188,19168,3603,184,4816,886,80,,,,,,,89.4737,35.4167,11.5789,78.4946,92.6316,86.3158
641449,57000,57000,55000,57000,51000,54500,56200,0,1.4025e+08,1.998e+06,2.035e+06,2.034e+06,1.999e+06,1.996e+06,1.998e+06,630078,898632,1.6e+09,8,19168,153,36,19160,689,12,4816,57,336,19176,6443,184,19168,3526,192,4816,924,80,,,,,,,86.8852,34.1667,15.8333,89.3443,93.3884,80.4878
642399,57500,57500,55000,57500,51000,54500,56300,0,1.4025e+08,1.998e+06,2.035e+06,2.035e+06,1.996e+06,1.998e+06,1.998e+06,630078,898632,1.6e+09,8,19168,153,36,19168,690,12,4816,57,320,19184,6138,172,19168,3296,180,4816,866,80,,,,,,,86.3158,32.2917,10.5263,78.9474,94.6809,84.0426
643180,57500,57500,55000,57500,51000,54500,56300,0,1.4025e+08,2.038e+06,2.034e+06,2.035e+06,2.032e+06,2.033e+06,2.035e+06,630078,909375,1.6e+09,8,19168,153,36,19160,689,12,4816,57,350,19176,6711,200,19168,3833,196,4816,943,80,,,,,,,87.3418,42.3077,24.359,84.6154,93.6709,84.6154
644789,57000,57000,55000,57000,51000,54500,56500,0,1.4025e+08,2.035e+06,2.035e+06,2.034e+06,2.035e+06,2.035e+06,2.035e+06,630078,917968,1.6e+09,8,19168,153,36,19160,689,12,4816,57,346,19176,6634,196,19168,3756,192,4816,924,80,,,,,,,87.5776,34.375,13.125,86.875,93.75,82.0988
645772,57500,57500,55000,57500,51000,54500,56500,0,1.4025e+08,2.063e+06,2.035e+06,2.035e+06,2.035e+06,2.034e+06,2.034e+06,630078,917968,1.6e+09,8,19168,153,36,19160,689,12,4816,57,330,19176,6328,184,19168,3526,184,4816,886,80,,,,,,,89.7959,32.6531,10.2041,77.7778,91.9192,86.5979
646473,57500,57500,55000,57500,51000,54500,56500,0,1.4025e+08,2.04e+06,2.035e+06,2.036e+06,2.033e+06,2.039e+06,2.039e+06,630078,909375,1.6e+09,8,19168,153,36,19160,689,12,4816,57,332,19176,6366,184,19168,3526,184,4816,886,80,,,,,,,87.1429,34.2857,15.7143,85.2941,94.1176,84.2857
647044,57500,57500,55000,57500,51000,54500,56500,0,1.4025e+08,1.998e+06,2.036e+06,2.035e+06,1.998e+06,1.998e+06,1.998e+06,630078,898632,1.6e+09,8,19168,153,36,19160,689,12,4816,57,346,19176,6634,196,19168,3756,188,4816,905,80,,,,,,,87.931,42.8571,17.5439,91.2281,94.8276,79.3103
648851,57000,57000,55000,57000,51000,54250,56500,0,1.4025e+08,2.029e+06,2.034e+06,2.036e+06,2.027e+06,2.027e+06,2.03e+06,630078,909375,1.6e+09,8,19168,153,36,19160,689,12,4816,57,336,19176,6443,184,19168,3526,192,4816,924,80,,,,,,,85.6354,31.4917,16.1111,83.9779,93.3333,82.1229
649275,57500,57500,55000,57500,51000,54500,56500,0,1.4025e+08,1.998e+06,2.035e+06,2.034e+06,1.997e+06,1.996e+06,1.996e+06,630078,898632,1.6e+09,8,19168,153,36,19160,689,12,4816,57,326,19184,6253,180,19168,3450,184,4816,886,80,,,,,,,92.8571,37.2093,4.54545,78.5714,92.8571,90.9091
650899,57500,57500,55000,57500,51000,54500,56500,0,1.4025e+08,2.04e+06,2.034e+06,2.036e+06,2.036e+06,2.042e+06,2.038e+06,630078,909375,1.6e+09,8,19168,153,36,19160,689,12,4816,57,342,19176,6558,192,19168,3680,192,4816,924,80,,,,,,,87.6543,34.7826,18.5185,85.8896,94.4785,82.716
651085,57500,57500,55000,57500,51000,54500,56500,0,1.4025e+08,2.032e+06,2.035e+06,2.035e+06,2.033e+06,2.035e+06,2.035e+06,630078,909375,1.6e+09,8,19168,153,36,19160,689,12,4816,57,336,19176,6443,184,19168,3526,192,4816,924,80,,,,,,,84.2105,36.8421,0,100,88.8889,83.3333
652473,57500,57500,55000,57500,51000,54500,56500,0,1.4025e+08,1.996e+06,2.035e+06,2.036e+06,1.996e+06,1.996e+06,1.997e+06,630078,898632,1.6e+09,8,19168,153,36,19160,689,12,4816,57,334,19176,6404,184,19168,3526,192,4816,924,80,,,,,,,87.7698,35.2518,15.1079,83.9416,92.8058,82.7338
653831,57500,57500,55000,57500,51000,54250,56500,0,1.4025e+08,2.034e+06,2.035e+06,2.035e+06,2.032e+06,2.033e+06,2.035e+06,630078,909375,1.6e+09,8,19168,153,36,19160,689,12,4816,57,338,19176,6481,188,19168,3603,192,4816,924,80,,,,,,,87.4074,34.8148,14.0741,83.8235,94.8148,84.5588
654651,57500,57500,55000,57500,51000,54250,56500,0,1.4025e+08,2.041e+06,2.035e+06,2.034e+06,2.033e+06,2.042e+06,2.044e+06,630078,909375,1.6e+09,8,19168,153,36,19160,689,12,4816,57,346,19176,6634,196,19168,3756,188,4816,905,80,,,,,,,89.0244,39.0244,12.1951,80.4878,92.6829,82.9268
655669,58000,58000,55000,58000,51000,54500,56500,0,1.4025e+08,2.034e+06,2.034e+06,2.034e+06,2.03e+06,2.037e+06,2.036e+06,630078,909375,1.6e+09,8,19168,153,36,19160,689,12,4816,57,350,19176,6711,200,19168,3756,192,4816,924,80,,,,,,,85.4369,33,20.5882,84.1584,94.0594,84.3137
656099,57500,57500,55000,57500,51000,54500,56500,0,1.4025e+08,2.033e+06,2.036e+06,2.035e+06,2.029e+06,2.039e+06,2.035e+06,630078,909375,1.6e+09,8,19168,153,36,19160,689,12,4816,57,334,19176,6404,188,19168,3603,184,4816,886,80,,,,,,,90.4762,33.3333,0,76.1905,90.6977,83.7209
657473,57500,57500,55000,57500,51000,54250,56500,0,1.4025e+08,2.035e+06,2.036e+06,2.036e+06,2.03e+06,2.038e+06,2.041e+06,630078,909375,1.6e+09,8,19168,153,36,19160,689,12,4816,57,334,19176,6404,188,19168,3603,184,4816,886,80,,,,,,,87.5912,35.0365,14.5985,84.058,93.4307,83.2117
658100,57500,57500,55000,57500,51000,54500,56200,0,1.4025e+08,2.033e+06,2.036e+06,2.035e+06,2.029e+06,2.036e+06,2.039e+06,630078,909375,1.6e+09,8,19168,153,36,19160,689,12,4816,57,348,19176,6673,200,19168,3833,188,4816,905,80,,,,,,,87.5,39.0625,17.4603,90.4762,95.1613,82.5397
659362,57500,57500,55000,57500,51000,54500,56800,0,1.4025e+08,2.035e+06,2.035e+06,2.035e+06,2.032e+06,2.04e+06,2.035e+06,630078,909375,1.6e+09,8,19168,153,36,19160,689,12,4816,57,338,19176,6481,188,19168,3603,192,4816,924,80,,,,,,,86.5079,31.746,15.873,87.2,93.6508,82.5397
660698,57500,57500,55000,57500,51000,54250,56500,0,1.4025e+08,2.035e+06,2.036e+06,2.036e+06,2.034e+06,2.036e+06,2.036e+06,630078,909375,1.6e+09,8,19168,153,36,19160,689,12,4816,57,342,19176,6558,192,19168,3680,192,4816,924,80,,,,,,,87.218,36.0902,14.3939,83.4586,93.985,82.8358
661982,57000,57000,55000,57000,51000,54500,56500,0,1.4025e+08,2.03e+06,2.035e+06,2.034e+06,2.034e+06,2.033e+06,2.033e+06,630078,909375,1.6e+09,8,19168,153,36,19160,689,12,4816,57,340,19176,6519,188,19168,3603,192,4816,924,80,,,,,,,86.8217,34.375,16.2791,82.8125,93.0233,82.6772
662869,57500,57500,54500,57500,51000,54500,56300,0,1.4025e+08,1.997e+06,2.033e+06,2.034e+06,1.996e+06,1.996e+06,1.996e+06,630078,898632,1.6e+09,8,19168,153,36,19160,689,12,4816,57,342,19176,6558,192,19168,3680,188,4816,905,80,,,,,,,90,36.3636,10.3448,86.5169,93.2584,85.3933
663974,57500,57500,55000,57500,51000,54500,56500,0,1.4025e+08,2.038e+06,2.034e+06,2.035e+06,2.036e+06,2.04e+06,2.038e+06,630078,909375,1.6e+09,8,19168,153,36,19160,689,12,4816,57,348,19176,6634,196,19168,3756,192,4816,924,80,,,,,,,87.037,32.7273,18.018,81.8182,94.5455,84.6847
664834,57500,57500,55000,57500,51000,54500,56300,0,1.4025e+08,2.034e+06,2.036e+06,2.036e+06,2.029e+06,2.033e+06,2.036e+06,630078,909375,1.6e+09,8,19168,153,36,19160,689,12,4816,57,342,19176,6558,192,19168,3680,192,4816,924,80,,,,,,,86.3636,36.4706,12.7907,87.0588,92.9412,82.1429
665886,57000,57000,55000,57000,51000,54500,56500,0,1.4025e+08,2.035e+06,2.035e+06,2.036e+06,2.03e+06,2.036e+06,2.032e+06,630078,909375,1.6e+09,8,19168,153,36,19160,689,12,4816,57,324,19184,6215,176,19168,3373,184,4816,886,80,,,,,,,86.6667,31.4286,11.4286,79.0476,93.3333,83.0189
666200,57500,57500,54500,57500,51000,54250,56500,0,1.4025e+08,2.041e+06,2.035e+06,2.036e+06,2.032e+06,2.035e+06,2.034e+06,630078,909375,1.6e+09,8,19168,153,36,19160,689,12,4816,57,344,19176,6596,192,19168,3680,192,4816,924,80,,,,,,,90.625,46.875,25,100,93.75,84.375
667466,57500,57500,55000,57500,51000,54500,56300,0,1.4025e+08,2.027e+06,2.035e+06,2.034e+06,2.027e+06,2.027e+06,2.027e+06,630078,909375,1.6e+09,8,19168,153,36,19160,689,12,4816,57,340,19176,6519,188,19168,3603,192,4816,924,80,,,,,,,87.3016,32.5397,16,82.5397,94.4444,82.5397
668667,57000,57000,55000,57000,51000,54500,56500,0,1.4025e+08,2.032e+06,2.034e+06,2.035e+06,2.035e+06,2.038e+06,2.035e+06,630078,909375,1.6e+09,8,19168,153,36,19160,689,12,4816,57,332,19176,6366,184,19168,3526,188,4816,905,80,,,,,,,86.6667,35,11.6667,81.5126,92.5,84.1667
669735,57500,57500,54500,57500,51000,54500,56200,0,1.4025e+08,2.035e+06,2.034e+06,2.034e+06,2.039e+06,2.036e+06,2.039e+06,630078,909375,1.6e+09,8,19168,153,36,19160,689,12,4816,57,334,19176,6404,184,19168,3526,192,4816,924,80,,,,,,,89.7196,34.9057,14.1509,89.7196,92.5234,83.1776
670750,57000,57000,55000,57000,51000,54500,56500,36,1.4025e+08,2.031e+06,2.034e+06,2.036e+06,2.033e+06,2.031e+06,2.032e+06,630078,909375,1.6e+09,8,19168,153,36,19160,689,12,4816,57,338,19176,6481,188,19168,3603,188,4816,905,80,,,,,,,86,35.6436,16.6667,79,95.0495,85.1485
671900,57500,57500,55000,57500,51000,54500,56500,0,1.4025e+08,2.037e+06,2.034e+06,2.034e+06,2.038e+06,2.045e+06,2.042e+06,630078,909375,1.6e+09,8,19168,153,36,19160,689,12,4816,57,344,19176,6596,196,19168,3756,188,4816,905,80,,,,,,,89.7436,37.3913,12.2807,86.2069,93.0435,83.6207
672179,57500,57500,55000,57500,51000,54500,56500,0,1.4025e+08,2.036e+06,2.035e+06,2.035e+06,2.035e+06,2.041e+06,2.037e+06,630078,909375,1.6e+09,8,19168,153,36,19160,689,12,4816,57,354,19176,6788,204,19168,3910,196,4816,943,80,,,,,,,81.4815,32.1429,35.7143,79.3103,96.2963,81.4815
673148,57500,57500,55000,57500,51000,54500,56200,0,1.4025e+08,2.035e+06,2.035e+06,2.035e+06,2.035e+06,2.035e+06,2.034e+06,630078,917968,1.6e+09,8,19168,153,36,19160,689,12,4816,57,342,19176,6558,188,19168,3603,196,4816,943,80,,,,,,,88.7755,32.2917,10.4167,88.4211,93.8144,83.5052
674080,57500,57500,55000,57500,51000,54250,56200,0,1.4025e+08,2.036e+06,2.036e+06,2.035e+06,2.036e+06,2.038e+06,2.042e+06,630078,909375,1.6e+09,8,19168,153,36,19160,689,12,4816,57,330,19176,6328,184,19168,3526,184,4816,886,80,,,,,,,89.2473,34.0426,10.6383,78.4946,92.3913,86.1702
675967,57500,57500,55000,57500,51000,54500,56500,0,1.4025e+08,1.998e+06,2.035e+06,2.034e+06,1.998e+06,1.999e+06,1.998e+06,630078,898632,1.6e+09,8,19168,153,36,19160,689,12,4816,57,340,19176,6519,188,19168,3603,192,4816,924,80,,,,,,,87.1658,35.6383,15.508,87.3016,93.617,81.4815
676919,57000,57000,55000,57000,51000,54500,56500,0,1.4025e+08,1.998e+06,2.036e+06,2.035e+06,1.998e+06,1.997e+06,1.999e+06,630078,898632,1.6e+09,8,19168,153,36,19160,689,12,4816,57,322,19184,6177,176,19168,3373,184,4816,886,80,,,,,,,84.5361,31.5789,13.6842,78.4946,93.75,82.9787
677552,57500,57500,55000,57500,51000,54250,56500,0,1.4025e+08,2.036e+06,2.035e+06,2.034e+06,2.034e+06,2.035e+06,2.034e+06,630078,917968,1.6e+09,8,19168,153,36,19160,689,12,4816,57,326,19184,6253,180,19168,3450,184,4816,886,80,,,,,,,92.0635,35.9375,13.8462,84.375,92.1875,89.0625
678010,57500,57500,55000,57500,51000,54500,56500,0,1.4025e+08,1.994e+06,2.034e+06,2.034e+06,1.998e+06,1.997e+06,1.998e+06,630078,898632,1.6e+09,8,19168,153,36,19160,689,12,4816,57,334,19176,6404,184,19168,3526,192,4816,924,80,,,,,,,86.6667,35.5556,20.4545,95.6522,93.3333,75.5556
679769,57500,57500,55000,57500,51000,54500,56500,0,1.4025e+08,2.034e+06,2.034e+06,2.035e+06,2.035e+06,2.033e+06,2.036e+06,630078,917968,1.6e+09,8,19168,153,36,19160,689,12,4816,57,352,19176,6749,200,19168,3833,196,4816,943,80,,,,,,,86.5169,36.9318,16.5714,81.7143,94.3182,84.0909
680824,57500,57500,54500,57500,51000,54500,56500,0,1.4025e+08,2.038e+06,2.034e+06,2.034e+06,2.043e+06,2.046e+06,2.042e+06,630078,909375,1.6e+09,8,19168,153,36,19160,689,12,4816,57,346,19176,6634,196,19168,3756,188,4816,905,80,,,,,,,89.4231,33.6538,11.3208,88.6792,92.4528,83.0189
681907,57500,57500,55000,57500,51000,54500,56300,0,1.4025e+08,2.032e+06,2.034e+06,2.035e+06,2.028e+06,2.034e+06,2.039e+06,630078,909375,1.6e+09,8,19168,153,36,19160,689,12,4816,57,348,19176,6673,196,19168,3756,192,4816,924,80,,,,,,,86.2385,33.3333,17.757,81.3084,94.3925,85.0467
682853,57500,57500,55000,57500,51000,54500,56500,0,1.4025e+08,1.999e+06,2.034e+06,2.034e+06,1.999e+06,2.017e+06,2.044e+06,630078,917968,1.6e+09,8,19168,153,36,19160,689,12,4816,57,336,19176,6443,184,19168,3526,192,4816,924,80,,,,,,,88.2979,34.0426,12.6316,87.3684,92.5532,81.0526
683297,57500,57500,55000,57500,51000,54250,56300,0,1.4025e+08,1.998e+06,2.035e+06,2.034e+06,1.997e+06,1.997e+06,1.998e+06,630078,898632,1.6e+09,8,19168,153,36,19160,689,8,4816,38,346,19176,6634,196,19168,3756,192,4816,924,80,,,,,,,86.3636,33.3333,22.7273,77.2727,97.7778,88.8889
684735,57500,57500,54500,57500,51000,54250,56500,0,1.4025e+08,2.035e+06,2.035e+06,2.034e+06,2.036e+06,2.036e+06,2.035e+06,630078,917968,1.6e+09,8,19168,153,36,19160,689,12,4816,57,334,19176,6404,184,19168,3526,192,4816,924,80,,,,,,,86.2069,33.5664,13.2867,84.7222,92.3611,80
685502,57000,57000,55000,57000,51000,54500,56000,0,1.4025e+08,2.035e+06,2.035e+06,2.036e+06,2.035e+06,2.036e+06,2.035e+06,630078,917968,1.6e+09,8,19168,153,36,19160,689,12,4816,57,346,19176,6634,196,19168,3756,192,4816,924,80,,,,,,,88.3117,40.2597,15.5844,86.8421,94.6667,85.7143
686965,57500,57500,55000,57500,51000,54250,56500,0,1.4025e+08,2.034e+06,2.035e+06,2.035e+06,2.035e+06,2.034e+06,2.035e+06,630078,917968,1.6e+09,8,19168,153,36,19160,689,12,4816,57,336,19176,6443,184,19168,3526,192,4816,924,80,,,,,,,88.3562,32.8767,13.6986,85.034,93.1973,84.1379
687834,57500,57500,54500,57500,51000,54250,56500,0,1.4025e+08,2.035e+06,2.035e+06,2.035e+06,2.04e+06,2.04e+06,2.041e+06,630078,909375,1.6e+09,8,19168,153,36,19160,689,12,4816,57,334,19176,6404,184,19168,3526,184,4816,886,80,,,,,,,87.3563,35.2941,10.4651,75.5814,91.954,85.2273
688974,57500,57500,55000,57500,51000,54500,56300,0,1.4025e+08,2.029e+06,2.035e+06,2.035e+06,2.035e+06,2.034e+06,2.034e+06,630078,917968,1.6e+09,8,19168,153,36,19160,689,12,4816,57,342,19176,6558,192,19168,3680,192,4816,924,80,,,,,,,86.9565,35.6522,17.5439,90.2655,94.7368,81.4159
689064,57500,57500,55000,57500,51000,54500,56300,0,1.4025e+08,2.04e+06,2.035e+06,2.034e+06,2.042e+06,2.041e+06,2.041e+06,630078,909375,1.6e+09,8,19168,153,36,19160,689,12,4816,57,336,19176,6443,184,19168,3526,192,4816,924,80,,,,,,,100,12.5,0,88.8889,87.5,80
690194,57500,57500,54500,57500,51000,54250,56500,0,1.4025e+08,2.035e+06,2.035e+06,2.035e+06,2.034e+06,2.035e+06,2.034e+06,630078,917968,1.6e+09,8,19168,153,36,19160,689,12,4816,57,348,19176,6634,196,19168,3756,192,4816,924,80,,,,,,,86.8421,35.0877,16.9643,81.4159,94.6903,85.7143
691670,57000,57000,55000,57000,51000,54500,56500,0,1.4025e+08,2.036e+06,2.035e+06,2.034e+06,2.04e+06,2.035e+06,2.033e+06,630078,909375,1.6e+09,8,19168,153,36,19160,689,12,4816,57,342,19176,6558,192,19168,3680,192,4816,924,80,,,,,,,86.3946,34.9315,14.2857,84.9315,92.5676,81.0811
692044,57500,57500,54500,57500,51000,54500,56500,0,1.4025e+08,1.997e+06,2.034e+06,2.035e+06,1.998e+06,1.998e+06,1.999e+06,630078,898632,1.6e+09,8,19168,153,36,19160,689,12,4816,57,326,19184,6253,180,19168,3450,184,4816,886,80,,,,,,,94.5946,28.9474,0,73.6842,94.4444,94.5946
693062,57000,57000,55000,57000,51000,54500,56300,0,1.4025e+08,2.036e+06,2.035e+06,2.035e+06,2.036e+06,2.034e+06,2.033e+06,630078,909375,1.6e+09,8,19168,153,36,19160,689,12,4816,57,344,19176,6596,192,19168,3680,192,4816,924,80,,,,,,,85.2941,37.6238,19.6078,88.2353,94.1176,79.4118
694643,57500,57500,55000,57500,51000,54250,56500,0,1.4025e+08,2.034e+06,2.034e+06,2.033e+06,2.033e+06,2.035e+06,2.034e+06,630078,917968,1.6e+09,8,19168,153,36,19160,689,12,4816,57,350,19176,6711,200,19168,3833,188,4816,905,80,,,,,,,89.2405,36.7089,12.7389,85.443,93.0818,84.1772
695877,57500,57500,55000,57500,51000,54500,56500,0,1.4025e+08,2.034e+06,2.035e+06,2.035e+06,2.034e+06,2.038e+06,2.036e+06,630078,909375,1.6e+09,8,19168,153,36,19160,689,12,4816,57,342,19176,6558,192,19168,3680,192,4816,924,80,,,,,,,85.6,32.2581,16.129,84.4262,94.3089,82.9268
696947,57000,57000,55000,57000,51000,54250,56300,0,1.4025e+08,1.998e+06,2.036e+06,2.035e+06,1.997e+06,1.999e+06,1.999e+06,630078,898632,1.6e+09,8,19168,153,36,19160,689,12,4816,57,330,19184,6330,180,19168,3450,188,4816,905,80,,,,,,,86.7925,32.0755,11.4286,79.4393,93.3962,83.1776
697841,57500,57500,55000,57500,51000,54500,56300,0,1.4025e+08,2.035e+06,2.035e+06,2.035e+06,2.036e+06,2.035e+06,2.035e+06,630078,917968,1.6e+09,8,19168,153,36,19160,689,12,4816,57,334,19176,6404,184,19168,3526,192,4816,924,80,,,,,,,86.6667,34.0909,19.7802,87.6404,93.2584,81.3187
698342,57000,57000,55000,57000,51000,54500,56300,0,1.4025e+08,1.998e+06,2.034e+06,2.035e+06,1.998e+06,1.998e+06,1.998e+06,630078,898632,1.6e+09,8,19168,153,36,19160,689,12,4816,57,334,19176,6404,184,19168,3526,188,4816,905,80,,,,,,,88.2353,37.2549,8.16327,78,94.1176,87.7551
699612,57500,57500,55000,57500,51000,54500,56500,1,1.4025e+08,2.04e+06,2.037e+06,2.034e+06,2.037e+06,2.036e+06,2.041e+06,630078,909375,1.6e+09,8,19168,153,36,19160,689,12,4816,57,330,19176,6328,184,19168,3450,184,4816,886,80,,,,,,,89.6825,34.6457,11.811,83.4646,92.9134,85.9375
700572,57500,57500,55000,57500,51000,54500,56500,0,1.4025e+08,2.034e+06,2.036e+06,2.035e+06,2.033e+06,2.039e+06,2.041e+06,630078,909375,1.6e+09,8,19168,153,36,19160,689,12,4816,57,344,19176,6596,192,19168,3680,192,4816,924,80,,,,,,,86.5979,35.7895,23.4694,87.5,94.7917,81.0526
701092,57000,57000,55000,57000,51000,54500,56500,0,1.4025e+08,2.033e+06,2.035e+06,2.035e+06,2.04e+06,2.037e+06,2.039e+06,630078,909375,1.6e+09,8,19168,153,36,19160,689,12,4816,57,330,19176,6366,184,19168,3526,188,4816,905,80,,,,,,,84.3137,34.6154,5.88235,78.8462,92.1569,81.1321
702512,57500,57500,55000,57500,51000,54250,56200,0,1.4025e+08,2.036e+06,2.035e+06,2.035e+06,2.036e+06,2.038e+06,2.039e+06,630078,909375,1.6e+09,8,19168,153,36,19160,689,12,4816,57,346,19176,6634,196,19168,3756,192,4816,924,80,,,,,,,87.4126,36.1702,16.9014,85.1064,93.662,83.6879
703750,57500,57500,55000,57500,51000,54500,56500,0,1.4025e+08,2.034e+06,2.035e+06,2.035e+06,2.027e+06,2.038e+06,2.042e+06,630078,909375,1.6e+09,8,19168,153,36,19160,689,12,4816,57,330,19184,6330,184,19168,3526,184,4816,886,80,,,,,,,90.2439,33.0645,9.83607,83.2,92.6829,85.4839
704239,57500,57500,55000,57500,51000,54250,56500,0,1.4025e+08,2.033e+06,2.035e+06,2.035e+06,2.037e+06,2.041e+06,2.037e+06,630078,909375,1.6e+09,8,19168,153,36,19160,689,12,4816,57,336,19176,6443,184,19168,3526,192,4816,924,80,,,,,,,85.4167,35.4167,18.75,97.9167,93.8776,77.0833
705590,57500,57500,55000,57500,51000,54250,56500,0,1.4025e+08,2.036e+06,2.035e+06,2.035e+06,2.033e+06,2.036e+06,2.037e+06,630078,909375,1.6e+09,8,19168,153,36,19160,689,12,4816,57,338,19176,6481,188,19168,3603,192,4816,924,80,,,,,,,87.4074,34.5588,14.8148,84.4444,94.8148,83.8235
706716,58000,58000,54500,58000,51000,54500,56500,0,1.4025e+08,2.035e+06,2.036e+06,2.036e+06,2.031e+06,2.038e+06,2.039e+06,630078,909375,1.6e+09,8,19168,153,36,19160,689,12,4816,57,352,19176,6749,200,19168,3833,196,4816,943,80,,,,,,,86.8421,36.9369,18.4211,80.7018,93.75,84.0708
707158,58000,58000,54500,58000,51000,54500,56500,0,1.4025e+08,2.036e+06,2.035e+06,2.035e+06,2.035e+06,2.034e+06,2.034e+06,630078,917968,1.6e+09,8,19168,153,36,19160,689,12,4816,57,334,19176,6404,184,19168,3526,184,4816,886,80,,,,,,,88.8889,31.8182,0,76.7442,88.8889,86.0465
708141,57500,57500,55000,57500,51000,54250,56300,0,1.4025e+08,2.036e+06,2.035e+06,2.036e+06,2.034e+06,2.037e+06,2.041e+06,630078,909375,1.6e+09,8,19168,153,36,19160,689,12,4816,57,346,19176,6634,196,19168,3756,192,4816,924,80,,,,,,,87.6289,34.3434,19.5876,88.7755,95.8763,82.8283
709725,57500,57500,55000,57500,51000,54500,56500,0,1.4025e+08,1.999e+06,2.034e+06,2.035e+06,1.996e+06,1.998e+06,2e+06,630078,898632,1.6e+09,8,19168,153,36,19160,689,12,4816,57,338,19176,6481,188,19168,3603,192,4816,924,80,,,,,,,87.3418,34.8101,12.7389,86.0759,93.7107,82.2785
710924,57500,57500,55000,57500,51000,54500,56500,0,1.4025e+08,2.048e+06,2.035e+06,2.035e+06,2.035e+06,2.034e+06,2.035e+06,630078,917968,1.6e+09,8,19168,153,36,19160,689,12,4816,57,342,19176,6558,192,19168,3680,192,4816,924,80,,,,,,,87.5,34.4538,16.6667,81.5126,93.2773,83.1933
711966,57500,57500,54500,57500,51000,54500,56500,0,1.4025e+08,1.996e+06,2.034e+06,2.034e+06,1.996e+06,1.996e+06,1.997e+06,630078,898632,1.6e+09,8,19168,153,36,19160,689,12,4816,57,338,19176,6481,188,19168,3603,184,4816,886,80,,,,,,,87.619,37.1429,9.61538,80.7692,92.233,85.7143
712630,57500,57500,55000,57500,51000,54500,56500,0,1.4025e+08,1.995e+06,2.037e+06,2.036e+06,1.998e+06,1.998e+06,1.998e+06,630078,898632,1.6e+09,8,19168,153,36,19160,689,12,4816,57,342,19176,6558,192,19168,3680,188,4816,905,80,,,,,,,89.5522,37.8788,15.1515,87.8788,94.0299,81.8182
713774,57000,57000,54500,57000,51000,54500,56500,0,1.4025e+08,1.997e+06,2.035e+06,2.034e+06,2.001e+06,1.999e+06,1.999e+06,630078,898632,1.6e+09,8,19168,153,36,19160,689,12,4816,57,346,19176,6634,196,19168,3756,192,4816,924,80,,,,,,,85.0877,33.6283,17.5439,86.9565,93.8596,80.8696
714262,57500,57500,54500,57500,51000,54500,56500,0,1.4025e+08,1.998e+06,2.036e+06,2.035e+06,1.998e+06,2e+06,1.999e+06,630078,898632,1.6e+09,8,19168,153,36,19160,689,12,4816,57,352,19176,6749,200,19168,3833,196,4816,943,80,,,,,,,87.7551,36.7347,18.3673,79.1667,93.8776,87.5
715365,58000,58000,55000,58000,51000,54250,56300,0,1.4025e+08,2.031e+06,2.035e+06,2.035e+06,2.034e+06,2.042e+06,2.044e+06,630078,909375,1.6e+09,8,19168,153,36,19160,689,12,4816,57,346,19176,6634,196,19168,3756,188,4816,905,80,,,,,,,89.2857,36.6071,10.9091,85.5856,92.7273,83.7838
716274,57000,57000,55000,57000,51000,54500,56500,0,1.4025e+08,2.035e+06,2.034e+06,2.035e+06,2.036e+06,2.037e+06,2.041e+06,630078,909375,1.6e+09,8,19168,153,36,19160,689,12,4816,57,332,19176,6366,184,19168,3526,188,4816,905,80,,,,,,,84.4444,30,14.2857,82.0225,93.4066,82.2222
717225,57000,57000,54500,57000,51000,54500,56500,0,1.4025e+08,2.033e+06,2.034e+06,2.035e+06,2.036e+06,2.034e+06,2.036e+06,630078,909375,1.6e+09,8,19168,153,36,19160,689,12,4816,57,346,19176,6634,196,19168,3756,192,4816,924,80,,,,,,,87.3684,37.8947,17.0213,88.4211,93.6842,82.4742
718197,57500,57500,55000,57500,51000,54250,56500,0,1.4025e+08,2.035e+06,2.035e+06,2.035e+06,2.036e+06,2.035e+06,2.035e+06,630078,917968,1.6e+09,8,19168,153,36,19160,689,12,4816,57,336,19176,6443,188,19168,3603,184,4816,886,80,,,,,,,89.7959,34.6939,11.3402,78.5714,92.7835,86.5979
719248,57000,57000,55000,57000,51000,54500,56000,0,1.4025e+08,2.035e+06,2.035e+06,2.034e+06,2.037e+06,2.038e+06,2.036e+06,630078,909375,1.6e+09,8,19168,153,36,19160,689,12,4816,57,338,19176,6481,188,19168,3603,192,4816,924,80,,,,,,,84.9057,32.6923,18.8679,88.6792,94.2857,79.0476
720288,57500,57500,55000,57500,51000,54500,56500,0,1.4025e+08,1.997e+06,2.036e+06,2.036e+06,1.997e+06,2e+06,1.999e+06,630078,898632,1.6e+09,8,19168,153,36,19160,689,12,4816,57,332,19176,6366,184,19168,3526,184,4816,886,80,,,,,,,90.2913,34.9515,9.61538,79.6117,93.2039,87.5
721388,57500,57500,55000,57500,51000,54250,56500,0,1.4025e+08,2.035e+06,2.033e+06,2.036e+06,2.034e+06,2.035e+06,2.035e+06,630078,909375,1.6e+09,8,19168,153,36,19160,689,12,4816,57,346,19176,6634,196,19168,3756,192,4816,924,80,,,,,,,85.4545,37.8378,19.2661,89.9083,94.5455,80
722918,57500,57500,55000,57500,51000,54250,56500,0,1.4025e+08,2.037e+06,2.036e+06,2.034e+06,2.043e+06,2.044e+06,2.043e+06,630078,909375,1.6e+09,8,19168,153,36,19160,689,12,4816,57,346,19176,6634,196,19168,3756,188,4816,905,80,,,,,,,88.8889,35.2941,12.4183,84.3137,92.8105,84.3137
723331,57500,57500,54500,57500,51000,54500,56500,0,1.4025e+08,2.031e+06,2.035e+06,2.035e+06,2.033e+06,2.042e+06,2.039e+06,630078,909375,1.6e+09,8,19168,153,36,19160,689,12,4816,57,346,19176,6596,192,19168,3680,192,4816,924,80,,,,,,,85.3659,26.8293,24.3902,78.0488,97.561,85.7143
724449,57500,57500,55000,57500,51000,54250,56500,0,1.4025e+08,2.027e+06,2.035e+06,2.034e+06,2.036e+06,2.04e+06,2.033e+06,630078,909375,1.6e+09,8,19168,153,36,19160,689,12,4816,57,332,19176,6366,184,19168,3526,184,4816,886,80,,,,,,,88.4956,35.1351,9.82143,81.25,91.9643,84.8214
725558,57500,57500,55000,57500,51000,54500,56500,0,1.4025e+08,1.999e+06,2.034e+06,2.035e+06,1.997e+06,1.999e+06,1.997e+06,630078,898632,1.6e+09,8,19168,153,36,19160,689,12,4816,57,340,19176,6519,188,19168,3603,192,4816,924,80,,,,,,,85.5856,36.036,18.1818,89.0909,94.5455,80.1802
726206,57500,57500,55000,57500,51000,54500,56500,0,1.4025e+08,2.034e+06,2.036e+06,2.034e+06,2.036e+06,2.034e+06,2.035e+06,630078,909375,1.6e+09,8,19168,153,36,19160,689,12,4816,57,346,19176,6634,196,19168,3756,192,4816,924,80,,,,,,,87.5,35.9375,14.0625,84.375,92.4242,82.8125
727394,57500,57500,55000,57500,51000,54250,56300,0,1.4025e+08,1.998e+06,2.035e+06,2.034e+06,1.996e+06,1.999e+06,1.998e+06,630078,898632,1.6e+09,8,19168,153,36,19160,689,12,4816,57,352,19176,6749,200,19168,3833,196,4816,943,80,,,,,,,87.5,34.7458,16.9492,81.5126,94.0678,84.8739
728398,57000,57000,55000,57000,51000,54500,56500,0,1.4025e+08,2.034e+06,2.034e+06,2.033e+06,2.034e+06,2.034e+06,2.034e+06,630078,917968,1.6e+09,8,19168,153,36,19160,689,12,4816,57,338,19176,6481,188,19168,3603,192,4816,924,80,,,,,,,89,33.6634,10,88.1188,93,82
729547,57500,57500,55000,57500,51000,54250,56500,0,1.4025e+08,1.999e+06,2.035e+06,2.035e+06,1.997e+06,1.998e+06,1.999e+06,630078,898632,1.6e+09,8,19168,153,36,19160,689,12,4816,57,342,19176,6558,192,19168,3680,192,4816,924,80,,,,,,,86.8421,33.913,17.3913,81.7391,94.7368,84.3478
730006,57500,57500,55000,57500,51000,54250,56500,0,1.4025e+08,1.999e+06,2.034e+06,2.036e+06,1.997e+06,1.998e+06,1.998e+06,630078,898632,1.6e+09,8,19168,153,36,19160,689,12,4816,57,326,19184,6253,180,19168,3450,184,4816,886,80,,,,,,,89.3617,31.1111,2.17391,77.7778,91.3043,86.6667
731969,58000,58000,55000,58000,51000,54500,56300,0,1.4025e+08,2.031e+06,2.035e+06,2.034e+06,2.027e+06,2.029e+06,2.03e+06,630078,909375,1.6e+09,8,19168,153,36,19160,689,12,4816,57,340,19176,6519,192,19168,3680,184,4816,886,80,,,,,,,87.7551,36.7347,14.7959,84.1837,93.401,83.2487
732639,57500,57500,55000,57500,51000,54500,56300,0,1.4025e+08,1.997e+06,2.035e+06,2.036e+06,1.996e+06,1.999e+06,1.999e+06,630078,898632,1.6e+09,8,19168,153,36,19160,689,12,4816,57,342,19176,6558,192,19168,3680,188,4816,905,80,,,,,,,88.2353,35.8209,15.1515,86.5672,93.8462,82.0896
733515,57000,57000,55000,57000,51000,54250,56500,0,1.4025e+08,2.036e+06,2.034e+06,2.034e+06,2.035e+06,2.036e+06,2.033e+06,630078,909375,1.6e+09,8,19168,153,36,19160,689,12,4816,57,328,19184,6292,180,19168,3450,184,4816,886,80,,,,,,,83.908,31.0345,15.9091,82.9545,93.2584,82.5581
734717,58000,58000,55000,58000,51000,54250,56500,0,1.4025e+08,2.034e+06,2.035e+06,2.035e+06,2.034e+06,2.035e+06,2.034e+06,630078,917968,1.6e+09,8,19168,153,36,19160,689,12,4816,57,340,19176,6519,192,19168,3680,188,4816,905,80,,,,,,,90,37.5,14.1667,85,94.1176,84.2975
735875,57000,57000,55000,57000,51000,54250,56200,0,1.4025e+08,2.035e+06,2.035e+06,2.035e+06,2.034e+06,2.034e+06,2.035e+06,630078,909375,1.6e+09,8,19168,153,36,19160,689,12,4816,57,346,19176,6634,196,19168,3756,192,4816,924,80,,,,,,,85.3448,34.4828,17.3913,87.8261,93.1624,81.8966
736105,57500,57500,55000,57500,51000,54500,56200,0,1.4025e+08,1.997e+06,2.035e+06,2.035e+06,1.999e+06,1.998e+06,1.998e+06,630078,898632,1.6e+09,8,19168,153,36,19160,689,12,4816,57,342,19176,6558,192,19168,3680,188,4816,905,80,,,,,,,100,34.7826,0,65.2174,95.4545,91.3043
737433,57500,57500,55000,57500,51000,54500,56500,0,1.4025e+08,2.041e+06,2.036e+06,2.035e+06,2.038e+06,2.038e+06,2.041e+06,630078,909375,1.6e+09,8,19168,153,36,19160,689,12,4816,57,348,19176,6673,200,19168,3833,188,4816,905,80,,,,,,,87.1212,36.3636,15.0376,87.218,93.1818,82.7068
738031,57500,57500,55000,57500,51000,54500,56500,0,1.4025e+08,2.035e+06,2.035e+06,2.035e+06,2.032e+06,2.035e+06,2.035e+06,630078,909375,1.6e+09,8,19168,153,36,19160,689,12,4816,57,334,19176,6404,184,19168,3526,192,4816,924,80,,,,,,,85.2459,25.4237,16.6667,86.4407,93.2203,81.6667
739245,57000,57000,55000,57000,51000,54500,56500,0,1.4025e+08,1.996e+06,2.035e+06,2.035e+06,1.998e+06,1.998e+06,1.997e+06,630078,898632,1.6e+09,8,19168,153,36,19160,689,12,4816,57,338,19176,6481,188,19168,3603,192,4816,924,80,,,,,,,86.6667,35.2459,17.2131,82.6446,93.4426,82.5
740157,57500,57500,55000,57500,51000,54500,56500,0,1.4025e+08,1.997e+06,2.035e+06,2.034e+06,1.999e+06,1.998e+06,1.998e+06,630078,898632,1.6e+09,8,19168,153,36,19160,689,12,4816,57,346,19176,6634,196,19168,3756,192,4816,924,80,,,,,,,90.2174,39.5604,10,86.8132,93.4066,85.7143
741952,57500,57500,55000,57500,51000,54250,56500,0,1.4025e+08,2.033e+06,2.035e+06,2.035e+06,2.034e+06,2.033e+06,2.034e+06,630078,909375,1.6e+09,8,19168,153,36,19160,689,12,4816,57,346,19176,6634,196,19168,3680,192,4816,924,80,,,,,,,87.1508,33.5196,16.7598,82.0225,94.4134,84.4444
742209,57000,57000,54500,57000,51000,54250,56500,0,1.4025e+08,2.035e+06,2.035e+06,2.034e+06,2.034e+06,2.034e+06,2.034e+06,630078,917968,1.6e+09,8,19168,153,36,19160,689,12,4816,57,342,19176,6558,192,19168,3680,192,4816,924,80,,,,,,,92.3077,42.3077,0,96.2963,88.4615,76.9231
743787,57500,57500,55000,57500,51000,54500,56500,0,1.4025e+08,1.999e+06,2.036e+06,2.034e+06,1.998e+06,1.998e+06,1.998e+06,630078,898632,1.6e+09,8,19168,153,36,19160,689,12,4816,57,328,19184,6292,180,19168,3450,184,4816,886,80,,,,,,,87.9747,32.6923,12.6582,80.1282,93.6306,85.3503
744726,57500,57500,54500,57500,51000,54250,56500,0,1.4025e+08,1.998e+06,2.035e+06,2.034e+06,1.998e+06,2e+06,1.999e+06,630078,898632,1.6e+09,8,19168,153,36,19160,689,12,4816,57,344,19176,6596,192,19168,3680,192,4816,924,80,,,,,,,86.1702,35.7895,20.4301,88.2979,94.7368,80.6452
745469,57500,57500,54500,57500,51000,54500,56500,0,1.4025e+08,1.996e+06,2.035e+06,2.034e+06,1.999e+06,1.999e+06,1.996e+06,630078,898632,1.6e+09,8,19168,153,36,19160,689,12,4816,57,338,19176,6481,188,19168,3603,192,4816,924,80,,,,,,,84.9315,35.1351,14.8649,85.1351,91.8919,80
746151,57000,57000,55000,57000,51000,54250,56500,0,1.4025e+08,2.035e+06,2.034e+06,2.035e+06,2.034e+06,2.035e+06,2.034e+06,630078,917968,1.6e+09,8,19168,153,36,19160,689,12,4816,57,336,19176,6443,184,19168,3526,192,4816,924,80,,,,,,,86.9565,32.8358,14.7059,83.8235,94.0299,83.5821
748000,57000,57000,55000,57000,51000,54250,56500,0,1.4025e+08,2.034e+06,2.034e+06,2.034e+06,2.043e+06,2.047e+06,2.039e+06,630078,909375,1.6e+09,8,19168,153,36,19160,689,12,4816,57,324,19184,6215,176,19168,3373,184,4816,886,80,,,,,,,87.5676,34.5946,12.4324,82.0652,93.5484,84.3243
748693,57000,57000,55000,57000,51000,54250,56300,0,1.4025e+08,2.036e+06,2.034e+06,2.035e+06,2.036e+06,2.036e+06,2.036e+06,630078,909375,1.6e+09,8,19168,153,36,19160,689,12,4816,57,326,19184,6253,180,19168,3450,184,4816,886,80,,,,,,,87.1429,34.7826,13.0435,85.5072,94.1176,82.8571
749346,57000,57000,55000,57000,51000,54500,56200,0,1.4025e+08,1.997e+06,2.037e+06,2.036e+06,1.998e+06,1.997e+06,1.999e+06,630078,898632,1.6e+09,8,19168,153,36,19168,690,12,4816,57,318,19184,6100,172,19168,3296,180,4816,866,80,,,,,,,89.0625,32.3077,12.3077,84.6154,92.3077,84.6154
750246,57500,57500,55000,57500,51000,54250,56200,0,1.4025e+08,2.035e+06,2.035e+06,2.035e+06,2.035e+06,2.034e+06,2.036e+06,630078,917968,1.6e+09,8,19168,153,36,19160,689,12,4816,57,344,19176,6596,192,19168,3680,192,4816,924,80,,,,,,,88.8889,37.0787,21.3483,86.5169,95.5556,84.6154
751980,57500,57500,54500,57500,51000,54500,56000,0,1.4025e+08,1.997e+06,2.034e+06,2.034e+06,1.997e+06,1.998e+06,1.996e+06,630078,917968,1.6e+09,8,19168,153,36,19160,689,12,4816,57,340,19176,6519,192,19168,3680,184,4816,886,80,,,,,,,88,35.8382,12.1387,82.0809,92.5287,83.237
752734,57500,57500,55000,57500,51000,54250,56500,0,1.4025e+08,2.035e+06,2.035e+06,2.034e+06,2.034e+06,2.034e+06,2.034e+06,630078,917968,1.6e+09,8,19168,153,36,19160,689,12,4816,57,330,19176,6328,184,19168,3450,184,4816,886,80,,,,,,,88,31.5789,13.3333,84.4156,93.2432,85.3333
753162,57500,57500,55000,57500,51000,54250,56500,0,1.4025e+08,2.033e+06,2.034e+06,2.035e+06,2.036e+06,2.033e+06,2.034e+06,630078,917968,1.6e+09,8,19168,153,36,19160,689,12,4816,57,340,19176,6519,192,19168,3680,192,4816,924,80,,,,,,,83.7209,38.0952,23.2558,97.6744,95.4545,76.1905
754309,57500,57500,55000,57500,51000,54500,56500,0,1.4025e+08,1.998e+06,2.035e+06,2.036e+06,1.997e+06,1.996e+06,2e+06,630078,898632,1.6e+09,8,19168,153,36,19160,689,12,4816,57,352,19176,6749,200,19168,3833,196,4816,943,80,,,,,,,87.069,35.9649,17.5439,82.3009,93.8053,85.2174
755182,57000,57000,54500,57000,51000,54500,56300,0,1.4025e+08,2.034e+06,2.034e+06,2.034e+06,2.034e+06,2.034e+06,2.033e+06,630078,909375,1.6e+09,8,19168,153,36,19160,689,12,4816,57,346,19176,6634,196,19168,3756,192,4816,924,80,,,,,,,87.3563,35.2273,11.4943,87.3563,93.1818,80.4598
756719,57500,57500,54500,57500,51000,54500,56500,0,1.4025e+08,2.034e+06,2.034e+06,2.035e+06,2.034e+06,2.034e+06,2.034e+06,630078,917968,1.6e+09,8,19168,153,36,19160,689,12,4816,57,344,19176,6596,196,19168,3756,188,4816,905,80,,,,,,,88.961,34.6405,12.987,85.6209,92.8571,83.7662
757516,58000,58000,54500,58000,51000,54250,56500,0,1.4025e+08,1.998e+06,2.035e+06,2.036e+06,1.998e+06,1.999e+06,1.998e+06,630078,898632,1.6e+09,8,19168,153,36,19160,689,12,4816,57,334,19176,6404,188,19168,3603,184,4816,886,80,,,,,,,86.25,33.75,12.6582,73.75,93.6709,85.1852
758575,57000,57000,54500,57000,51000,54250,56500,0,1.4025e+08,1.999e+06,2.033e+06,2.035e+06,1.997e+06,1.999e+06,1.999e+06,630078,898632,1.6e+09,8,19168,153,36,19160,689,12,4816,57,338,19176,6481,188,19168,3603,192,4816,924,80,,,,,,,85.7143,32.381,19.8113,89.5238,94.2857,80
759115,57500,57500,55000,57500,51000,54500,56500,0,1.4025e+08,2.035e+06,2.035e+06,2.034e+06,2.035e+06,2.034e+06,2.034e+06,630078,917968,1.6e+09,8,19168,153,36,19160,689,12,4816,57,354,19176,6788,200,19168,3833,192,4816,924,80,,,,,,,88.8889,42.5926,16.9811,79.6296,94.4444,87.037
760063,57500,57500,55000,57500,51000,54250,56500,0,1.4025e+08,2.034e+06,2.035e+06,2.035e+06,2.036e+06,2.035e+06,2.036e+06,630078,917968,1.6e+09,8,19168,153,36,19160,689,12,4816,57,344,19176,6596,192,19168,3680,196,4816,943,80,,,,,,,87.5,31.5789,11.7021,88.2979,93.617,82.9787
761579,57500,57500,54500,57500,51000,54250,56500,0,1.4025e+08,2.034e+06,2.035e+06,2.034e+06,2.04e+06,2.037e+06,2.042e+06,630078,909375,1.6e+09,8,19168,153,36,19160,689,12,4816,57,348,19176,6673,200,19168,3833,188,4816,905,80,,,,,,,88.7417,36.6667,12.6667,84.2105,92.7632,83.5526
762083,57000,57000,54500,57000,51000,54250,56500,0,1.4025e+08,2.035e+06,2.034e+06,2.034e+06,2.033e+06,2.034e+06,2.034e+06,630078,917968,1.6e+09,8,19168,153,36,19160,689,12,4816,57,346,19176,6634,196,19168,3756,192,4816,924,80,,,,,,,82.3529,31.3725,19.6078,83.6735,94.1176,80
763699,57500,57500,55000,57500,51000,54250,56200,0,1.4025e+08,2.035e+06,2.035e+06,2.035e+06,2.031e+06,2.039e+06,2.041e+06,630078,909375,1.6e+09,8,19168,153,36,19160,689,12,4816,57,342,19176,6558,196,19168,3756,188,4816,905,80,,,,,,,89.5062,35.4037,12.963,82.0988,93.7888,84.5679
764094,57500,57500,55000,57500,51000,54500,56200,0,1.4025e+08,1.996e+06,2.034e+06,2.035e+06,1.998e+06,1.999e+06,1.999e+06,630078,898632,1.6e+09,8,19168,153,36,19160,689,12,4816,57,338,19176,6481,188,19168,3603,192,4816,924,80,,,,,,,77.5,25.641,25.641,94.8718,92.3077,75
765800,57000,57000,55000,57000,51000,54250,56500,0,1.4025e+08,2.035e+06,2.035e+06,2.036e+06,2.034e+06,2.039e+06,2.035e+06,630078,909375,1.6e+09,8,19168,153,36,19160,689,12,4816,57,336,19176,6443,188,19168,3603,184,4816,886,80,,,,,,,89.4118,35.8824,11.7647,81.1765,92.9825,85.8824
766574,57500,57500,55000,57500,51000,54500,56200,0,1.4025e+08,1.998e+06,2.034e+06,2.035e+06,1.996e+06,1.996e+06,1.998e+06,630078,898632,1.6e+09,8,19168,153,36,19160,689,12,4816,57,324,19184,6215,176,19168,3373,184,4816,886,80,,,,,,,87.1795,31.1688,11.6883,85.7143,94.7368,83.1169
767198,57500,57500,55000,57500,51000,54250,56500,0,1.4025e+08,1.999e+06,2.036e+06,2.036e+06,1.996e+06,1.998e+06,1.999e+06,630078,898632,1.6e+09,8,19168,153,36,19160,689,12,4816,57,332,19176,6366,184,19168,3526,184,4816,886,80,,,,,,,87.0968,38.0952,16.129,82.2581,92.1875,84.127
768233,57000,57000,55000,57000,51000,54250,56300,0,1.4025e+08,1.998e+06,2.034e+06,2.035e+06,2.001e+06,2e+06,1.998e+06,630078,898632,1.6e+09,8,19168,153,36,19160,689,12,4816,57,336,19176,6443,184,19168,3526,192,4816,924,80,,,,,,,85.4369,33.3333,19.2308,88.4615,94.1176,78.6408
769603,57000,57000,55000,57000,51000,54250,56500,0,1.4025e+08,1.998e+06,2.036e+06,2.035e+06,1.997e+06,1.996e+06,1.996e+06,630078,898632,1.6e+09,8,19168,153,36,19160,689,12,4816,57,336,19176,6481,188,19168,3603,192,4816,924,80,,,,,,,87.6812,35.2518,14.5985,84.058,93.4783,83.4532
770442,57500,57500,54500,57500,51000,54250,56300,0,1.4025e+08,2.033e+06,2.034e+06,2.035e+06,2.027e+06,2.033e+06,2.036e+06,630078,909375,1.6e+09,8,19168,153,36,19160,689,12,4816,57,338,19176,6481,188,19168,3603,192,4816,924,80,,,,,,,89.1566,35.3659,12.0482,87.8049,95.1807,86.5854
771388,57000,57000,55000,57000,51000,54250,56200,0,1.4025e+08,2.034e+06,2.035e+06,2.035e+06,2.035e+06,2.035e+06,2.035e+06,630078,917968,1.6e+09,8,19168,153,36,19160,689,12,4816,57,328,19176,6289,180,19168,3450,184,4816,886,80,,,,,,,88.4211,33.6842,10.6383,77.6596,91.5789,86.3158
772555,57000,57000,54500,57000,51000,54250,56500,0,1.4025e+08,2.037e+06,2.034e+06,2.035e+06,2.041e+06,2.041e+06,2.041e+06,630078,909375,1.6e+09,8,19168,153,36,19160,689,12,4816,57,338,19176,6481,188,19168,3603,192,4816,924,80,,,,,,,87.931,36.2069,17.2414,89.8305,93.9655,80.1724
773650,57500,57500,54500,57500,51000,54500,56200,0,1.4025e+08,1.979e+06,2.036e+06,2.035e+06,1.996e+06,1.997e+06,1.998e+06,630078,898632,1.6e+09,8,19168,153,36,19160,689,12,4816,57,350,19176,6711,200,19168,3833,192,4816,924,80,,,,,,,86.3636,35.7798,17.4312,80.5556,94.4954,84.5455
774173,57500,57500,55000,57500,51000,54250,56200,0,1.4025e+08,1.998e+06,2.036e+06,2.036e+06,1.999e+06,1.997e+06,1.997e+06,630078,898632,1.6e+09,8,19168,153,36,19160,689,12,4816,57,322,19184,6177,176,19168,3373,184,4816,886,80,,,,,,,86.5385,26.9231,0,81.1321,92.4528,82.6923
775280,57500,57500,55000,57500,51000,54250,56300,0,1.4025e+08,2.035e+06,2.035e+06,2.035e+06,2.03e+06,2.035e+06,2.035e+06,630078,909375,1.6e+09,8,19168,153,36,19160,689,12,4816,57,338,19176,6481,188,19168,3603,192,4816,924,80,,,,,,,88.2883,36.9369,18.1818,89.0909,94.4954,82.7273
776118,57500,57500,54500,57500,51000,54250,56300,0,1.4025e+08,2.04e+06,2.036e+06,2.035e+06,2.035e+06,2.044e+06,2.042e+06,630078,909375,1.6e+09,8,19168,153,36,19160,689,12,4816,57,342,19176,6558,192,19168,3680,188,4816,905,80,,,,,,,89.2857,38.5542,11.9048,78.3133,92.8571,84.7059
777323,57500,57500,54500,57500,51000,54250,56500,0,1.4025e+08,2.034e+06,2.036e+06,2.035e+06,2.035e+06,2.034e+06,2.035e+06,630078,917968,1.6e+09,8,19168,153,36,19160,689,12,4816,57,340,19176,6519,188,19168,3603,192,4816,924,80,,,,,,,85.8333,32.5,15.8333,88.3333,94.2149,81.6667
778279,57500,57500,54500,57500,51000,54250,56500,0,1.4025e+08,1.996e+06,2.036e+06,2.035e+06,1.997e+06,1.998e+06,1.998e+06,630078,898632,1.6e+09,8,19168,153,36,19160,689,12,4816,57,330,19176,6328,184,19168,3526,184,4816,886,80,,,,,,,88.5417,34.7368,12.5,78.125,92.5532,86.4583
779810,57500,57500,54500,57500,51000,54250,56200,0,1.4025e+08,2.036e+06,2.035e+06,2.036e+06,2.035e+06,2.035e+06,2.035e+06,630078,917968,1.6e+09,8,19168,153,36,19160,689,12,4816,57,352,19176,6749,200,19168,3833,192,4816,924,80,,,,,,,86.3636,36.8421,18.9542,84.9673,94.1558,82.2368
780667,57000,57000,54500,57000,51000,54250,56500,0,1.4025e+08,2.036e+06,2.035e+06,2.034e+06,2.037e+06,2.037e+06,2.039e+06,630078,909375,1.6e+09,8,19168,153,36,19160,689,12,4816,57,338,19176,6481,188,19168,3603,192,4816,924,80,,,,,,,86.0465,31.3953,12.7907,87.0588,92.9412,80.4598
781524,57000,57000,54500,57000,51000,54250,56300,0,1.4025e+08,1.999e+06,2.035e+06,2.034e+06,1.997e+06,1.999e+06,2.002e+06,630078,898632,1.6e+09,8,19168,153,36,19160,689,12,4816,57,336,19176,6443,188,19168,3603,192,4816,924,80,,,,,,,90.5882,35.2941,11.9048,87.2093,93.0233,83.7209
782789,57000,57000,55000,57000,51000,54250,56300,0,1.4025e+08,1.996e+06,2.035e+06,2.035e+06,1.997e+06,1.998e+06,1.999e+06,630078,898632,1.6e+09,8,19168,153,36,19160,689,12,4816,57,346,19176,6596,196,19168,3756,192,4816,924,80,,,,,,,86.5079,36.2205,15.0794,82.5397,93.7008,83.3333
783399,57500,57500,55000,57500,51000,54250,56300,0,1.4025e+08,2.034e+06,2.035e+06,2.036e+06,2.034e+06,2.035e+06,2.036e+06,630078,917968,1.6e+09,8,19168,153,36,19160,689,12,4816,57,336,19176,6443,184,19168,3526,192,4816,924,80,,,,,,,85.4839,28.3333,16.3934,83.6066,93.3333,81.9672
784685,57500,57500,54500,57500,51000,54250,56500,0,1.4025e+08,2.034e+06,2.036e+06,2.035e+06,2.034e+06,2.037e+06,2.039e+06,630078,909375,1.6e+09,8,19168,153,36,19160,689,12,4816,57,352,19176,6749,200,19168,3833,196,4816,943,80,,,,,,,88.3721,37.5,17.0543,82.6772,93.7984,85.9375
785098,57500,57500,54500,57500,51000,54250,56500,0,1.4025e+08,2.034e+06,2.035e+06,2.035e+06,2.036e+06,2.036e+06,2.034e+06,630078,917968,1.6e+09,8,19168,153,36,19160,689,12,4816,57,340,19176,6519,192,19168,3680,188,4816,905,80,,,,,,,92.6829,34.1463,0,78.5714,92.8571,83.3333
786580,57000,57000,54500,57000,51000,54500,56300,0,1.4025e+08,2.031e+06,2.035e+06,2.034e+06,2.03e+06,2.032e+06,2.032e+06,630078,909375,1.6e+09,8,19168,153,36,19160,689,12,4816,57,326,19184,6253,180,19168,3450,184,4816,886,80,,,,,,,87.1622,32.4324,12.8378,84.4595,93.1973,83.7838
787402,57000,57000,55000,57000,51000,54250,56300,0,1.4025e+08,2.037e+06,2.035e+06,2.035e+06,2.044e+06,2.036e+06,2.033e+06,630078,909375,1.6e+09,8,19168,153,36,19160,689,12,4816,57,354,19176,6788,200,19168,3833,196,4816,943,80,,,,,,,85.1852,42.1687,24.6914,86.4198,95.0617,81.7073
788613,57500,57500,54500,57500,51000,54250,56300,0,1.4025e+08,2.034e+06,2.036e+06,2.035e+06,2.034e+06,2.034e+06,2.035e+06,630078,917968,1.6e+09,8,19168,153,36,19160,689,12,4816,57,330,19176,6328,184,19168,3526,184,4816,886,80,,,,,,,88.6179,31.6667,8.26446,82.6446,92.623,85
789154,57000,57000,55000,57000,51000,54250,56300,0,1.4025e+08,1.996e+06,2.035e+06,2.034e+06,2e+06,1.998e+06,1.998e+06,630078,898632,1.6e+09,8,19168,153,36,19160,689,12,4816,57,346,19176,6634,196,19168,3756,188,4816,905,80,,,,,,,88.6792,40.7407,18.5185,96.3636,92.5926,78.1818
790517,57500,57500,54500,57500,51000,54500,56500,0,1.4025e+08,2.035e+06,2.034e+06,2.034e+06,2.034e+06,2.035e+06,2.035e+06,630078,917968,1.6e+09,8,19168,153,36,19160,689,12,4816,57,342,19176,6558,192,19168,3680,192,4816,924,80,,,,,,,86.9565,34.0741,15.3285,83.8235,94.1176,83.0882
791676,57500,57500,54500,57500,51000,54250,56300,0,1.4025e+08,2.036e+06,2.034e+06,2.035e+06,2.035e+06,2.035e+06,2.035e+06,630078,917968,1.6e+09,8,19168,153,36,19160,689,12,4816,57,336,19176,6443,184,19168,3526,192,4816,924,80,,,,,,,86.087,31.8966,17.3913,82.4561,93.9655,81.8966
792732,57500,57500,55000,57500,51000,54250,56300,0,1.4025e+08,2.034e+06,2.036e+06,2.035e+06,2.031e+06,2.036e+06,2.041e+06,630078,909375,1.6e+09,8,19168,153,36,19160,689,12,4816,57,332,19176,6366,184,19168,3526,184,4816,886,80,,,,,,,88.6792,36.1905,8.65385,80,92.4528,86.9159
793598,57500,57500,54500,57500,51000,54250,56500,0,1.4025e+08,2.034e+06,2.035e+06,2.034e+06,2.035e+06,2.037e+06,2.036e+06,630078,909375,1.6e+09,8,19168,153,36,19160,689,12,4816,57,348,19176,6673,196,19168,3756,192,4816,924,80,,,,,,,86.0465,38.6364,20.9302,86.2069,95.2941,81.1765
794373,57500,57500,55000,57500,51000,54500,56500,0,1.4025e+08,1.998e+06,2.035e+06,2.035e+06,1.996e+06,1.998e+06,1.998e+06,630078,898632,1.6e+09,8,19168,153,36,19160,689,12,4816,57,348,19176,6673,196,19168,3756,192,4816,924,80,,,,,,,89.7436,32.4675,15.3846,85.8974,93.5897,84.6154
795825,57500,57500,54500,57500,51000,54500,56000,0,1.4025e+08,2.033e+06,2.035e+06,2.036e+06,2.029e+06,2.033e+06,2.03e+06,630078,909375,1.6e+09,8,19168,153,36,19160,689,12,4816,57,336,19176,6443,188,19168,3603,192,4816,924,80,,,,,,,86.2069,33.3333,13.1034,84.7222,93.1034,80.8219
796397,57500,57500,55000,57500,51000,54250,56000,0,1.4025e+08,1.997e+06,2.035e+06,2.035e+06,1.996e+06,1.997e+06,1.997e+06,630078,898632,1.6e+09,8,19168,153,36,19160,689,12,4816,57,352,19176,6749,200,19168,3833,196,4816,943,80,,,,,,,89.4737,40.3509,19.2982,82.4561,94.7368,89.2857
797946,57000,57000,55000,57000,51000,54250,56300,0,1.4025e+08,2.03e+06,2.034e+06,2.033e+06,2.039e+06,2.034e+06,2.032e+06,630078,909375,1.6e+09,8,19168,153,36,19160,689,12,4816,57,346,19176,6634,196,19168,3756,192,4816,924,80,,,,,,,87.0968,34.8387,12.987,85.8065,93.5897,81.9355
798021,57500,57500,55000,57500,51000,54250,56300,0,1.4025e+08,2.032e+06,2.036e+06,2.035e+06,2.027e+06,2.03e+06,2.024e+06,630078,909375,1.6e+09,8,19168,153,36,19160,689,12,4816,57,340,19176,6519,188,19168,3603,192,4816,924,80,,,,,,,100,12.5,0,100,100,100
799628,57500,57500,54500,57500,51000,54250,56500,0,1.4025e+08,1.997e+06,2.036e+06,2.034e+06,1.995e+06,1.997e+06,1.998e+06,630078,898632,1.6e+09,8,19168,153,36,19160,689,12,4816,57,334,19176,6404,184,19168,3526,184,4816,886,80,,,,,,,88.1988,35.2201,11.9497,80.1242,92.5,85.0932
800547,57500,57500,55000,57500,51000,54500,56500,0,1.4025e+08,1.998e+06,2.035e+06,2.036e+06,1.997e+06,1.998e+06,1.998e+06,630078,898632,1.6e+09,8,19168,153,36,19160,689,12,4816,57,350,19176,6711,200,19168,3833,196,4816,943,80,,,,,,,85.8696,35.8696,21.7391,88.0435,94.5652,82.6087
801461,57500,57000,54500,57000,51000,54250,56500,0,1.4025e+08,2.034e+06,2.035e+06,2.035e+06,2.029e+06,2.034e+06,2.036e+06,630078,909375,1.6e+09,8,19168,153,36,19160,689,12,4816,57,340,19176,6519,188,19168,3603,192,4816,924,80,,,,,,,87.9121,32.967,10.989,87.9121,94.4444,81.5217
802016,57500,57500,54500,57500,51000,54250,56500,0,1.4025e+08,2.032e+06,2.035e+06,2.034e+06,2.027e+06,2.029e+06,2.032e+06,630078,909375,1.6e+09,8,19168,153,36,19160,689,12,4816,57,344,19176,6558,192,19168,3680,192,4816,924,80,,,,,,,87.2727,32.7273,18.1818,80,94.6429,83.6364
803100,57000,57000,54500,57000,51000,54500,56500,0,1.4025e+08,2.034e+06,2.036e+06,2.035e+06,2.035e+06,2.035e+06,2.034e+06,630078,917968,1.6e+09,8,19168,153,36,19160,689,12,4816,57,332,19176,6366,184,19168,3526,184,4816,886,80,,,,,,,88.9908,35.7798,9.25926,80.5556,91.6667,87.037
804111,57500,57500,54500,57500,51000,54250,56300,0,1.4025e+08,2.036e+06,2.034e+06,2.034e+06,2.034e+06,2.034e+06,2.036e+06,630078,917968,1.6e+09,8,19168,153,36,19160,689,12,4816,57,336,19176,6443,184,19168,3526,192,4816,924,80,,,,,,,84.1584,33.3333,19.802,88.1188,94.0594,78.2178
805188,57500,57500,54500,57500,51000,54250,56300,0,1.4025e+08,1.998e+06,2.035e+06,2.036e+06,1.997e+06,1.998e+06,1.999e+06,630078,898632,1.6e+09,8,19168,153,36,19160,689,12,4816,57,330,19176,6328,180,19168,3450,184,4816,886,80,,,,,,,90.7407,35.1852,11.1111,80.3738,92.5926,87.963
806379,57000,57000,54500,57000,51000,54250,56300,0,1.4025e+08,1.996e+06,2.034e+06,2.035e+06,1.998e+06,1.998e+06,1.998e+06,630078,898632,1.6e+09,8,19168,153,36,19160,689,12,4816,57,340,19176,6519,188,19168,3603,192,4816,924,80,,,,,,,86.6667,36.1345,16.1017,89.8305,94.0678,80.6723
807227,57500,57500,55000,57500,51000,54250,56000,0,1.4025e+08,1.997e+06,2.035e+06,2.035e+06,1.998e+06,1.998e+06,1.997e+06,630078,898632,1.6e+09,8,19168,153,36,19160,689,12,4816,57,330,19176,6328,184,19168,3526,184,4816,886,80,,,,,,,88.0952,33.3333,11.7647,75.5814,92.9412,85.8824
808509,57500,57500,54500,57500,51000,54250,56500,0,1.4025e+08,2.04e+06,2.036e+06,2.035e+06,2.038e+06,2.039e+06,2.044e+06,630078,909375,1.6e+09,8,19168,153,36,19160,689,12,4816,57,348,19176,6673,200,19168,3833,188,4816,905,80,,,,,,,88.4615,37.5,15.625,88.189,93.7984,82.9457
809656,57000,57000,54500,57000,51000,54250,56300,0,1.4025e+08,2.032e+06,2.036e+06,2.034e+06,2.038e+06,2.037e+06,2.033e+06,630078,909375,1.6e+09,8,19168,153,36,19160,689,12,4816,57,340,19176,6519,188,19168,3680,192,4816,924,80,,,,,,,85.0877,32.1739,17.3913,85.0877,93.8053,81.4159
810036,57000,57000,54500,57000,51000,54250,56000,0,1.4025e+08,1.999e+06,2.036e+06,2.035e+06,1.999e+06,1.999e+06,1.999e+06,630078,898632,1.6e+09,8,19168,153,36,19160,689,12,4816,57,326,19184,6253,180,19168,3450,184,4816,886,80,,,,,,,94.7368,29.7297,0,72.973,92.3077,92.5
811176,57000,57000,55000,57000,51000,54250,56500,0,1.4025e+08,1.997e+06,2.036e+06,2.036e+06,1.996e+06,1.995e+06,1.996e+06,630078,898632,1.6e+09,8,19168,153,36,19160,689,12,4816,57,336,19176,6443,184,19168,3526,192,4816,924,80,,,,,,,86.8421,35.3982,19.2982,88.5965,93.75,81.4159
812180,57000,57000,54500,57000,51000,54500,56500,0,1.4025e+08,2.035e+06,2.035e+06,2.034e+06,2.034e+06,2.034e+06,2.034e+06,630078,917968,1.6e+09,8,19168,153,36,19160,689,12,4816,57,328,19184,6292,180,19168,3450,184,4816,886,80,,,,,,,85.2941,35,13,79,94.0594,84
813825,57000,57000,55000,57000,51000,54250,56200,0,1.4025e+08,1.998e+06,2.034e+06,2.034e+06,1.999e+06,1.998e+06,1.999e+06,630078,898632,1.6e+09,8,19168,153,36,19160,689,12,4816,57,346,19176,6634,196,19168,3756,192,4816,924,80,,,,,,,87.8049,36.5854,16.3636,86.6667,93.3333,82.4242
814575,57000,57000,55000,57000,51000,54250,56300,0,1.4025e+08,2.035e+06,2.034e+06,2.036e+06,2.035e+06,2.038e+06,2.038e+06,630078,909375,1.6e+09,8,19168,153,36,19160,689,12,4816,57,342,19176,6558,188,19168,3603,192,4816,924,80,,,,,,,89.3333,32,13.5135,86.4865,94.6667,85.1351
815864,57000,57000,54500,57000,51000,54250,56300,29,1.4025e+08,1.998e+06,2.034e+06,2.035e+06,1.998e+06,1.997e+06,1.999e+06,630078,898632,1.6e+09,8,19168,153,36,19160,689,12,4816,57,340,19176,6519,188,19168,3603,192,4816,924,80,,,,,,,86.0465,34.375,15.5039,82.9457,93.75,82.1705
816920,57500,57500,54500,57500,51000,54500,56000,0,1.4025e+08,2.037e+06,2.035e+06,2.035e+06,2.035e+06,2.041e+06,2.041e+06,630078,909375,1.6e+09,8,19168,153,36,19160,689,12,4816,57,328,19184,6292,180,19168,3450,184,4816,886,80,,,,,,,90.4762,33.9623,9.52381,80,92.4528,86.7925
817154,57500,57500,54500,57500,51000,54500,56000,0,1.4025e+08,2.039e+06,2.035e+06,2.035e+06,2.032e+06,2.036e+06,2.039e+06,630078,909375,1.6e+09,8,19168,153,36,19160,689,12,4816,57,346,19176,6634,196,19168,3756,192,4816,924,80,,,,,,,83.3333,39.1304,39.1304,95.6522,100,82.6087
818264,57500,57500,54500,57500,51000,54250,56300,133,1.4025e+08,2.038e+06,2.035e+06,2.034e+06,2.036e+06,2.042e+06,2.041e+06,630078,909375,1.6e+09,8,19168,153,36,19160,689,12,4816,57,332,19176,6366,184,19168,3526,184,4816,886,80,,,,,,,87.5,34.2342,9.00901,81.0811,91.8919,83.0357
819532,57500,57500,54500,57500,51000,54250,56300,0,1.4025e+08,2.035e+06,2.034e+06,2.034e+06,2.035e+06,2.035e+06,2.035e+06,630078,917968,1.6e+09,8,19168,153,36,19160,689,12,4816,57,348,19176,6673,200,19168,3833,188,4816,905,80,,,,,,,88.0952,37.3016,15.2,88.9764,94.4444,81.746
820307,57500,57500,54500,57500,51000,54250,56000,0,1.4025e+08,2.036e+06,2.036e+06,2.035e+06,2.03e+06,2.039e+06,2.041e+06,630078,909375,1.6e+09,8,19168,153,36,19160,689,12,4816,57,336,19176,6404,188,19168,3603,184,4816,886,80,,,,,,,86.0759,30.7692,13.9241,75.641,92.3077,85.8974
821782,57000,57000,55000,57000,51000,54250,56300,0,1.4025e+08,2.03e+06,2.035e+06,2.034e+06,2.027e+06,2.032e+06,2.033e+06,630078,909375,1.6e+09,8,19168,153,36,19160,689,12,4816,57,324,19184,6215,176,19168,3373,180,4816,866,80,,,,,,,87.5862,32.6531,13.6986,84.9315,93.8356,82.9932
822206,57000,57000,54500,57000,51000,54250,56500,0,1.4025e+08,2.034e+06,2.035e+06,2.035e+06,2.029e+06,2.031e+06,2.037e+06,630078,909375,1.6e+09,8,19168,153,36,19160,689,12,4816,57,336,19176,6443,184,19168,3526,192,4816,924,80,,,,,,,86.3636,38.0952,23.8095,100,93.0233,81.3953
823038,57500,57500,54500,57500,51000,54250,56500,0,1.4025e+08,2.033e+06,2.034e+06,2.035e+06,2.033e+06,2.042e+06,2.043e+06,630078,909375,1.6e+09,8,19168,153,36,19160,689,12,4816,57,344,19176,6596,196,19168,3756,188,4816,905,80,,,,,,,90.2439,38.2716,13.0952,78.0488,93.9759,84.3373
824378,57500,57500,54500,57500,51000,54250,56300,0,1.4025e+08,1.997e+06,2.034e+06,2.036e+06,1.998e+06,1.998e+06,1.998e+06,630078,917968,1.6e+09,8,19168,153,36,19160,689,12,4816,57,346,19176,6634,196,19168,3756,188,4816,905,80,,,,,,,87.3134,35.8209,14.9254,86.5672,93.2836,82.8358
825576,57000,57000,54500,57000,51000,54250,56500,0,1.4025e+08,2.034e+06,2.035e+06,2.035e+06,2.031e+06,2.035e+06,2.033e+06,630078,909375,1.6e+09,8,19168,153,36,19160,689,12,4816,57,346,19176,6634,196,19168,3756,192,4816,924,80,,,,,,,85.124,33.3333,15.9664,85.7143,94.1176,82.3529
826862,57500,57500,54500,57500,51000,54250,56000,0,1.4025e+08,1.997e+06,2.035e+06,2.035e+06,1.996e+06,1.998e+06,1.997e+06,630078,898632,1.6e+09,8,19168,153,36,19160,689,12,4816,57,338,19176,6481,188,19168,3603,192,4816,924,80,,,,,,,87.5,31.7829,14.9606,82.8125,93.7984,82.9457
827774,57500,57500,54500,57500,51000,54250,56000,0,1.4025e+08,1.997e+06,2.035e+06,2.035e+06,1.998e+06,1.997e+06,1.996e+06,630078,898632,1.6e+09,8,19168,153,36,19160,689,12,4816,57,342,19176,6558,192,19168,3680,192,4816,924,80,,,,,,,89.1304,37.7778,10.989,86.8132,92.2222,84.6154
828521,57500,57500,54500,57500,51000,54250,56000,0,1.4025e+08,2.041e+06,2.034e+06,2.036e+06,2.033e+06,2.041e+06,2.045e+06,630078,909375,1.6e+09,8,19168,153,36,19160,689,12,4816,57,346,19176,6634,196,19168,3756,188,4816,905,80,,,,,,,89.1892,36.4865,13.3333,81.3333,94.6667,84.2105
829882,57500,57500,55000,57500,51000,54500,56500,0,1.4025e+08,2.035e+06,2.035e+06,2.035e+06,2.041e+06,2.041e+06,2.041e+06,630078,909375,1.6e+09,8,19168,153,36,19160,689,12,4816,57,348,19176,6673,200,19168,3833,188,4816,905,80,,,,,,,86.9565,35.7664,15.4412,86.0294,93.3333,82.963
830403,57000,57000,54500,57000,51000,54250,56500,0,1.4025e+08,2.036e+06,2.035e+06,2.036e+06,2.035e+06,2.035e+06,2.034e+06,630078,917968,1.6e+09,8,19168,153,36,19160,689,12,4816,57,346,19176,6634,196,19168,3756,192,4816,924,80,,,,,,,84.3137,30.7692,19.2308,82.6923,94.3396,80.7692
831067,57000,57000,55000,57000,51000,54250,56000,0,1.4025e+08,2.034e+06,2.035e+06,2.034e+06,2.036e+06,2.036e+06,2.035e+06,630078,909375,1.6e+09,8,19168,153,36,19160,689,12,4816,57,344,19176,6596,196,19168,3756,192,4816,924,80,,,,,,,86.5672,33.8462,14.9254,83.3333,93.9394,83.5821
832343,57500,57500,55000,57500,51000,54250,56000,0,1.4025e+08,2.033e+06,2.035e+06,2.035e+06,2.031e+06,2.037e+06,2.037e+06,630078,909375,1.6e+09,8,19168,153,36,19160,689,12,4816,57,348,19176,6673,196,19168,3756,192,4816,924,80,,,,,,,88.2812,34.1085,16.4062,84.127,93.75,85.0394
833417,57500,57500,54500,57500,51000,54250,56300,0,1.4025e+08,2.035e+06,2.036e+06,2.035e+06,2.034e+06,2.035e+06,2.036e+06,630078,917968,1.6e+09,8,19168,153,36,19160,689,12,4816,57,334,19176,6404,188,19168,3603,184,4816,886,80,,,,,,,87.963,35.514,9.34579,80.5556,92.4528,84.1121
834166,57000,57000,54500,57000,51000,54250,56300,0,1.4025e+08,2.037e+06,2.033e+06,2.034e+06,2.04e+06,2.041e+06,2.035e+06,630078,909375,1.6e+09,8,19168,153,36,19160,689,8,4816,57,330,19184,6330,180,19168,3450,184,4816,886,80,,,,,,,89.1892,31.5068,12.1622,85.3333,93.3333,84
835452,57500,57500,55000,57500,51000,54250,56300,0,1.4025e+08,2.043e+06,2.035e+06,2.034e+06,2.038e+06,2.041e+06,2.041e+06,630078,909375,1.6e+09,8,19168,153,36,19160,689,12,4816,57,342,19176,6558,192,19168,3680,188,4816,905,80,,,,,,,87.5969,37.9845,15.625,85.8268,93.7984,82.1705
836604,57000,57000,54500,57000,51000,54500,56000,0,1.4025e+08,2.032e+06,2.035e+06,2.035e+06,2.037e+06,2.036e+06,2.036e+06,630078,909375,1.6e+09,8,19168,153,36,19160,689,12,4816,57,348,19176,6673,196,19168,3756,192,4816,924,80,,,,,,,85.3448,33.913,17.2414,87.069,93.913,80.8696
837544,57500,57500,55000,57500,51000,54500,56000,0,1.4025e+08,2.035e+06,2.034e+06,2.036e+06,2.034e+06,2.034e+06,2.035e+06,630078,917968,1.6e+09,8,19168,153,36,19160,689,12,4816,57,338,19176,6481,188,19168,3603,184,4816,886,80,,,,,,,90.3226,34.0426,10.7527,78.4946,92.5532,87.0968
838677,57500,57500,55000,57500,51000,54250,56200,0,1.4025e+08,2.035e+06,2.035e+06,2.034e+06,2.035e+06,2.035e+06,2.035e+06,630078,917968,1.6e+09,8,19168,153,36,19160,689,8,4816,38,346,19176,6634,196,19168,3756,192,4816,924,80,,,,,,,85.8407,35.3982,18.4211,89.3805,94.6903,80.7018
839112,57000,57000,54500,57000,51000,54250,56500,0,1.4025e+08,2.033e+06,2.035e+06,2.034e+06,2.032e+06,2.032e+06,2.037e+06,630078,909375,1.6e+09,8,19168,153,36,19160,689,12,4816,57,338,19176,6481,188,19168,3603,188,4816,905,80,,,,,,,86.3636,30.9524,13.6364,74.4186,93.0233,86.0465
840199,57000,57000,54500,57000,51000,54250,56000,0,1.4025e+08,1.999e+06,2.036e+06,2.035e+06,1.999e+06,1.999e+06,1.999e+06,630078,898632,1.6e+09,8,19168,153,36,19160,689,12,4816,57,342,19176,6558,192,19168,3680,192,4816,924,80,,,,,,,88.9908,35.7798,12.963,88.9908,92.6606,83.3333
841712,57500,57500,55000,57500,51000,54250,56300,0,1.4025e+08,2.038e+06,2.036e+06,2.036e+06,2.038e+06,2.038e+06,2.035e+06,630078,909375,1.6e+09,8,19168,153,36,19160,689,12,4816,57,334,19176,6404,184,19168,3526,184,4816,886,80,,,,,,,88.0795,34.4371,12.6667,79.8658,93.4211,84.4156
842286,57500,57500,54500,57500,51000,54250,56300,0,1.4025e+08,2.039e+06,2.035e+06,2.035e+06,2.041e+06,2.039e+06,2.039e+06,630078,909375,1.6e+09,8,19168,153,36,19160,689,12,4816,57,346,19176,6634,196,19168,3756,188,4816,905,80,,,,,,,87.931,38.5965,17.5439,96.5517,94.7368,80.3571
843377,57500,57500,54500,57500,51000,54250,56000,0,1.4025e+08,2.034e+06,2.035e+06,2.036e+06,2.031e+06,2.037e+06,2.032e+06,630078,909375,1.6e+09,8,19168,153,36,19160,689,12,4816,57,346,19176,6634,196,19168,3756,192,4816,924,80,,,,,,,86.2385,32.1101,17.5926,81.6514,95.3704,85.3211
844535,57000,57000,54500,57000,51000,54250,56300,0,1.4025e+08,1.999e+06,2.035e+06,2.035e+06,1.998e+06,1.999e+06,1.998e+06,630078,898632,1.6e+09,8,19168,153,36,19160,689,12,4816,57,328,19184,6292,180,19168,3450,184,4816,886,80,,,,,,,88.7931,33.913,10.2564,81.0345,91.3793,83.4783
845860,57500,57500,54500,57500,51000,54250,56500,0,1.4025e+08,1.999e+06,2.034e+06,2.035e+06,1.997e+06,2e+06,1.998e+06,630078,898632,1.6e+09,8,19168,153,36,19160,689,12,4816,57,332,19176,6366,184,19168,3526,184,4816,886,80,,,,,,,87.1212,36.0902,14.5038,83.9695,93.9394,82.7068
846240,57000,57000,54500,57000,51000,54250,56500,0,1.4025e+08,1.997e+06,2.035e+06,2.034e+06,1.998e+06,1.998e+06,1.998e+06,630078,898632,1.6e+09,8,19168,153,36,19160,689,12,4816,57,344,19176,6596,192,19168,3680,192,4816,924,80,,,,,,,79.4872,37.8378,26.3158,97.4359,94.8718,74.359
847456,57500,57500,54500,57500,51000,54250,56300,0,1.4025e+08,2.04e+06,2.034e+06,2.036e+06,2.035e+06,2.039e+06,2.041e+06,630078,909375,1.6e+09,8,19168,153,36,19160,689,12,4816,57,354,19176,6788,204,19168,3910,196,4816,943,80,,,,,,,88.5246,36.0656,17.8862,81.8182,94.1667,85.8333
848013,57000,57000,55000,57000,51000,54250,56500,0,1.4025e+08,2.03e+06,2.035e+06,2.035e+06,2.027e+06,2.029e+06,2.03e+06,630078,909375,1.6e+09,8,19168,153,36,19160,689,12,4816,57,322,19184,6177,176,19168,3373,180,4816,866,80,,,,,,,85.7143,25.4545,0,81.8182,91.0714,81.8182
849503,57500,57500,54500,57500,51000,54250,56200,0,1.4025e+08,2.025e+06,2.034e+06,2.035e+06,2.032e+06,2.029e+06,2.032e+06,630078,909375,1.6e+09,8,19168,153,36,19160,689,12,4816,57,354,19176,6788,204,19168,3910,196,4816,943,80,,,,,,,87.9195,38.9262,19.5946,85.2349,93.9597,83.4437
850987,57500,57500,54500,57500,51000,54250,56000,0,1.4025e+08,1.997e+06,2.034e+06,2.036e+06,1.999e+06,1.998e+06,1.998e+06,630078,898632,1.6e+09,8,19168,153,36,19160,689,12,4816,57,344,19176,6596,192,19168,3680,192,4816,924,80,,,,,,,87.8378,32.4324,14.1892,85.1351,93.9189,83.1081
851318,57500,57500,55000,57500,51000,54250,56000,0,1.4025e+08,2.035e+06,2.034e+06,2.035e+06,2.034e+06,2.035e+06,2.035e+06,630078,917968,1.6e+09,8,19168,153,36,19160,689,12,4816,57,342,19176,6558,192,19168,3680,188,4816,905,80,,,,,,,93.9394,43.75,0,78.7879,90.9091,87.0968
852284,57500,57500,54500,57500,51000,54250,56300,0,1.4025e+08,2.036e+06,2.036e+06,2.035e+06,2.028e+06,2.035e+06,2.037e+06,630078,909375,1.6e+09,8,19168,153,36,19160,689,12,4816,57,352,19176,6749,200,19168,3833,196,4816,943,80,,,,,,,84.5361,34.6939,19.7917,84.5361,94.7368,82.8283
853191,57000,57000,54500,57000,51000,54250,56500,0,1.4025e+08,2.032e+06,2.034e+06,2.035e+06,2.031e+06,2.033e+06,2.033e+06,630078,909375,1.6e+09,8,19168,153,36,19160,689,12,4816,57,346,19176,6634,196,19168,3756,192,4816,924,80,,,,,,,87.9121,34.4444,11.236,88.8889,93.4783,81.1111
854355,57500,57500,54500,57500,51000,54250,56200,0,1.4025e+08,2.034e+06,2.035e+06,2.036e+06,2.034e+06,2.036e+06,2.038e+06,630078,909375,1.6e+09,8,19168,153,36,19160,689,12,4816,57,352,19176,6749,200,19168,3833,192,4816,924,80,,,,,,,87.1795,34.7826,17.7966,81.0345,93.1034,85.2174
855662,57000,57000,54500,57000,51000,54500,56500,0,1.4025e+08,2.034e+06,2.035e+06,2.034e+06,2.034e+06,2.035e+06,2.035e+06,630078,917968,1.6e+09,8,19168,153,36,19160,689,12,4816,57,334,19176,6404,184,19168,3526,188,4816,905,80,,,,,,,86.9231,33.0769,10.8527,83.0769,93.1298,82.4427
856767,57000,57000,54500,57000,51000,54250,56000,0,1.4025e+08,2.031e+06,2.035e+06,2.034e+06,2.041e+06,2.035e+06,2.044e+06,630078,909375,1.6e+09,8,19168,153,36,19160,689,12,4816,57,344,19176,6596,196,19168,3756,192,4816,924,80,,,,,,,89.1892,37.2727,15.3153,89.1892,93.5185,82.8829
857215,57000,57000,55000,57000,51000,54250,56000,0,1.4025e+08,1.997e+06,2.036e+06,2.036e+06,1.997e+06,1.997e+06,1.997e+06,630078,898632,1.6e+09,8,19168,153,36,19160,689,12,4816,57,340,19176,6519,188,19168,3603,192,4816,924,80,,,,,,,86.3636,28.2609,20.4545,77.2727,95.7447,81.8182
858436,57500,57500,54500,57500,51000,54250,56000,0,1.4025e+08,2.037e+06,2.035e+06,2.035e+06,2.037e+06,2.038e+06,2.038e+06,630078,909375,1.6e+09,8,19168,153,36,19160,689,12,4816,57,340,19176,6519,188,19168,3603,188,4816,905,80,,,,,,,86.2903,36.3636,13.1148,81.9672,93.3884,84.4262
859286,57000,57000,54500,57000,51000,54250,56000,0,1.4025e+08,1.997e+06,2.035e+06,2.035e+06,1.997e+06,1.996e+06,1.996e+06,630078,898632,1.6e+09,8,19168,153,36,19160,689,12,4816,57,342,19176,6558,188,19168,3603,192,4816,924,80,,,,,,,89.2857,32.9412,16.4706,87.0588,94.1176,81.3953
860099,57000,57000,55000,57000,51000,54500,56000,0,1.4025e+08,2.035e+06,2.035e+06,2.034e+06,2.03e+06,2.036e+06,2.038e+06,630078,909375,1.6e+09,8,19168,153,36,19160,689,12,4816,57,344,19176,6596,192,19168,3680,192,4816,924,80,,,,,,,86.5854,37.037,11.25,86.4198,92.5926,85
861837,57000,57000,54500,57000,51000,54250,56300,0,1.4025e+08,2.034e+06,2.034e+06,2.035e+06,2.038e+06,2.032e+06,2.038e+06,630078,909375,1.6e+09,8,19168,153,36,19168,690,12,4816,57,320,19184,6138,172,19176,3298,180,4816,866,80,,,,,,,86.7052,32.948,12.1387,81.5029,93.1034,82.8571
862352,57500,57500,54500,57500,51000,54250,56200,0,1.4025e+08,2.034e+06,2.036e+06,2.036e+06,2.036e+06,2.035e+06,2.035e+06,630078,917968,1.6e+09,8,19168,153,36,19160,689,12,4816,57,344,19176,6596,196,19168,3756,188,4816,905,80,,,,,,,94.2308,45.098,20.7547,88,94.1176,86.2745
863437,57000,57000,54500,57000,51000,54250,56500,0,1.4025e+08,2.028e+06,2.035e+06,2.037e+06,2.03e+06,2.046e+06,2.036e+06,630078,909375,1.6e+09,8,19168,153,36,19160,689,12,4816,57,336,19176,6443,184,19168,3526,192,4816,924,80,,,,,,,84.4037,30.5556,18.3486,85.4545,93.578,81.6514
864253,57500,57500,54500,57500,51000,54250,56000,0,1.4025e+08,2.035e+06,2.034e+06,2.035e+06,2.037e+06,2.038e+06,2.036e+06,630078,909375,1.6e+09,8,19168,153,36,19160,689,12,4816,57,340,19176,6519,188,19168,3603,192,4816,924,80,,,,,,,90.1235,37.8049,11.25,86.4198,93.9024,85.1852
865517,57000,57000,54500,57000,51000,54250,56500,0,1.4025e+08,2.036e+06,2.035e+06,2.034e+06,2.03e+06,2.032e+06,2.03e+06,630078,909375,1.6e+09,8,19168,153,36,19160,689,12,4816,57,336,19176,6443,188,19168,3603,192,4816,924,80,,,,,,,85.8268,33.3333,16.5354,83.3333,93.6,81.8898
866889,57000,57000,55000,57000,51000,54250,56300,0,1.4025e+08,2.027e+06,2.035e+06,2.034e+06,2.027e+06,2.027e+06,2.026e+06,630078,909375,1.6e+09,8,19168,153,36,19160,689,12,4816,57,336,19176,6443,184,19168,3526,192,4816,924,80,,,,,,,87.5912,33.8235,14.5985,83.8235,93.4307,83.3333
867855,57500,57500,55000,57500,51000,54250,56300,0,1.4025e+08,2.034e+06,2.035e+06,2.034e+06,2.035e+06,2.034e+06,2.035e+06,630078,917968,1.6e+09,8,19168,153,36,19160,689,12,4816,57,346,19176,6634,196,19168,3756,188,4816,905,80,,,,,,,90.7216,40.2062,10.4167,83.5052,93.6842,86.4583
868060,57000,57000,54500,57000,51000,54250,56300,0,1.4025e+08,2.029e+06,2.036e+06,2.035e+06,2.032e+06,2.034e+06,2.035e+06,630078,909375,1.6e+09,8,19168,153,36,19160,689,12,4816,57,328,19184,6330,180,19168,3450,188,4816,905,80,,,,,,,71.4286,19.0476,15,71.4286,95.2381,80
869565,57500,57500,55000,57500,51000,54250,56300,0,1.4025e+08,2.032e+06,2.035e+06,2.036e+06,2.03e+06,2.041e+06,2.039e+06,630078,909375,1.6e+09,8,19168,153,36,19160,689,12,4816,57,350,19176,6711,200,19168,3833,192,4816,924,80,,,,,,,88.6667,36.2416,17.4497,85.3333,93.3775,84.106
870964,57500,57500,54500,57500,51000,54250,56200,0,1.4025e+08,2.035e+06,2.034e+06,2.036e+06,2.034e+06,2.04e+06,2.042e+06,630078,909375,1.6e+09,8,19168,153,36,19160,689,12,4816,57,348,19176,6673,196,19168,3756,192,4816,924,80,,,,,,,87.8571,34.2857,14.2857,84.7826,94.2446,83.5714
871257,57000,57000,54500,57000,51000,54250,56200,0,1.4025e+08,2.035e+06,2.034e+06,2.033e+06,2.034e+06,2.035e+06,2.035e+06,630078,917968,1.6e+09,8,19168,153,36,19160,689,12,4816,57,346,19176,6634,196,19168,3756,192,4816,924,80,,,,,,,90,45.1613,6.66667,96.6667,90,82.1429
872276,57500,57500,54500,57500,51000,54250,56000,0,1.4025e+08,2.034e+06,2.034e+06,2.035e+06,2.032e+06,2.034e+06,2.035e+06,630078,909375,1.6e+09,8,19168,153,36,19160,689,12,4816,57,352,19176,6749,200,19168,3833,192,4816,924,80,,,,,,,85.1485,34.6535,18.8119,79.2079,94.1176,83.4951
873250,57000,57000,54500,57000,51000,54250,56000,0,1.4025e+08,2.035e+06,2.036e+06,2.036e+06,2.033e+06,2.041e+06,2.036e+06,630078,909375,1.6e+09,8,19168,153,36,19160,689,12,4816,57,338,19176,6481,188,19168,3603,192,4816,924,80,,,,,,,88.8889,31.6327,11.1111,88.6598,93.8144,82.4742
874634,57000,57000,54500,57000,51000,54250,56200,0,1.4025e+08,2.035e+06,2.035e+06,2.036e+06,2.034e+06,2.036e+06,2.038e+06,630078,909375,1.6e+09,8,19168,153,36,19160,689,8,4816,38,338,19176,6481,188,19168,3603,192,4816,924,80,,,,,,,87.6812,34.3066,14.5985,84.058,93.4783,84.058
875810,57500,57500,54500,57500,51000,54250,56300,0,1.4025e+08,2.035e+06,2.034e+06,2.035e+06,2.033e+06,2.038e+06,2.038e+06,630078,909375,1.6e+09,8,19168,153,36,19160,689,12,4816,57,346,19176,6634,196,19168,3756,192,4816,924,80,,,,,,,87.2881,35.5932,17.094,81.8966,94.0171,84.7458
876108,57500,57500,55000,57500,51000,54250,56300,0,1.4025e+08,2.033e+06,2.034e+06,2.034e+06,2.038e+06,2.038e+06,2.032e+06,630078,909375,1.6e+09,8,19168,153,36,19160,689,12,4816,57,348,19176,6673,200,19168,3833,188,4816,905,80,,,,,,,89.6552,46.6667,0,93.3333,90,79.3103
877873,57500,57500,54500,57500,51000,54250,56000,0,1.4025e+08,2.035e+06,2.035e+06,2.036e+06,2.032e+06,2.04e+06,2.041e+06,630078,909375,1.6e+09,8,19168,153,36,19160,689,12,4816,57,348,19176,6673,196,19168,3756,192,4816,924,80,,,,,,,87.6404,32.9545,16.5714,82.3864,94.3182,84.1808
878265,57500,57500,54500,57500,51000,54250,56000,0,1.4025e+08,2.035e+06,2.034e+06,2.035e+06,2.035e+06,2.035e+06,2.036e+06,630078,917968,1.6e+09,8,19168,153,36,19160,689,12,4816,57,334,19176,6404,188,19168,3603,184,4816,886,80,,,,,,,89.7436,38.4615,0,75,87.1795,84.2105
879120,57000,57000,54500,57000,51000,54250,56300,0,1.4025e+08,2.033e+06,2.035e+06,2.034e+06,2.036e+06,2.035e+06,2.033e+06,630078,909375,1.6e+09,8,19168,153,36,19160,689,12,4816,57,334,19176,6404,184,19168,3526,188,4816,905,80,,,,,,,84.7059,32.1429,17.4419,85.8824,94.186,80.2326
880376,57000,57000,54500,57000,51000,54250,56300,0,1.4025e+08,2.032e+06,2.036e+06,2.036e+06,2.035e+06,2.041e+06,2.039e+06,630078,909375,1.6e+09,8,19168,153,36,19160,689,12,4816,57,334,19176,6404,184,19168,3526,184,4816,886,80,,,,,,,89.7638,35.7143,12.8,84,93.6,86.4
881252,57500,57500,54500,57500,51000,54500,56300,0,1.4025e+08,2.034e+06,2.036e+06,2.035e+06,2.037e+06,2.036e+06,2.036e+06,630078,909375,1.6e+09,8,19168,153,36,19160,689,12,4816,57,354,19176,6788,200,19168,3833,196,4816,943,80,,,,,,,86.0465,37.5,22.7273,86.2069,95.4545,80.8989
882437,57500,57500,54500,57500,51000,54500,56000,0,1.4025e+08,2.04e+06,2.034e+06,2.035e+06,2.035e+06,2.042e+06,2.044e+06,630078,909375,1.6e+09,8,19168,153,36,19160,689,12,4816,57,332,19176,6366,184,19168,3526,184,4816,886,80,,,,,,,88.3333,32.4786,7.69231,82.2034,91.5966,84.7458
883658,57000,57000,54500,57000,51000,54250,56000,0,1.4025e+08,2.034e+06,2.034e+06,2.033e+06,2.029e+06,2.035e+06,2.04e+06,630078,909375,1.6e+09,8,19168,153,36,19160,689,12,4816,57,340,19176,6519,192,19168,3680,192,4816,924,80,,,,,,,87.6033,35.2459,16.5289,90.1639,94.2149,80.9917
884441,57500,57500,54500,57500,51000,54250,56000,0,1.4025e+08,2.037e+06,2.036e+06,2.036e+06,2.039e+06,2.047e+06,2.035e+06,630078,909375,1.6e+09,8,19168,153,36,19160,689,12,4816,57,342,19176,6558,192,19168,3680,188,4816,905,80,,,,,,,88.6076,36.7089,13.9241,78.2051,93.6709,84.8101
885791,57500,57500,54500,57500,51000,54250,56500,0,1.4025e+08,2.039e+06,2.036e+06,2.035e+06,2.034e+06,2.041e+06,2.041e+06,630078,909375,1.6e+09,8,19168,153,36,19160,689,12,4816,57,346,19176,6634,196,19168,3756,188,4816,905,80,,,,,,,87.4074,35.0746,14.9254,85.8209,93.985,82.963
886318,57000,57000,54500,57000,51000,54250,56300,0,1.4025e+08,2.03e+06,2.036e+06,2.035e+06,2.031e+06,2.032e+06,2.033e+06,630078,909375,1.6e+09,8,19168,153,36,19160,689,12,4816,57,342,19176,6519,192,19168,3680,192,4816,924,80,,,,,,,83.0189,30.7692,17.3077,88.6792,94.4444,80.7692
887207,57500,57500,54500,57500,51000,54250,56300,133,1.4025e+08,2.039e+06,2.035e+06,2.035e+06,2.033e+06,2.039e+06,2.042e+06,630078,909375,1.6e+09,8,19168,153,36,19160,689,12,4816,57,342,19176,6558,192,19168,3680,188,4816,905,80,,,,,,,90.9091,35.2273,11.236,79.5455,92.1348,85.5556
888006,57000,57000,54500,57000,51000,54250,56000,134,1.4025e+08,2.032e+06,2.035e+06,2.034e+06,2.031e+06,2.035e+06,2.035e+06,630078,909375,1.6e+09,8,19168,153,36,19160,689,12,4816,57,328,19176,6289,180,19168,3450,184,4816,886,80,,,,,,,86.4198,30,11.3924,83.5443,93.6709,85
889753,57000,57000,55000,57000,51000,54250,56000,0,1.4025e+08,2.035e+06,2.035e+06,2.035e+06,2.034e+06,2.036e+06,2.037e+06,630078,909375,1.6e+09,8,19168,153,36,19160,689,12,4816,57,344,19176,6596,192,19168,3680,192,4816,924,80,,,,,,,86.2069,36.5714,17.7143,86.8571,93.6782,81.6092
890492,57500,57500,54500,57500,51000,54250,56000,0,1.4025e+08,2.035e+06,2.034e+06,2.035e+06,2.035e+06,2.036e+06,2.035e+06,630078,909375,1.6e+09,8,19168,153,36,19160,689,12,4816,57,340,19176,6519,188,19168,3603,192,4816,924,80,,,,,,,88,32.4324,14.8649,85.1351,94.6667,83.7838
891101,57000,57000,54500,57000,51000,54250,56000,0,1.4025e+08,1.998e+06,2.034e+06,2.033e+06,1.998e+06,1.997e+06,2e+06,630078,898632,1.6e+09,8,19168,153,36,19160,689,12,4816,57,346,19176,6634,196,19168,3756,192,4816,924,80,,,,,,,86.6667,38.3333,16.3934,81.9672,93.2203,80.3279
892588,57000,57000,54500,57000,51000,54250,56000,0,1.4025e+08,2.034e+06,2.034e+06,2.036e+06,2.034e+06,2.035e+06,2.033e+06,630078,909375,1.6e+09,8,19168,153,36,19160,689,12,4816,57,336,19176,6443,184,19168,3526,192,4816,924,80,,,,,,,88,33.1081,13.5135,85.906,92.6667,84
893843,57000,57000,54500,57000,51000,54250,56300,0,1.4025e+08,2.03e+06,2.035e+06,2.035e+06,2.035e+06,2.039e+06,2.034e+06,630078,909375,1.6e+09,8,19168,153,36,19160,689,12,4816,57,344,19176,6596,192,19168,3680,192,4816,924,80,,,,,,,86.5079,36,15.873,83.0645,94.3089,82.4
894537,57000,57000,54500,57000,51000,54250,56300,0,1.4025e+08,2.03e+06,2.034e+06,2.034e+06,2.033e+06,2.03e+06,2.03e+06,630078,909375,1.6e+09,8,19168,153,36,19160,689,12,4816,57,344,19176,6596,192,19168,3680,192,4816,924,80,,,,,,,86.9565,34.7826,14.4928,84.058,92.9577,84.058
895839,57500,57500,55000,57500,51000,54250,56300,0,1.4025e+08,2.032e+06,2.035e+06,2.034e+06,2.033e+06,2.037e+06,2.038e+06,630078,909375,1.6e+09,8,19168,153,36,19160,689,12,4816,57,344,19176,6596,192,19168,3680,192,4816,924,80,,,,,,,89.1473,33.0769,15.3846,83.0769,94.5736,84.7328
896359,57000,57000,54500,57000,51000,54250,56300,0,1.4025e+08,2.035e+06,2.035e+06,2.035e+06,2.035e+06,2.035e+06,2.034e+06,630078,917968,1.6e+09,8,19168,153,36,19160,689,12,4816,57,330,19176,6328,180,19168,3450,184,4816,886,80,,,,,,,83.0189,34.6154,5.76923,78.4314,90.566,82.6923
897424,57000,57000,54500,57000,51000,54250,56000,0,1.4025e+08,2.027e+06,2.036e+06,2.035e+06,2.033e+06,2.033e+06,2.032e+06,630078,909375,1.6e+09,8,19168,153,36,19160,689,12,4816,57,334,19176,6404,184,19168,3526,192,4816,924,80,,,,,,,89.6226,34.5794,15.0943,88.8889,93.3962,83.0189
898692,57000,57000,55000,57000,51000,54250,56000,0,1.4025e+08,2.031e+06,2.035e+06,2.033e+06,2.034e+06,2.03e+06,2.033e+06,630078,909375,1.6e+09,8,19168,153,36,19160,689,12,4816,57,346,19176,6634,196,19168,3756,192,4816,924,80,,,,,,,85.9375,36.8,16,83.3333,93.75,82.6772
899417,57000,57000,54500,57000,51000,54250,56000,0,1.4025e+08,2.034e+06,2.036e+06,2.036e+06,2.031e+06,2.036e+06,2.035e+06,630078,909375,1.6e+09,8,19168,153,36,19160,689,12,4816,57,344,19176,6596,196,19168,3680,192,4816,924,80,,,,,,,88.8889,34.2466,15.2778,84.7222,94.3662,84.507
900988,57500,57500,55000,57500,51000,54250,56000,0,1.4025e+08,1.998e+06,2.035e+06,2.034e+06,1.997e+06,2.002e+06,2.032e+06,630078,917968,1.6e+09,8,19168,153,36,19160,689,8,4816,38,346,19176,6634,196,19168,3756,188,4816,905,80,,,,,,,88.6076,35.6688,13.2911,82.6923,93.6306,84.1772
901656,57500,57500,54500,57500,51000,54250,56300,0,1.4025e+08,2.033e+06,2.035e+06,2.035e+06,2.034e+06,2.05e+06,2.047e+06,630078,909375,1.6e+09,8,19168,153,36,19160,689,12,4816,57,348,19176,6673,200,19168,3833,188,4816,905,80,,,,,,,87.8788,36.3636,13.8462,88.0597,92.5373,82.0896
902675,57500,57500,54500,57500,51000,54250,56300,0,1.4025e+08,2.032e+06,2.036e+06,2.034e+06,2.029e+06,2.038e+06,2.036e+06,630078,909375,1.6e+09,8,19168,153,36,19160,689,12,4816,57,350,19176,6711,200,19168,3833,192,4816,924,80,,,,,,,85.2941,32.3529,19.6078,82.1782,94.0594,84.1584
903264,57000,57000,54500,57000,51000,54250,56300,0,1.4025e+08,2.029e+06,2.035e+06,2.036e+06,2.033e+06,2.034e+06,2.033e+06,630078,909375,1.6e+09,8,19168,153,36,19160,689,12,4816,57,330,19176,6328,184,19168,3526,188,4816,905,80,,,,,,,85,32.2034,6.77966,83.0508,93.2203,80
904903,56500,56500,54500,56500,51000,54250,56000,0,1.4025e+08,1.998e+06,2.035e+06,2.033e+06,1.999e+06,1.996e+06,1.996e+06,630078,917968,1.6e+09,8,19168,153,36,19160,689,12,4816,57,346,19176,6634,196,19168,3756,192,4816,924,80,,,,,,,87.8049,36.1963,15.8537,86.5854,93.2927,82.9268
905307,57000,57000,54500,57000,51000,54250,56000,0,1.4025e+08,1.997e+06,2.036e+06,2.035e+06,1.998e+06,1.998e+06,1.999e+06,630078,917968,1.6e+09,8,19168,153,36,19168,690,12,4816,57,320,19184,6138,172,19176,3298,184,4816,886,80,,,,,,,85,24.3902,2.5,71.7949,94.8718,85
906074,57000,57000,54500,57000,51000,54250,56000,0,1.4025e+08,2.033e+06,2.036e+06,2.035e+06,2.036e+06,2.038e+06,2.036e+06,630078,909375,1.6e+09,8,19168,153,36,19160,689,12,4816,57,350,19176,6711,200,19168,3833,192,4816,924,80,,,,,,,89.4737,40.7895,23.3766,85.7143,93.5065,84.2105
907012,57500,57500,54500,57500,51000,54250,56000,0,1.4025e+08,2.031e+06,2.035e+06,2.036e+06,2.032e+06,2.032e+06,2.03e+06,630078,909375,1.6e+09,8,19168,153,36,19160,689,12,4816,57,346,19176,6634,196,19168,3756,192,4816,924,80,,,,,,,87.5,34.0426,12.9032,88.2979,93.6842,82.9787
908178,57500,57500,54500,57500,51000,54250,56000,0,1.4025e+08,2.034e+06,2.037e+06,2.035e+06,2.031e+06,2.037e+06,2.035e+06,630078,909375,1.6e+09,8,19168,153,36,19160,689,12,4816,57,350,19176,6711,200,19168,3833,192,4816,924,80,,,,,,,87.8261,35.3448,16.3793,81.0345,93.913,84.4828
909339,57500,57500,54500,57500,51000,54250,56000,0,1.4025e+08,2.034e+06,2.035e+06,2.036e+06,2.035e+06,2.034e+06,2.038e+06,630078,909375,1.6e+09,8,19168,153,36,19160,689,12,4816,57,332,19176,6366,184,19168,3526,184,4816,886,80,,,,,,,88.7931,33.6207,9.40171,81.8966,92.3077,83.7607
910130,57000,57000,54500,57000,51000,54250,56000,0,1.4025e+08,1.996e+06,2.035e+06,2.035e+06,1.996e+06,1.996e+06,1.997e+06,630078,898632,1.6e+09,8,19168,153,36,19160,689,12,4816,57,324,19184,6215,176,19168,3373,184,4816,886,80,,,,,,,83.9506,31.6456,13.9241,86.25,93.75,79.7468
911553,57000,57000,54500,57000,51000,54250,56000,0,1.4025e+08,2.035e+06,2.035e+06,2.035e+06,2.034e+06,2.033e+06,2.033e+06,630078,909375,1.6e+09,8,19168,153,36,19160,689,12,4816,57,336,19176,6443,188,19168,3603,188,4816,905,80,,,,,,,87.9433,36.1702,16.3121,85,94.2857,83.8028
912589,57500,57500,54500,57500,51000,54250,56000,0,1.4025e+08,2.033e+06,2.035e+06,2.034e+06,2.033e+06,2.035e+06,2.035e+06,630078,909375,1.6e+09,8,19168,153,36,19160,689,12,4816,57,338,19176,6481,188,19168,3603,192,4816,924,80,,,,,,,89.3204,34.2857,14.5631,89.3204,94.2308,83.4951
913566,57000,57000,54500,57000,51000,54250,56300,0,1.4025e+08,2.027e+06,2.035e+06,2.034e+06,2.03e+06,2.03e+06,2.032e+06,630078,909375,1.6e+09,8,19168,153,36,19160,689,12,4816,57,320,19184,6138,172,19168,3296,180,4816,866,80,,,,,,,85.7143,32.6316,10.3093,78.5714,92.7835,82.8283
914208,57000,57000,54500,57000,51000,54250,56300,0,1.4025e+08,2.035e+06,2.035e+06,2.035e+06,2.035e+06,2.035e+06,2.035e+06,630078,917968,1.6e+09,8,19168,153,36,19160,689,12,4816,57,328,19184,6292,180,19168,3450,184,4816,886,80,,,,,,,90.625,37.5,14.2857,82.8125,92.3077,87.5
915030,57000,57000,55000,57000,51000,54250,56200,0,1.4025e+08,2.031e+06,2.034e+06,2.035e+06,2.033e+06,2.036e+06,2.032e+06,630078,909375,1.6e+09,8,19168,153,36,19160,689,12,4816,57,344,19176,6596,196,19168,3756,192,4816,924,80,,,,,,,85.3659,37.8049,21.6867,85.1852,95.0617,80.4878
916356,57000,57000,54500,57000,51000,54250,56300,0,1.4025e+08,2.035e+06,2.036e+06,2.034e+06,2.035e+06,2.034e+06,2.034e+06,630078,917968,1.6e+09,8,19168,153,36,19160,689,12,4816,57,326,19184,6253,180,19168,3450,184,4816,886,80,,,,,,,86.4662,32.5758,11.3636,83.4586,93.1818,82.5758
917526,57500,57500,55000,57500,51000,54500,56000,0,1.4025e+08,2.032e+06,2.035e+06,2.035e+06,2.034e+06,2.039e+06,2.039e+06,630078,909375,1.6e+09,8,19168,153,36,19160,689,12,4816,57,348,19176,6673,200,19168,3833,188,4816,905,80,,,,,,,90.5983,39.3162,15.3846,87.931,93.1624,84.7458
918236,57500,57500,54500,57500,51000,54250,56000,0,1.4025e+08,2.039e+06,2.036e+06,2.036e+06,2.032e+06,2.04e+06,2.041e+06,630078,909375,1.6e+09,8,19168,153,36,19160,689,12,4816,57,344,19176,6596,196,19168,3756,188,4816,905,80,,,,,,,87.6712,32.8571,14.2857,82.8571,94.3662,84.2857
919361,57000,57000,54500,57000,51000,54250,56300,0,1.4025e+08,2.032e+06,2.035e+06,2.034e+06,2.033e+06,2.03e+06,2.031e+06,630078,909375,1.6e+09,8,19168,153,36,19160,689,12,4816,57,342,19176,6558,192,19168,3680,192,4816,924,80,,,,,,,84.6847,33.6283,17.8571,85.8407,93.75,80.531
920277,57500,57500,54500,57500,51000,54250,56300,0,1.4025e+08,2.037e+06,2.035e+06,2.036e+06,2.039e+06,2.036e+06,2.039e+06,630078,909375,1.6e+09,8,19168,153,36,19160,689,12,4816,57,350,19176,6711,200,19168,3833,188,4816,905,80,,,,,,,90.2174,38.4615,10.8696,84.7826,93.4066,85.8696
921728,57000,57000,54500,57000,51000,54250,56000,0,1.4025e+08,1.996e+06,2.036e+06,2.035e+06,1.996e+06,1.997e+06,1.996e+06,630078,898632,1.6e+09,8,19168,153,36,19160,689,12,4816,57,338,19176,6443,188,19168,3603,188,4816,905,80,,,,,,,87.5862,33.1034,13.1944,80.5556,93.1034,84.1379
922459,57500,57500,54500,57500,51000,54250,56000,0,1.4025e+08,2.031e+06,2.035e+06,2.035e+06,2.024e+06,2.033e+06,2.033e+06,630078,909375,1.6e+09,8,19168,153,36,19160,689,12,4816,57,332,19176,6366,184,19168,3526,184,4816,886,80,,,,,,,87.6712,34.2466,15.0685,84.9315,93.1507,84.7222
923864,57000,57000,55000,57000,51000,54250,56300,0,1.4025e+08,1.997e+06,2.035e+06,2.036e+06,1.997e+06,1.999e+06,1.998e+06,630078,898632,1.6e+09,8,19168,153,36,19160,689,12,4816,57,328,19176,6289,180,19168,3450,184,4816,886,80,,,,,,,87.9433,33.5714,13.5714,84.3972,93.5714,83.6879
924570,57000,57000,54500,57000,51000,54250,56300,0,1.4025e+08,2.038e+06,2.035e+06,2.036e+06,2.038e+06,2.032e+06,2.037e+06,630078,909375,1.6e+09,8,19168,153,36,19160,689,12,4816,57,326,19176,6253,180,19168,3450,184,4816,886,80,,,,,,,87.1429,34.2857,15.493,85.5072,94.2857,82.8571
925996,57500,57500,54500,57500,51000,54250,56000,0,1.4025e+08,1.996e+06,2.035e+06,2.034e+06,1.996e+06,2.003e+06,2.024e+06,630078,917968,1.6e+09,8,19168,153,36,19168,690,12,4816,57,316,19184,6062,172,19176,3298,180,4816,866,80,,,,,,,85.3147,34.7222,14.0845,83.9161,93.662,81.1189
926708,57000,57000,55000,57000,51000,54250,56000,0,1.4025e+08,2.035e+06,2.035e+06,2.036e+06,2.035e+06,2.035e+06,2.035e+06,630078,909375,1.6e+09,8,19168,153,36,19160,689,12,4816,57,324,19184,6215,176,19168,3373,184,4816,886,80,,,,,,,87.5,36.6197,16.9014,84.7222,93.0556,83.0986
927929,57500,57500,54500,57500,51000,54250,56000,0,1.4025e+08,1.997e+06,2.035e+06,2.035e+06,1.996e+06,1.998e+06,1.996e+06,630078,898632,1.6e+09,8,19168,153,36,19160,689,12,4816,57,338,19176,6481,192,19168,3680,188,4816,886,80,,,,,,,90.1639,36.6667,14.7541,83.4711,93.4959,84.5528
928419,57000,57000,54500,57000,51000,54250,56000,0,1.4025e+08,1.998e+06,2.034e+06,2.035e+06,1.999e+06,1.999e+06,2.001e+06,630078,898632,1.6e+09,8,19168,153,36,19160,689,12,4816,57,342,19176,6558,192,19168,3680,192,4816,924,80,,,,,,,83.3333,34.6939,20.4082,95.8333,95.8333,81.25
929394,57000,57000,55000,57000,51000,54250,56300,0,1.4025e+08,2.035e+06,2.035e+06,2.035e+06,2.035e+06,2.034e+06,2.034e+06,630078,917968,1.6e+09,8,19168,153,36,19160,689,12,4816,57,328,19184,6292,180,19168,3450,184,4816,886,80,,,,,,,88.8889,31.9588,10.3093,79.1667,91.8367,86.5979
930346,57500,57500,54500,57500,51000,54250,56300,0,1.4025e+08,2.034e+06,2.035e+06,2.035e+06,2.034e+06,2.034e+06,2.035e+06,630078,917968,1.6e+09,8,19168,153,36,19160,689,12,4816,57,342,19176,6558,192,19168,3680,192,4816,924,80,,,,,,,86.3158,35.4167,20.2128,87.5,95.7895,80.2083
931406,57500,57500,54500,57500,51000,54250,56300,0,1.4025e+08,2.035e+06,2.035e+06,2.035e+06,2.036e+06,2.035e+06,2.034e+06,630078,917968,1.6e+09,8,19168,153,36,19160,689,12,4816,57,336,19176,6443,188,19168,3603,184,4816,886,80,,,,,,,87.8505,37.1429,10.3774,80,91.5094,84.9057
932047,57500,57500,54500,57500,51000,54250,56000,0,1.4025e+08,2.042e+06,2.035e+06,2.036e+06,2.038e+06,2.045e+06,2.044e+06,630078,909375,1.6e+09,8,19168,153,36,19160,689,12,4816,57,344,19176,6558,196,19168,3756,188,4816,905,80,,,,,,,90.4762,37.5,15.625,89.0625,95.2381,82.8125
933018,57500,57500,54500,57500,51000,54250,56300,0,1.4025e+08,1.998e+06,2.036e+06,2.034e+06,1.998e+06,1.997e+06,1.998e+06,630078,898632,1.6e+09,8,19168,153,36,19160,689,12,4816,57,352,19176,6749,200,19168,3833,196,4816,943,80,,,,,,,84.5361,34.6939,19.7917,83.5052,93.8144,83.5052
934669,57000,57000,54500,57000,51000,54250,56000,0,1.4025e+08,2.034e+06,2.036e+06,2.035e+06,2.034e+06,2.034e+06,2.037e+06,630078,909375,1.6e+09,8,19168,153,36,19160,689,12,4816,57,338,19176,6481,188,19168,3603,192,4816,924,80,,,,,,,87.9518,32.9268,13.253,87.1951,93.9394,82.5301
935950,57000,57000,55000,57000,51000,54250,56000,0,1.4025e+08,2.031e+06,2.035e+06,2.034e+06,2.031e+06,2.033e+06,2.031e+06,630078,909375,1.6e+09,8,19168,153,36,19160,689,12,4816,57,346,19176,6634,196,19168,3756,192,4816,924,80,,,,,,,86.6142,37.2093,14.9606,82.8125,92.9688,82.0312
936324,57000,57000,54500,57000,51000,54250,56000,0,1.4025e+08,2.027e+06,2.036e+06,2.035e+06,2.027e+06,2.027e+06,2.029e+06,630078,909375,1.6e+09,8,19168,153,36,19160,689,12,4816,57,322,19184,6177,176,19168,3373,180,4816,866,80,,,,,,,89.4737,22.2222,0,72.2222,91.8919,89.4737
937742,57000,57000,54500,57000,51000,54250,56000,0,1.4025e+08,2.035e+06,2.034e+06,2.035e+06,2.04e+06,2.038e+06,2.038e+06,630078,909375,1.6e+09,8,19168,153,36,19160,689,12,4816,57,322,19184,6177,176,19168,3373,184,4816,886,80,,,,,,,85.9155,35.461,15,83.9161,94.3262,82.9787
938961,57500,57500,54500,57500,51000,54250,56000,0,1.4025e+08,2.038e+06,2.034e+06,2.036e+06,2.037e+06,2.039e+06,2.042e+06,630078,909375,1.6e+09,8,19168,153,36,19160,689,12,4816,57,342,19176,6558,192,19168,3680,188,4816,905,80,,,,,,,90.9836,37.7049,14.876,84.1667,93.4426,84.5528
939501,57000,57000,54500,57000,51000,54250,56300,0,1.4025e+08,2.034e+06,2.035e+06,2.035e+06,2.034e+06,2.035e+06,2.035e+06,630078,917968,1.6e+09,8,19168,153,36,19160,689,12,4816,57,336,19176,6443,188,19168,3603,192,4816,924,80,,,,,,,83.9286,29.6296,18.5185,96.2963,94.4444,81.4815
940080,57000,57000,54500,57000,51000,54250,56300,0,1.4025e+08,2.032e+06,2.034e+06,2.035e+06,2.036e+06,2.03e+06,2.032e+06,630078,909375,1.6e+09,8,19168,153,36,19160,689,12,4816,57,348,19176,6673,196,19168,3756,192,4816,924,80,,,,,,,85.9649,40.678,17.5439,81.0345,93.1034,81.0345
941091,57000,57000,54500,57000,51000,54250,56300,0,1.4025e+08,2.032e+06,2.035e+06,2.034e+06,2.032e+06,2.04e+06,2.039e+06,630078,909375,1.6e+09,8,19168,153,36,19160,689,12,4816,57,332,19176,6366,184,19168,3526,184,4816,886,80,,,,,,,89.2157,32.6733,9.90099,79,93,88
942051,57000,57000,54500,57000,51000,54250,56000,0,1.4025e+08,1.996e+06,2.034e+06,2.035e+06,1.997e+06,1.997e+06,1.998e+06,630078,898632,1.6e+09,8,19168,153,36,19160,689,12,4816,57,346,19176,6634,196,19168,3756,192,4816,924,80,,,,,,,86.3158,34.7368,20.8333,87.5,94.7917,82.2917
943668,57000,57000,54500,57000,51000,54250,56200,0,1.4025e+08,2.034e+06,2.035e+06,2.034e+06,2.034e+06,2.034e+06,2.034e+06,630078,917968,1.6e+09,8,19168,153,36,19160,689,12,4816,57,334,19176,6404,184,19168,3526,192,4816,924,80,,,,,,,87.5776,34.1615,13.5802,85.8025,92.5926,81.9876
944655,57000,57000,54500,57000,51000,54250,56200,0,1.4025e+08,2.025e+06,2.035e+06,2.034e+06,2.035e+06,2.035e+06,2.035e+06,630078,909375,1.6e+09,8,19168,153,36,19160,689,12,4816,57,328,19184,6292,180,19168,3450,184,4816,886,80,,,,,,,86,33.6735,12.2449,78.5714,93.8776,82.8283
945260,57000,57000,54500,57000,51000,54250,56000,0,1.4025e+08,2.039e+06,2.035e+06,2.035e+06,2.032e+06,2.038e+06,2.038e+06,630078,909375,1.6e+09,8,19168,153,36,19160,689,12,4816,57,328,19184,6292,180,19168,3450,184,4816,886,80,,,,,,,93.3333,35.4839,13.1148,83.3333,93.3333,88.5246
946696,57000,57000,54500,57000,51000,54000,56300,0,1.4025e+08,2.032e+06,2.035e+06,2.034e+06,2.027e+06,2.033e+06,2.033e+06,630078,909375,1.6e+09,8,19168,153,36,19168,690,12,4816,57,316,19184,6062,172,19176,3298,180,4816,866,80,,,,,,,85.4167,33.8028,14.5833,84.0278,93.75,80.9859
947011,57000,57000,54500,57000,51000,54250,56300,0,1.4025e+08,2.035e+06,2.035e+06,2.035e+06,2.033e+06,2.033e+06,2.031e+06,630078,909375,1.6e+09,8,19168,153,36,19160,689,12,4816,57,346,19176,6634,196,19168,3756,192,4816,924,80,,,,,,,90.625,51.6129,29.0323,100,93.75,84.375
948785,57000,57000,54500,57000,51000,54250,56000,0,1.4025e+08,2.039e+06,2.036e+06,2.034e+06,2.032e+06,2.035e+06,2.032e+06,630078,909375,1.6e+09,8,19168,153,36,19160,689,12,4816,57,324,19184,6215,176,19168,3373,184,4816,886,80,,,,,,,87.0056,32.2034,12.4294,81.8182,93.2203,83.6158
949932,57500,57500,55000,57500,51000,54500,56200,0,1.4025e+08,2.037e+06,2.035e+06,2.034e+06,2.04e+06,2.039e+06,2.038e+06,630078,909375,1.6e+09,8,19168,153,36,19160,689,12,4816,57,346,19176,6634,196,19168,3756,188,4816,905,80,,,,,,,90.5172,40,15.0442,89.6552,93.8596,84.3478
950370,57500,57500,55000,57500,51000,54250,56200,0,1.4025e+08,2.036e+06,2.035e+06,2.036e+06,2.03e+06,2.03e+06,2.034e+06,630078,909375,1.6e+09,8,19168,153,36,19160,689,12,4816,57,338,19176,6481,188,19168,3603,192,4816,924,80,,,,,,,83.7209,23.2558,22.7273,77.2727,95.4545,80
951061,57500,57500,54500,57500,51000,54250,56200,0,1.4025e+08,2.033e+06,2.035e+06,2.036e+06,2.029e+06,2.033e+06,2.032e+06,630078,909375,1.6e+09,8,19168,153,36,19160,689,12,4816,57,338,19176,6481,188,19168,3603,192,4816,924,80,,,,,,,87.1429,34.7826,14.4928,85.2941,94.1176,83.8235
952659,57000,57000,54500,57000,51000,54250,56300,0,1.4025e+08,1.998e+06,2.035e+06,2.034e+06,1.999e+06,1.996e+06,1.999e+06,630078,898632,1.6e+09,8,19168,153,36,19160,689,12,4816,57,340,19176,6519,188,19168,3603,192,4816,924,80,,,,,,,88.6792,36.25,13.125,86.1635,92.5,83.6478
953828,57000,57000,54500,57000,51000,54250,56300,0,1.4025e+08,2.032e+06,2.036e+06,2.035e+06,2.027e+06,2.03e+06,2.029e+06,630078,909375,1.6e+09,8,19168,153,36,19160,689,12,4816,57,336,19176,6443,184,19168,3526,192,4816,924,80,,,,,,,85.3448,31.8966,17.094,81.1966,94.8718,82.0513
954923,57000,57000,54500,57000,51000,54250,56000,0,1.4025e+08,2.041e+06,2.036e+06,2.035e+06,2.031e+06,2.04e+06,2.041e+06,630078,909375,1.6e+09,8,19168,153,36,19160,689,12,4816,57,328,19176,6289,180,19168,3450,184,4816,886,80,,,,,,,90.0901,35.4545,9.17431,81.6514,92.6606,88.1818
955228,57000,57000,55000,57000,51000,54250,56000,0,1.4025e+08,2.031e+06,2.034e+06,2.034e+06,2.034e+06,2.031e+06,2.032e+06,630078,909375,1.6e+09,8,19168,153,36,19160,689,12,4816,57,336,19176,6443,184,19168,3526,192,4816,924,80,,,,,,,76.6667,36.6667,32.2581,96.7742,96.7742,67.7419
956822,57000,57000,54500,57000,51000,54250,56000,0,1.4025e+08,2.038e+06,2.036e+06,2.034e+06,2.042e+06,2.037e+06,2.042e+06,630078,909375,1.6e+09,8,19168,153,36,19160,689,12,4816,57,344,19176,6634,196,19168,3756,188,4816,905,80,,,,,,,89.375,36.478,12.5786,85.5346,93.038,84.2767
957623,57500,57500,55000,57500,51000,54250,56300,0,1.4025e+08,2.036e+06,2.035e+06,2.035e+06,2.033e+06,2.036e+06,2.036e+06,630078,909375,1.6e+09,8,19168,153,36,19160,689,12,4816,57,334,19176,6404,188,19168,3603,184,4816,886,80,,,,,,,87.5,32.5,12.5,74.6835,92.5,86.0759
958163,57000,57000,54500,57000,51000,54250,56000,0,1.4025e+08,2.038e+06,2.035e+06,2.034e+06,2.035e+06,2.038e+06,2.038e+06,630078,909375,1.6e+09,8,19168,153,36,19160,689,12,4816,57,338,19176,6481,188,19168,3603,192,4816,924,80,,,,,,,87.037,33.3333,19.2308,96.2963,94.4444,78.1818
959241,57500,57500,54500,57500,51000,54250,56200,0,1.4025e+08,1.998e+06,2.035e+06,2.036e+06,1.998e+06,1.997e+06,1.997e+06,630078,898632,1.6e+09,8,19168,153,36,19160,689,12,4816,57,350,19176,6711,200,19168,3833,192,4816,924,80,,,,,,,86.1111,36.4486,18.5185,81.4815,94.4444,85.1852
960015,57000,57000,55000,57000,51000,54250,56200,0,1.4025e+08,2.039e+06,2.035e+06,2.036e+06,2.029e+06,2.039e+06,2.035e+06,630078,909375,1.6e+09,8,19168,153,36,19160,689,12,4816,57,342,19176,6558,192,19168,3680,192,4816,924,80,,,,,,,89.7436,30.7692,12.987,85.7143,94.7368,81.8182
961501,57000,57000,54500,57000,51000,54250,56000,0,1.4025e+08,2.031e+06,2.036e+06,2.035e+06,2.031e+06,2.03e+06,2.032e+06,630078,909375,1.6e+09,8,19168,153,36,19160,689,12,4816,57,346,19176,6634,196,19168,3756,192,4816,924,80,,,,,,,86.4865,37.1622,14.094,85.906,92.6174,83.1081
962646,57000,57000,54500,57000,51000,54250,56200,0,1.4025e+08,2.033e+06,2.034e+06,2.034e+06,2.037e+06,2.041e+06,2.036e+06,630078,909375,1.6e+09,8,19168,153,36,19160,689,12,4816,57,346,19176,6673,196,19168,3756,192,4816,924,80,,,,,,,86.9565,34.7826,15.0442,80.8696,93.913,84.3478
963062,57500,57500,54500,57500,51000,54250,56200,0,1.4025e+08,2.024e+06,2.036e+06,2.034e+06,2.031e+06,2.038e+06,2.038e+06,630078,909375,1.6e+09,8,19168,153,36,19160,689,12,4816,57,348,19176,6673,200,19168,3833,188,4816,905,80,,,,,,,95.122,39.0244,4.7619,95,92.6829,83.3333
964518,57500,57500,54500,57500,51000,54250,56300,0,1.4025e+08,2.034e+06,2.035e+06,2.035e+06,2.027e+06,2.032e+06,2.037e+06,630078,909375,1.6e+09,8,19168,153,36,19160,689,12,4816,57,334,19176,6404,188,19168,3603,184,4816,886,80,,,,,,,86.8966,32.4138,14.3836,80.2721,92.4658,84.1379
965314,57000,57000,54500,57000,51000,54250,56000,0,1.4025e+08,1.998e+06,2.034e+06,2.035e+06,1.996e+06,1.996e+06,1.997e+06,630078,898632,1.6e+09,8,19168,153,36,19168,690,12,4816,57,320,19184,6138,172,19168,3296,180,4816,866,80,,,,,,,85.1852,30.3797,11.3924,86.0759,94.8718,81.25
966012,57000,57000,54500,57000,51000,54250,56000,0,1.4025e+08,1.996e+06,2.036e+06,2.035e+06,1.997e+06,1.997e+06,1.997e+06,630078,898632,1.6e+09,8,19168,153,36,19168,690,12,4816,57,318,19184,6100,172,19176,3298,180,4816,866,80,,,,,,,86.9565,34.2857,14.4928,84.058,94.2857,82.8571
967840,57000,57000,54500,57000,51000,54250,56000,0,1.4025e+08,2.036e+06,2.035e+06,2.033e+06,2.039e+06,2.041e+06,2.038e+06,630078,909375,1.6e+09,8,19168,153,36,19160,689,12,4816,57,340,19176,6519,192,19168,3680,192,4816,924,80,,,,,,,88.587,36.612,16.9399,87.4317,93.4066,83.0601
968055,57000,57000,54500,57000,51000,54250,56000,0,1.4025e+08,2.032e+06,2.035e+06,2.035e+06,2.027e+06,2.029e+06,2.032e+06,630078,909375,1.6e+09,8,19168,153,36,19160,689,12,4816,57,326,19184,6253,176,19168,3373,184,4816,886,80,,,,,,,86.3636,20,0,57.1429,90.9091,95.2381
969972,57000,57000,54500,57000,51000,54250,56200,0,1.4025e+08,2.038e+06,2.036e+06,2.035e+06,2.036e+06,2.041e+06,2.042e+06,630078,909375,1.6e+09,8,19168,153,36,19160,689,12,4816,57,346,19176,6634,196,19168,3756,188,4816,905,80,,,,,,,87.9581,37.1728,15.625,85.9375,93.7173,82.8125
970340,57000,57000,54500,57000,51000,54250,56000,0,1.4025e+08,1.981e+06,2.035e+06,2.036e+06,1.996e+06,1.999e+06,1.999e+06,630078,887890,1.6e+09,8,19168,153,36,19160,689,12,4816,57,348,19176,6673,196,19168,3756,192,4816,924,80,,,,,,,83.7838,28.9474,29.7297,86.4865,97.3684,88.8889
971133,57000,57000,54500,57000,51000,54250,56000,0,1.4025e+08,2.032e+06,2.034e+06,2.033e+06,2.036e+06,2.032e+06,2.035e+06,630078,909375,1.6e+09,8,19168,153,36,19160,689,12,4816,57,344,19176,6596,192,19168,3680,192,4816,924,80,,,,,,,86.0759,36.7089,12.6582,86.0759,92.3077,79.0123
972060,57500,57500,54500,57500,51000,54250,56000,0,1.4025e+08,2.035e+06,2.035e+06,2.035e+06,2.026e+06,2.039e+06,2.038e+06,630078,909375,1.6e+09,8,19168,153,36,19160,689,12,4816,57,342,19176,6558,196,19168,3756,188,4816,905,80,,,,,,,90.3226,35.8696,9.78261,81.9149,93.5484,86.0215
973391,57500,57500,54500,57500,51000,54500,56000,0,1.4025e+08,2.03e+06,2.035e+06,2.034e+06,2.041e+06,2.038e+06,2.041e+06,630078,909375,1.6e+09,8,19168,153,36,19160,689,12,4816,57,348,19176,6673,196,19168,3756,188,4816,905,80,,,,,,,87.218,35.3383,15.0376,87.8788,93.1818,81.9549
974800,57500,57500,55000,57500,51000,54250,56000,0,1.4025e+08,2.037e+06,2.035e+06,2.035e+06,2.032e+06,2.041e+06,2.039e+06,630078,909375,1.6e+09,8,19168,153,36,19160,689,12,4816,57,348,19176,6673,196,19168,3756,188,4816,905,80,,,,,,,87.9433,34.2857,14.2857,82.1429,93.617,83.6879
975715,57000,57000,54500,57000,51000,54250,56000,0,1.4025e+08,2.032e+06,2.034e+06,2.034e+06,2.036e+06,2.032e+06,2.034e+06,630078,909375,1.6e+09,8,19168,153,36,19160,689,12,4816,57,332,19176,6366,184,19168,3526,188,4816,905,80,,,,,,,83.6957,30.7692,15.2174,81.3187,93.4783,82.4176
976649,57000,57000,54500,57000,51000,54250,56000,0,1.4025e+08,2.034e+06,2.034e+06,2.034e+06,2.037e+06,2.036e+06,2.038e+06,630078,909375,1.6e+09,8,19168,153,36,19160,689,12,4816,57,344,19176,6596,192,19168,3680,192,4816,924,80,,,,,,,88.172,37.234,19.1489,88.2979,93.5484,82.1053
977496,57000,57000,54500,57000,51000,54250,56300,0,1.4025e+08,2.035e+06,2.035e+06,2.035e+06,2.037e+06,2.038e+06,2.039e+06,630078,909375,1.6e+09,8,19168,153,36,19160,689,12,4816,57,340,19176,6519,188,19168,3680,192,4816,924,80,,,,,,,89.4118,34.5238,11.7647,86.9048,92.9412,84.5238
978725,57000,57000,55000,57000,51000,54250,56000,0,1.4025e+08,2.031e+06,2.034e+06,2.035e+06,2.031e+06,2.031e+06,2.03e+06,630078,909375,1.6e+09,8,19168,153,36,19160,689,12,4816,57,344,19176,6596,196,19168,3756,192,4816,924,80,,,,,,,86.1789,35.2459,15.5738,82.7869,94.2623,82.7869
979432,56500,56500,54500,56500,51000,54250,56000,0,1.4025e+08,2.033e+06,2.034e+06,2.035e+06,2.034e+06,2.033e+06,2.03e+06,630078,909375,1.6e+09,8,19168,153,36,19160,689,12,4816,57,350,19176,6673,196,19168,3756,192,4816,924,80,,,,,,,88.5714,36.6197,14.2857,85.9155,94.3662,83.3333
980426,57000,57000,55000,57000,51000,54250,56000,0,1.4025e+08,2.034e+06,2.035e+06,2.036e+06,2.034e+06,2.035e+06,2.032e+06,630078,909375,1.6e+09,8,19168,153,36,19160,689,12,4816,57,332,19176,6366,184,19168,3526,184,4816,886,80,,,,,,,89.899,31.3131,10.101,78,91.9192,87.8788
981094,57000,57000,55000,57000,51000,54250,56000,0,1.4025e+08,2.035e+06,2.035e+06,2.034e+06,2.029e+06,2.039e+06,2.042e+06,630078,909375,1.6e+09,8,19168,153,36,19160,689,12,4816,57,334,19176,6404,184,19168,3526,184,4816,886,80,,,,,,,86.7647,36.3636,14.9254,84.8485,93.9394,83.3333
982491,57000,57000,54500,57000,51000,54250,56000,0,1.4025e+08,2.032e+06,2.035e+06,2.036e+06,2.033e+06,2.032e+06,2.036e+06,630078,909375,1.6e+09,8,19168,153,36,19160,689,12,4816,57,332,19176,6366,184,19168,3526,184,4816,886,80,,,,,,,87.8571,34.5324,14.3885,84.1727,93.5714,83.5714
983084,57000,57000,54500,57000,51000,54250,56000,0,1.4025e+08,2.039e+06,2.036e+06,2.034e+06,2.034e+06,2.038e+06,2.042e+06,630078,909375,1.6e+09,8,19168,153,36,19160,689,12,4816,57,348,19176,6673,196,19168,3756,188,4816,905,80,,,,,,,86.6667,40.678,16.9492,90,94.9153,79.661
984920,56500,56500,54500,56500,51000,54250,56000,0,1.4025e+08,2.031e+06,2.034e+06,2.034e+06,2.035e+06,2.033e+06,2.033e+06,630078,909375,1.6e+09,8,19168,153,36,19160,689,12,4816,57,342,19176,6558,192,19168,3680,192,4816,924,80,,,,,,,85.8696,33.3333,16.3043,84.6995,93.4783,82.1622
985414,57000,57000,55000,57000,51000,54500,56000,0,1.4025e+08,2.028e+06,2.035e+06,2.035e+06,2.039e+06,2.037e+06,2.037e+06,630078,909375,1.6e+09,8,19168,153,36,19160,689,12,4816,57,348,19176,6673,196,19168,3756,192,4816,924,80,,,,,,,87.7551,38.7755,16.6667,77.551,93.75,87.5
986310,57000,57000,54500,57000,51000,54250,56000,0,1.4025e+08,1.996e+06,2.034e+06,2.035e+06,1.997e+06,1.997e+06,1.996e+06,630078,898632,1.6e+09,8,19168,153,36,19160,689,12,4816,57,344,19176,6596,192,19168,3680,192,4816,924,80,,,,,,,87.6404,33.7079,13.3333,87.6404,93.3333,81.1111
987742,57000,57000,54500,57000,51000,54250,56000,0,1.4025e+08,2.024e+06,2.035e+06,2.035e+06,2.028e+06,2.031e+06,2.03e+06,630078,909375,1.6e+09,8,19168,153,36,19160,689,12,4816,57,344,19176,6596,192,19168,3680,192,4816,924,80,,,,,,,88.1119,34.2657,14.0845,85.3147,93.7063,83.9161
988037,57000,57000,54500,57000,51000,54250,56000,0,1.4025e+08,2.033e+06,2.034e+06,2.034e+06,2.03e+06,2.038e+06,2.033e+06,630078,909375,1.6e+09,8,19168,153,36,19160,689,12,4816,57,332,19176,6366,184,19168,3526,184,4816,886,80,,,,,,,93.3333,31.0345,0,65.5172,90,93.3333
989465,57000,57000,54500,57000,51000,54250,56000,0,1.4025e+08,2.034e+06,2.035e+06,2.036e+06,2.026e+06,2.032e+06,2.033e+06,630078,909375,1.6e+09,8,19168,153,36,19160,689,12,4816,57,320,19184,6138,172,19168,3296,184,4816,886,80,,,,,,,86.014,33.5664,14.5833,84.6154,93.662,81.8182
990981,57500,57500,54500,57500,51000,54250,56300,0,1.4025e+08,2.03e+06,2.036e+06,2.035e+06,2.03e+06,2.034e+06,2.033e+06,630078,909375,1.6e+09,8,19168,153,36,19160,689,12,4816,57,352,19176,6749,200,19168,3833,192,4816,924,80,,,,,,,87.5,37.7483,19.3333,84.7682,94.0789,83.5526
991052,57500,57500,54500,57500,51000,54250,56300,0,1.4025e+08,2.034e+06,2.035e+06,2.036e+06,2.031e+06,2.035e+06,2.039e+06,630078,909375,1.6e+09,8,19168,153,36,19160,689,12,4816,57,348,19176,6673,196,19168,3756,192,4816,924,80,,,,,,,100,14.2857,12.5,100,100,83.3333
992964,57000,57000,54500,57000,51000,54250,56000,0,1.4025e+08,2.031e+06,2.034e+06,2.036e+06,2.032e+06,2.037e+06,2.037e+06,630078,909375,1.6e+09,8,19168,153,36,19160,689,12,4816,57,330,19176,6328,184,19168,3526,188,4816,905,80,,,,,,,86.4583,34.555,12.1053,83.2461,93.1579,82.7225
993627,57000,57000,54500,57000,51000,54250,56000,0,1.4025e+08,2.035e+06,2.035e+06,2.034e+06,2.037e+06,2.035e+06,2.038e+06,630078,909375,1.6e+09,8,19168,153,36,19168,690,12,4816,57,320,19184,6138,172,19176,3298,184,4816,886,80,,,,,,,87.6923,32.8358,10.6061,83.3333,93.9394,82.0896
994113,57500,57500,54500,57500,51000,54250,56000,0,1.4025e+08,1.998e+06,2.036e+06,2.034e+06,1.996e+06,1.998e+06,1.998e+06,630078,898632,1.6e+09,8,19168,153,36,19160,689,12,4816,57,350,19176,6711,200,19168,3833,188,4816,905,80,,,,,,,93.8776,48.9362,20.8333,93.75,92,87.5
995481,57500,57500,54500,57500,51000,54250,56300,0,1.4025e+08,2.032e+06,2.034e+06,2.033e+06,2.045e+06,2.042e+06,2.041e+06,630078,909375,1.6e+09,8,19168,153,36,19160,689,12,4816,57,348,19176,6673,200,19168,3833,188,4816,905,80,,,,,,,87.5,35.0365,13.9706,84.7826,93.3824,83.2117
996939,57500,57500,55000,57500,51000,54250,56000,0,1.4025e+08,2.032e+06,2.036e+06,2.034e+06,2.028e+06,2.03e+06,2.032e+06,630078,909375,1.6e+09,8,19168,153,36,19160,689,12,4816,57,336,19176,6443,188,19168,3603,184,4816,886,80,,,,,,,86.9863,32.4138,13.6986,79.8611,93.1034,84.1379
997123,57000,57000,54500,57000,51000,54250,56000,0,1.4025e+08,2.027e+06,2.035e+06,2.035e+06,2.035e+06,2.033e+06,2.033e+06,630078,909375,1.6e+09,8,19168,153,36,19160,689,12,4816,57,342,19176,6558,192,19168,3680,192,4816,924,80,,,,,,,77.7778,36.8421,36.8421,100,100,73.6842
998323,57500,57500,54500,57500,51000,54250,56000,0,1.4025e+08,2.035e+06,2.036e+06,2.035e+06,2.035e+06,2.034e+06,2.036e+06,630078,917968,1.6e+09,8,19168,153,36,19160,689,12,4816,57,336,19176,6443,188,19168,3603,184,4816,886,80,,,,,,,88.5246,35.8333,11.6667,81.6667,92.5,85
999993,57500,57500,54500,57500,51000,54250,56000,0,1.4025e+08,2.039e+06,2.035e+06,2.035e+06,2.031e+06,2.024e+06,2.035e+06,630078,909375,1.6e+09,8,19168,153,36,19160,689,12,4816,57,350,19176,6711,200,19168,3833,192,4816,924,80,,,,,,,88.024,34.7305,18.5629,86.747,94.6429,83.1325
1.00009e+06,57000,57000,54500,57000,51000,54250,56000,0,1.4025e+08,2.032e+06,2.034e+06,2.034e+06,2.035e+06,2.033e+06,2.032e+06,630078,909375,1.6e+09,8,19168,153,36,19160,689,12,4816,57,342,19176,6558,192,19168,3680,192,4816,924,80,,,,,,,70,30,0,100,88.8889,50
1.00166e+06,57000,57000,55000,57000,51000,54250,56300,0,1.4025e+08,2.034e+06,2.034e+06,2.034e+06,2.039e+06,2.042e+06,2.04e+06,630078,909375,1.6e+09,8,19168,153,36,19160,689,12,4816,57,342,19176,6596,192,19168,3680,192,4816,924,80,,,,,,,89.1026,35.2564,12.2581,85.8974,92.9936,84.2767
1.00212e+06,57500,57500,55000,57500,51000,54250,56500,0,1.4025e+08,2.03e+06,2.034e+06,2.034e+06,2.029e+06,2.032e+06,2.03e+06,630078,909375,1.6e+09,8,19168,153,36,19160,689,12,4816,57,336,19176,6443,188,19168,3603,192,4816,924,80,,,,,,,82.9787,28.2609,21.2766,78.2609,95.7447,80.8511
1.00315e+06,57500,57500,54500,57500,51000,54250,56500,0,1.4025e+08,2.029e+06,2.036e+06,2.034e+06,2.027e+06,2.029e+06,2.029e+06,630078,909375,1.6e+09,8,19168,153,36,19160,689,12,4816,57,338,19176,6481,188,19168,3603,188,4816,905,80,,,,,,,88.4615,37.8641,9.80392,79.6117,92.1569,87.3786
1.00405e+06,57500,57500,54500,57500,51000,54250,56000,0,1.4025e+08,2.031e+06,2.035e+06,2.034e+06,2.036e+06,2.043e+06,2.035e+06,630078,909375,1.6e+09,8,19168,153,36,19160,689,12,4816,57,348,19176,6673,200,19168,3833,192,4816,924,80,,,,,,,86.3636,35.9551,20.2247,86.6667,95.4545,80.8989
1.00592e+06,57500,57500,54500,57500,51000,54250,56000,0,1.4025e+08,1.998e+06,2.036e+06,2.035e+06,1.998e+06,1.999e+06,1.999e+06,630078,898632,1.6e+09,8,19168,153,36,19160,689,12,4816,57,334,19176,6404,184,19168,3526,184,4816,886,80,,,,,,,88.3598,34.0426,11.2299,83.3333,93.0851,84.0426
1.00687e+06,57500,57500,54500,57500,51000,54250,56300,0,1.4025e+08,2.03e+06,2.034e+06,2.037e+06,2.03e+06,2.038e+06,2.042e+06,630078,909375,1.6e+09,8,19168,153,36,19160,689,12,4816,57,350,19176,6711,200,19168,3833,192,4816,924,80,,,,,,,86.1702,36.8421,22.3404,87.3684,94.6809,82.9787
1.0077e+06,57000,57000,55000,57000,51000,54250,56000,0,1.4025e+08,2.03e+06,2.035e+06,2.034e+06,2.034e+06,2.03e+06,2.029e+06,630078,909375,1.6e+09,8,19168,153,36,19160,689,12,4816,57,344,19176,6596,192,19168,3680,192,4816,924,80,,,,,,,86.5854,34.1463,12.0482,86.747,92.8571,80.9524
1.00842e+06,57000,57000,55000,57000,51000,54250,56000,0,1.4025e+08,2.032e+06,2.034e+06,2.035e+06,2.03e+06,2.036e+06,2.037e+06,630078,909375,1.6e+09,8,19168,153,36,19160,689,12,4816,57,346,19176,6634,196,19168,3756,192,4816,924,80,,,,,,,87.6712,35.2113,15.0685,84.507,92.9577,83.3333
1.00959e+06,57000,57000,54500,57000,51000,54250,56200,0,1.4025e+08,2.034e+06,2.036e+06,2.035e+06,2.034e+06,2.034e+06,2.034e+06,630078,917968,1.6e+09,8,19168,153,36,19160,689,12,4816,57,354,19176,6788,200,19168,3833,196,4816,943,80,,,,,,,87.2881,36.4407,17.2414,81.3559,94.0171,85.4701
1.01013e+06,57000,57000,54500,57000,51000,54250,56000,0,1.4025e+08,2.039e+06,2.036e+06,2.036e+06,2.033e+06,2.038e+06,2.036e+06,630078,909375,1.6e+09,8,19168,153,36,19160,689,12,4816,57,328,19184,6292,180,19168,3450,184,4816,886,80,,,,,,,92.3077,27.7778,0,81.1321,92.4528,87.037
1.01184e+06,56500,56500,54500,56500,51000,54250,56000,121,1.4025e+08,2.031e+06,2.034e+06,2.034e+06,2.035e+06,2.032e+06,2.036e+06,630078,909375,1.6e+09,8,19168,153,36,19160,689,12,4816,57,344,19176,6596,192,19168,3756,192,4816,924,80,,,,,,,86.0465,35.8824,17.0588,87.2093,93.6416,80.7018
1.01268e+06,57000,57000,54500,57000,51000,54250,56000,0,1.4025e+08,1.998e+06,2.035e+06,2.034e+06,1.999e+06,1.998e+06,1.998e+06,630078,898632,1.6e+09,8,19168,153,36,19160,689,12,4816,57,338,19176,6481,188,19168,3603,192,4816,924,80,,,,,,,89.4118,33.3333,13.253,85.5422,92.6829,84.5238
1.01362e+06,57000,57000,54500,57000,51000,54250,56300,0,1.4025e+08,2.031e+06,2.035e+06,2.035e+06,2.031e+06,2.032e+06,2.031e+06,630078,909375,1.6e+09,8,19168,153,36,19168,690,12,4816,57,320,19184,6138,172,19168,3296,180,4816,866,80,,,,,,,86.0215,31.5789,10.6383,78.7234,93.617,83.871
1.01493e+06,57000,57000,54500,57000,51000,54250,56000,0,1.4025e+08,2.034e+06,2.036e+06,2.035e+06,2.036e+06,2.036e+06,2.036e+06,630078,909375,1.6e+09,8,19168,153,36,19160,689,12,4816,57,332,19176,6366,184,19168,3526,184,4816,886,80,,,,,,,89.2308,36.4341,14.6154,83.3333,93.0769,85.4962
1.0156e+06,57000,57000,54500,57000,51000,54250,56000,0,1.4025e+08,2.032e+06,2.036e+06,2.035e+06,2.029e+06,2.041e+06,2.036e+06,630078,909375,1.6e+09,8,19168,153,36,19160,689,12,4816,57,334,19176,6404,184,19168,3526,184,4816,886,80,,,,,,,88.2353,36.7647,17.3913,83.5821,94.1176,83.3333
1.01603e+06,57000,57000,54500,57000,51000,54250,56000,0,1.4025e+08,2.032e+06,2.035e+06,2.034e+06,2.026e+06,2.034e+06,2.035e+06,630078,909375,1.6e+09,8,19168,153,36,19160,689,12,4816,57,344,19176,6596,192,19168,3680,192,4816,924,80,,,,,,,83.7209,37.2093,21.4286,97.6744,97.6744,77.2727
1.01723e+06,57500,57500,54500,57500,51000,54250,56300,0,1.4025e+08,2.036e+06,2.035e+06,2.034e+06,2.034e+06,2.038e+06,2.04e+06,630078,909375,1.6e+09,8,19168,153,36,19160,689,12,4816,57,348,19176,6673,196,19168,3756,192,4816,924,80,,,,,,,87.5,33.6134,16.6667,81.8182,93.3333,85
1.01834e+06,57500,57500,54500,57500,51000,54250,56300,0,1.4025e+08,2.034e+06,2.034e+06,2.035e+06,2.028e+06,2.038e+06,2.039e+06,630078,909375,1.6e+09,8,19168,153,36,19160,689,12,4816,57,338,19176,6481,188,19168,3603,188,4816,905,80,,,,,,,89.1892,36.036,9.09091,81.6514,91.8182,84.5455
1.01907e+06,57000,57000,54500,57000,51000,54250,56000,186,1.4025e+08,2.034e+06,2.036e+06,2.034e+06,2.038e+06,2.034e+06,2.039e+06,630078,909375,1.6e+09,8,19168,153,36,19160,689,12,4816,57,332,19176,6366,184,19168,3526,184,4816,886,80,,,,,,,87.5,33.3333,13.6986,84.9315,94.5205,83.5616
1.0207e+06,57500,57500,54500,57500,51000,54250,56000,0,1.4025e+08,2.032e+06,2.035e+06,2.035e+06,2.031e+06,2.036e+06,2.036e+06,630078,909375,1.6e+09,8,19168,153,36,19160,689,12,4816,57,348,19176,6673,196,19168,3756,196,4816,943,80,,,,,,,87.1951,34.9693,18.4049,85.8025,94.4444,82.8221
1.02132e+06,57500,57500,54500,57500,51000,54250,56000,0,1.4025e+08,2.035e+06,2.034e+06,2.035e+06,2.034e+06,2.033e+06,2.036e+06,630078,909375,1.6e+09,8,19168,153,36,19160,689,12,4816,57,354,19176,6788,204,19168,3910,196,4816,943,80,,,,,,,85.4839,37.7049,17.7419,82.2581,92.0635,82.2581
1.02212e+06,57500,57500,54500,57500,51000,54250,56000,0,1.4025e+08,2.035e+06,2.035e+06,2.036e+06,2.035e+06,2.041e+06,2.039e+06,630078,909375,1.6e+09,8,19168,153,36,19160,689,12,4816,57,342,19176,6558,192,19168,3680,192,4816,924,80,,,,,,,88.8889,30,13.75,86.25,95,81.25
1.02366e+06,57000,57000,54500,57000,51000,54250,56300,0,1.4025e+08,2.033e+06,2.035e+06,2.036e+06,2.031e+06,2.038e+06,2.035e+06,630078,909375,1.6e+09,8,19168,153,36,19160,689,12,4816,57,340,19176,6519,188,19168,3603,192,4816,924,80,,,,,,,87.013,35.0649,12.3377,85.7143,93.5065,83.7662
1.02494e+06,56500,56500,55000,56500,51000,54000,56200,0,1.4025e+08,2.036e+06,2.034e+06,2.034e+06,2.033e+06,2.026e+06,2.032e+06,630078,909375,1.6e+09,8,19168,153,36,19160,689,12,4816,57,342,19176,6558,192,19168,3680,192,4816,924,80,,,,,,,86.7188,35.9375,15.625,82.9457,92.9688,82.1705
1.02523e+06,57500,57500,55000,57500,51000,54250,56200,0,1.4025e+08,2.027e+06,2.036e+06,2.036e+06,2.028e+06,2.029e+06,2.029e+06,630078,909375,1.6e+09,8,19168,153,36,19160,689,12,4816,57,338,19176,6481,188,19168,3603,184,4816,886,80,,,,,,,93.1034,34.4828,0,66.6667,89.2857,93.1034
1.02614e+06,57000,57000,54500,57000,51000,54250,56000,0,1.4025e+08,2.037e+06,2.037e+06,2.035e+06,2.034e+06,2.036e+06,2.036e+06,630078,909375,1.6e+09,8,19168,153,36,19160,689,12,4816,57,352,19176,6788,200,19168,3833,192,4816,924,80,,,,,,,85.7143,36.6667,20.8791,86.8132,94.5652,82.2222
1.02788e+06,57000,57000,54500,57000,51000,54250,56000,135,1.4025e+08,2.035e+06,2.034e+06,2.033e+06,2.035e+06,2.034e+06,2.033e+06,630078,917968,1.6e+09,8,19168,153,36,19160,689,12,4816,57,344,19176,6596,192,19168,3680,192,4816,924,80,,,,,,,88.5714,33.908,12.1387,86.7816,93.1034,82.7586
1.02835e+06,57000,57000,54500,57000,51000,54250,56000,0,1.4025e+08,2.027e+06,2.034e+06,2.034e+06,2.029e+06,2.033e+06,2.032e+06,630078,909375,1.6e+09,8,19168,153,36,19160,689,12,4816,57,336,19176,6443,184,19168,3526,192,4816,924,80,,,,,,,82.6087,25.5319,20,78.7234,95.6522,79.1667
1.02946e+06,57000,57000,54500,57000,51000,54250,56000,0,1.4025e+08,2.023e+06,2.035e+06,2.035e+06,2.026e+06,2.03e+06,2.03e+06,630078,909375,1.6e+09,8,19168,153,36,19160,689,12,4816,57,326,19184,6253,180,19168,3450,184,4816,886,80,,,,,,,90.0901,35.1351,9.00901,81.6514,92.7928,87.3874
1.03087e+06,57000,57000,54500,57000,51000,54000,56000,0,1.4025e+08,2.031e+06,2.036e+06,2.035e+06,2.032e+06,2.029e+06,2.035e+06,630078,909375,1.6e+09,8,19168,153,36,19168,690,12,4816,57,318,19184,6100,172,19176,3298,180,4816,866,80,,,,,,,85.2113,34.2857,14.2857,84.507,93.617,81.5603
1.03144e+06,57500,57500,54500,57500,51000,54250,56000,0,1.4025e+08,2.031e+06,2.034e+06,2.034e+06,2.026e+06,2.026e+06,2.027e+06,630078,909375,1.6e+09,8,19168,153,36,19160,689,12,4816,57,336,19176,6443,188,19168,3603,184,4816,886,80,,,,,,,92.8571,40.3509,17.2414,82.4561,91.3793,87.931
1.03212e+06,57500,57500,54500,57500,51000,54250,56000,0,1.4025e+08,2.033e+06,2.035e+06,2.035e+06,2.03e+06,2.033e+06,2.032e+06,630078,909375,1.6e+09,8,19168,153,36,19160,689,12,4816,57,340,19176,6519,192,19168,3680,184,4816,886,80,,,,,,,88.2353,36.7647,14.9254,85.2941,95.4545,83.5821
1.034e+06,57000,57000,54500,57000,51000,54250,56300,0,1.4025e+08,2.035e+06,2.034e+06,2.035e+06,2.032e+06,2.038e+06,2.038e+06,630078,909375,1.6e+09,8,19168,153,36,19160,689,12,4816,57,342,19176,6558,188,19168,3603,192,4816,924,80,,,,,,,86.7021,33.6898,15.508,87.7005,94.1489,82.3529
1.0346e+06,57000,57000,54500,57000,51000,54250,56300,0,1.4025e+08,2.036e+06,2.035e+06,2.034e+06,2.037e+06,2.037e+06,2.039e+06,630078,909375,1.6e+09,8,19168,153,36,19160,689,12,4816,57,340,19176,6519,192,19168,3680,192,4816,924,80,,,,,,,85,35,16.6667,81.3559,93.2203,80.3279
1.03517e+06,57500,57500,54500,57500,51000,54250,56300,0,1.4025e+08,2.034e+06,2.035e+06,2.036e+06,2.031e+06,2.037e+06,2.036e+06,630078,909375,1.6e+09,8,19168,153,36,19160,689,12,4816,57,350,19176,6711,200,19168,3833,192,4816,924,80,,,,,,,89.4737,35.0877,18.9655,80.7018,93.1034,89.2857
1.03692e+06,57500,57500,54500,57500,51000,54250,56000,0,1.4025e+08,2.036e+06,2.035e+06,2.035e+06,2.033e+06,2.044e+06,2.041e+06,630078,909375,1.6e+09,8,19168,153,36,19160,689,12,4816,57,344,19176,6596,196,19168,3756,188,4816,905,80,,,,,,,88.5714,35.6322,11.5607,84,93.1429,82.8571
1.03746e+06,57000,57000,55000,57000,51000,54250,56000,0,1.4025e+08,1.997e+06,2.035e+06,2.034e+06,1.998e+06,1.998e+06,2.001e+06,630078,898632,1.6e+09,8,19168,153,36,19160,689,12,4816,57,340,19176,6519,188,19168,3603,192,4816,924,80,,,,,,,83.3333,30.9091,18.5185,90.566,96.1538,81.8182
1.03886e+06,57000,57000,54500,57000,51000,54250,56000,0,1.4025e+08,2.029e+06,2.036e+06,2.034e+06,2.03e+06,2.032e+06,2.032e+06,630078,909375,1.6e+09,8,19168,153,36,19160,689,12,4816,57,336,19176,6443,184,19168,3526,192,4816,924,80,,,,,,,88.0282,33.8129,13.5714,85,92.9078,83.5714
1.03934e+06,57500,57500,54500,57500,51000,54250,56000,0,1.4025e+08,2.036e+06,2.035e+06,2.035e+06,2.032e+06,2.035e+06,2.03e+06,630078,909375,1.6e+09,8,19168,153,36,19160,689,12,4816,57,348,19176,6673,196,19168,3756,192,4816,924,80,,,,,,,87.234,36.9565,23.4043,78.2609,95.8333,87.5
1.04005e+06,57500,57500,54500,57500,51000,54250,56000,185,1.4025e+08,1.998e+06,2.036e+06,2.035e+06,2.033e+06,2.034e+06,2.035e+06,630078,917968,1.6e+09,8,19168,153,36,19160,689,12,4816,57,346,19176,6634,192,19168,3680,196,4816,943,80,,,,,,,88.5714,34.7222,14.0845,84.507,94.2029,81.4286
1.04199e+06,57000,57000,54500,57000,51000,54250,56000,0,1.4025e+08,2.033e+06,2.035e+06,2.034e+06,2.032e+06,2.034e+06,2.036e+06,630078,909375,1.6e+09,8,19168,153,36,19160,689,12,4816,57,346,19176,6634,196,19168,3756,192,4816,924,80,,,,,,,86.6667,35.2332,13.9175,83.4197,92.8571,83.0769
1.04218e+06,56500,56500,54500,56500,51000,54250,56000,0,1.4025e+08,2.032e+06,2.034e+06,2.035e+06,2.035e+06,2.032e+06,2.032e+06,630078,909375,1.6e+09,8,19168,153,36,19160,689,12,4816,57,340,19176,6519,188,19168,3603,192,4816,924,80,,,,,,,85,30,11.1111,100,94.4444,72.2222
1.04372e+06,56500,56500,54500,56500,51000,54250,56000,0,1.4025e+08,2.031e+06,2.035e+06,2.034e+06,2.038e+06,2.036e+06,2.034e+06,630078,909375,1.6e+09,8,19168,153,36,19160,689,12,4816,57,338,19176,6481,188,19168,3603,192,4816,924,80,,,,,,,88.961,34.6405,12.3377,85.2564,92.9032,84.5161
1.04461e+06,57000,57000,55000,57000,51000,54250,56200,0,1.4025e+08,2.031e+06,2.035e+06,2.036e+06,2.028e+06,2.036e+06,2.035e+06,630078,909375,1.6e+09,8,19168,153,36,19160,689,12,4816,57,330,19176,6328,184,19168,3526,184,4816,886,80,,,,,,,87.6404,33.7079,11.3636,77.0115,93.1818,86.5169
1.0451e+06,57000,57000,54500,57000,51000,54250,56200,0,1.4025e+08,2.037e+06,2.034e+06,2.034e+06,2.04e+06,2.042e+06,2.038e+06,630078,909375,1.6e+09,8,19168,153,36,19160,689,12,4816,57,338,19176,6519,188,19168,3603,192,4816,924,80,,,,,,,85.7143,40,22.449,95.9184,93.8776,77.551
1.04632e+06,57000,57000,54500,57000,51000,54250,56300,0,1.4025e+08,2.035e+06,2.034e+06,2.035e+06,2.035e+06,2.034e+06,2.035e+06,630078,909375,1.6e+09,8,19168,153,36,19160,689,12,4816,57,340,19176,6519,188,19168,3603,192,4816,924,80,,,,,,,86.0656,34.7107,16.3934,82.7869,94.2623,81.8182
1.04764e+06,57000,57000,54500,57000,51000,54250,56000,0,1.4025e+08,2.036e+06,2.037e+06,2.035e+06,2.031e+06,2.038e+06,2.038e+06,630078,909375,1.6e+09,8,19168,153,36,19160,689,12,4816,57,344,19176,6596,192,19168,3680,192,4816,924,80,,,,,,,88.6364,33.5878,15.1515,83.9695,94.6154,84.9624
1.04834e+06,57000,57000,54500,57000,51000,54250,56000,0,1.4025e+08,2.033e+06,2.036e+06,2.036e+06,2.027e+06,2.033e+06,2.03e+06,630078,909375,1.6e+09,8,19168,153,36,19160,689,12,4816,57,344,19176,6596,192,19168,3680,192,4816,924,80,,,,,,,88.5714,35.7143,15.7143,84.507,92.9577,82.8571
1.04966e+06,57500,57500,54500,57500,51000,54250,56000,0,1.4025e+08,2.035e+06,2.035e+06,2.034e+06,2.028e+06,2.038e+06,2.032e+06,630078,909375,1.6e+09,8,19168,153,36,19160,689,12,4816,57,350,19176,6711,196,19168,3756,192,4816,924,80,,,,,,,87.218,35.6061,14.5038,83.9695,93.9394,84.9624
1.0507e+06,57500,57500,54500,57500,51000,54250,56300,0,1.4025e+08,2.034e+06,2.036e+06,2.035e+06,2.036e+06,2.041e+06,2.045e+06,630078,909375,1.6e+09,8,19168,153,36,19160,689,12,4816,57,346,19176,6634,196,19168,3756,188,4816,905,80,,,,,,,89.5238,36.5385,9.52381,84.7619,92.381,82.6923
1.05103e+06,57500,57500,55000,57500,51000,54250,56300,0,1.4025e+08,2.034e+06,2.035e+06,2.035e+06,2.036e+06,2.036e+06,2.041e+06,630078,909375,1.6e+09,8,19168,153,36,19160,689,12,4816,57,352,19176,6749,200,19168,3833,196,4816,943,80,,,,,,,81.25,32.3529,33.3333,84.375,96.7742,84.375
1.05298e+06,56500,56500,54500,56500,51000,54250,56000,0,1.4025e+08,2.026e+06,2.035e+06,2.035e+06,2.032e+06,2.033e+06,2.03e+06,630078,909375,1.6e+09,8,19168,153,36,19160,689,12,4816,57,326,19184,6253,180,19168,3450,184,4816,886,80,,,,,,,86.6667,32.8125,11.3402,82.9016,92.8205,82.0513
1.05382e+06,57000,57000,54500,57000,51000,54250,56000,0,1.4025e+08,2.035e+06,2.035e+06,2.035e+06,2.029e+06,2.032e+06,2.033e+06,630078,909375,1.6e+09,8,19168,153,36,19160,689,12,4816,57,348,19176,6673,196,19168,3756,192,4816,924,80,,,,,,,89.2857,37.6471,20.4819,87.0588,95.2381,86.9048
1.0547e+06,57000,57000,54500,57000,51000,54250,56300,0,1.4025e+08,2.032e+06,2.035e+06,2.034e+06,2.034e+06,2.033e+06,2.034e+06,630078,909375,1.6e+09,8,19168,153,36,19160,689,12,4816,57,342,19176,6558,192,19168,3680,192,4816,924,80,,,,,,,87.5,35.6322,12.5,87.2093,93.1818,80.4598
1.05592e+06,57000,57000,54500,57000,51000,54250,56000,0,1.4025e+08,2.033e+06,2.035e+06,2.036e+06,2.031e+06,2.039e+06,2.04e+06,630078,909375,1.6e+09,8,19168,153,36,19160,689,12,4816,57,344,19176,6596,192,19168,3680,192,4816,924,80,,,,,,,87.8049,34.1463,16.3934,82.1138,93.4426,83.7398
1.05605e+06,57000,57000,54500,57000,51000,54250,56000,0,1.4025e+08,2.034e+06,2.035e+06,2.034e+06,2.034e+06,2.036e+06,2.038e+06,630078,909375,1.6e+09,8,19168,153,36,19160,689,12,4816,57,344,19176,6596,192,19168,3680,192,4816,924,80,,,,,,,76.9231,50,0,100,92.3077,76.9231
1.05784e+06,57000,57000,54500,57000,51000,54500,56000,0,1.4025e+08,2.031e+06,2.034e+06,2.035e+06,2.033e+06,2.032e+06,2.037e+06,630078,909375,1.6e+09,8,19168,153,36,19160,689,12,4816,57,338,19176,6481,188,19168,3603,188,4816,905,80,,,,,,,87.1508,34.4633,14.1243,81.4607,93.2203,83.7989
1.0588e+06,57000,57000,54500,57000,51000,54250,56200,0,1.4025e+08,2.035e+06,2.036e+06,2.035e+06,2.034e+06,2.034e+06,2.037e+06,630078,909375,1.6e+09,8,19168,153,36,19160,689,12,4816,57,344,19176,6596,192,19168,3680,192,4816,924,80,,,,,,,88.5417,35.4167,15.4639,89.5833,93.8776,82.2917
1.0594e+06,57500,57500,54500,57500,51000,54250,56200,0,1.4025e+08,2.035e+06,2.035e+06,2.036e+06,2.035e+06,2.037e+06,2.034e+06,630078,917968,1.6e+09,8,19168,153,36,19160,689,12,4816,57,336,19176,6443,184,19168,3526,192,4816,924,80,,,,,,,85.2459,28.8136,16.6667,81.3559,93.1034,81.6667
1.0603e+06,57000,57000,54500,57000,51000,54250,56000,0,1.4025e+08,2.036e+06,2.035e+06,2.034e+06,2.042e+06,2.037e+06,2.037e+06,630078,909375,1.6e+09,8,19168,153,36,19160,689,12,4816,57,342,19176,6558,192,19168,3680,192,4816,924,80,,,,,,,89.8876,37.7778,11.3636,86.6667,92.3077,84.4444
1.06167e+06,57000,57000,54500,57000,51000,54500,55700,0,1.4025e+08,2.038e+06,2.035e+06,2.036e+06,2.034e+06,2.041e+06,2.041e+06,630078,909375,1.6e+09,8,19168,153,36,19160,689,12,4816,57,340,19176,6519,188,19168,3603,192,4816,924,80,,,,,,,87.6812,34.7826,14.4928,83.9416,93.4307,83.2117
1.06284e+06,57000,57000,54500,57000,51000,54250,56000,0,1.4025e+08,1.997e+06,2.035e+06,2.035e+06,1.998e+06,1.997e+06,1.996e+06,630078,898632,1.6e+09,8,19168,153,36,19160,689,12,4816,57,338,19176,6481,188,19168,3603,192,4816,924,80,,,,,,,86.2069,32.7586,16.5217,81.8966,94.8718,82.906
1.06342e+06,57000,57000,54500,57000,51000,54500,56000,0,1.4025e+08,2.033e+06,2.035e+06,2.036e+06,2.032e+06,2.036e+06,2.033e+06,630078,909375,1.6e+09,8,19160,153,36,19160,689,12,4816,57,354,19176,6788,204,19168,3910,196,4816,943,80,,,,,,,87.931,43.1034,18.9655,81.0345,92.9825,87.7193
1.06467e+06,57000,57000,54500,57000,51000,54250,56000,0,1.4025e+08,2.012e+06,2.035e+06,2.035e+06,2.058e+06,2.036e+06,2.034e+06,630078,917968,1.6e+09,8,19168,153,36,19160,689,12,4816,57,322,19184,6177,176,19168,3373,180,4816,866,80,,,,,,,87.3016,30.6452,8,83.2,93.5484,82.5397
1.06543e+06,57000,57000,54500,57000,51000,54250,56000,0,1.4025e+08,2.035e+06,2.034e+06,2.034e+06,2.039e+06,2.035e+06,2.041e+06,630078,909375,1.6e+09,8,19168,153,36,19160,689,12,4816,57,340,19176,6519,192,19168,3680,188,4816,905,80,,,,,,,86.6667,38.1579,20.7792,84.2105,93.5065,82.8947
1.06658e+06,57500,57500,54500,57500,51000,54250,56300,0,1.4025e+08,2.035e+06,2.034e+06,2.036e+06,2.031e+06,2.037e+06,2.042e+06,630078,909375,1.6e+09,8,19168,153,36,19160,689,12,4816,57,346,19176,6634,196,19168,3756,188,4816,905,80,,,,,,,90.4348,37.3913,13.1579,86.087,93.0435,84.2105
1.06759e+06,57500,57500,54500,57500,51000,54250,56300,0,1.4025e+08,2.035e+06,2.035e+06,2.034e+06,1.997e+06,1.998e+06,1.999e+06,630078,898632,1.6e+09,8,19168,153,36,19160,689,12,4816,57,350,19176,6711,200,19168,3833,196,4816,943,80,,,,,,,85.1485,33,19.802,84,95,83.3333
1.06889e+06,57000,57000,54500,57000,51000,54250,56500,0,1.4025e+08,2.032e+06,2.035e+06,2.035e+06,2.034e+06,2.034e+06,2.034e+06,630078,909375,1.6e+09,8,19168,153,36,19160,689,12,4816,57,342,19176,6558,192,19168,3680,192,4816,924,80,,,,,,,87.0229,34.6154,12.4031,82.9457,93.0769,83.0769
1.06945e+06,57000,57000,54500,57000,51000,54250,56000,0,1.4025e+08,2.039e+06,2.035e+06,2.035e+06,2.032e+06,2.035e+06,2.035e+06,630078,909375,1.6e+09,8,19168,153,36,19160,689,12,4816,57,332,19176,6366,184,19168,3526,184,4816,886,80,,,,,,,91.0714,33.9286,8.77193,82.1429,91.0714,87.2727
1.07092e+06,57000,57000,54500,57000,51000,54250,56300,0,1.4025e+08,2.039e+06,2.034e+06,2.034e+06,2.031e+06,2.033e+06,2.032e+06,630078,909375,1.6e+09,8,19168,153,36,19160,689,12,4816,57,326,19184,6253,180,19168,3450,184,4816,886,80,,,,,,,85.8108,33.5616,15.0685,84.9315,93.9189,81.0811
1.07193e+06,57000,57000,55000,57000,51000,54250,56000,0,1.4025e+08,2.037e+06,2.035e+06,2.036e+06,2.029e+06,2.031e+06,2.035e+06,630078,909375,1.6e+09,8,19168,153,36,19160,689,12,4816,57,342,19176,6558,192,19168,3680,192,4816,924,80,,,,,,,89,37.2549,16.8317,89.1089,94,83.1683
1.07243e+06,57500,57500,55000,57500,51000,54250,56000,0,1.4025e+08,2.035e+06,2.035e+06,2.034e+06,2.033e+06,2.04e+06,2.037e+06,630078,909375,1.6e+09,8,19168,153,36,19160,689,12,4816,57,350,19176,6711,196,19168,3756,196,4816,943,80,,,,,,,87.7551,34.6939,20,78,94.1176,88.2353
1.0731e+06,57500,57500,54500,57500,51000,54250,56300,0,1.4025e+08,2.037e+06,2.034e+06,2.035e+06,2.035e+06,2.034e+06,2.036e+06,630078,909375,1.6e+09,8,19168,153,36,19160,689,12,4816,57,352,19176,6749,200,19168,3833,192,4816,924,80,,,,,,,86.7647,37.3134,15.1515,83.5821,93.9394,82.0896
1.07466e+06,57000,57000,54500,57000,51000,54250,56300,0,1.4025e+08,2.034e+06,2.035e+06,2.035e+06,2.034e+06,2.034e+06,2.034e+06,630078,917968,1.6e+09,8,19168,153,36,19160,689,12,4816,57,344,19176,6596,196,19168,3756,192,4816,924,80,,,,,,,87.1795,34.1935,12.8205,85.8065,93.5484,81.9355
1.07504e+06,57000,57000,54500,57000,51000,54250,56000,0,1.4025e+08,1.999e+06,2.035e+06,2.034e+06,1.999e+06,1.999e+06,1.997e+06,630078,898632,1.6e+09,8,19168,153,36,19160,689,12,4816,57,322,19184,6177,176,19168,3373,184,4816,886,80,,,,,,,84.6154,27.5,5.12821,71.0526,92.3077,86.8421
1.0762e+06,57000,57000,54500,57000,51000,54250,56000,0,1.4025e+08,2.037e+06,2.035e+06,2.034e+06,2.041e+06,2.039e+06,2.043e+06,630078,909375,1.6e+09,8,19168,153,36,19160,689,12,4816,57,348,19176,6673,200,19168,3833,188,4816,905,80,,,,,,,90.4348,39.4737,15.7895,89.6552,93.1034,83.6207
1.07798e+06,57000,57000,54500,57000,51000,54250,56000,187,1.4025e+08,2.034e+06,2.035e+06,2.035e+06,2.036e+06,2.038e+06,2.036e+06,630078,909375,1.6e+09,8,19168,153,36,19160,689,12,4816,57,346,19176,6634,196,19168,3756,192,4816,924,80,,,,,,,86.5922,32.5843,17.3184,82.4859,94.3503,84.3575
1.07868e+06,57500,57500,54500,57500,51000,54250,56000,0,1.4025e+08,2.034e+06,2.034e+06,2.035e+06,2.032e+06,2.035e+06,2.041e+06,630078,909375,1.6e+09,8,19168,153,36,19160,689,12,4816,57,346,19176,6634,196,19168,3756,192,4816,924,80,,,,,,,88.4058,34.7826,14.4928,84.058,92.8571,84.058
1.07954e+06,57000,57000,54500,57000,51000,54250,56000,0,1.4025e+08,2.035e+06,2.036e+06,2.034e+06,2.032e+06,2.036e+06,2.036e+06,630078,909375,1.6e+09,8,19168,153,36,19160,689,12,4816,57,342,19176,6558,192,19168,3680,192,4816,924,80,,,,,,,87.3563,36.7816,10.5882,87.3563,93.0233,81.3953
1.08064e+06,57500,57500,54500,57500,51000,54250,56000,0,1.4025e+08,2.031e+06,2.035e+06,2.033e+06,2.028e+06,2.029e+06,2.029e+06,630078,909375,1.6e+09,8,19168,153,36,19160,689,12,4816,57,348,19176,6711,196,19168,3756,192,4816,924,80,,,,,,,86.3636,35.7798,16.5138,80.7339,93.578,83.6364
1.08138e+06,57500,57500,55000,57500,51000,54250,56000,0,1.4025e+08,2.039e+06,2.034e+06,2.036e+06,2.032e+06,2.04e+06,2.038e+06,630078,909375,1.6e+09,8,19168,153,36,19160,689,12,4816,57,352,19176,6749,200,19168,3833,196,4816,943,80,,,,,,,89.1892,33.7838,18.4211,85.1351,93.3333,85.1351
1.08257e+06,57500,57500,54500,57500,51000,54250,56200,0,1.4025e+08,2.039e+06,2.035e+06,2.034e+06,2.033e+06,2.033e+06,2.042e+06,630078,909375,1.6e+09,8,19168,153,36,19160,689,12,4816,57,328,19176,6289,180,19168,3450,184,4816,886,80,,,,,,,88.2353,32.2034,8.47458,82.2034,93.2203,84.8739
1.08362e+06,57000,57000,55000,57000,51000,54250,56000,0,1.4025e+08,2.034e+06,2.034e+06,2.034e+06,2.034e+06,2.033e+06,2.034e+06,630078,917968,1.6e+09,8,19168,153,36,19160,689,12,4816,57,346,19176,6634,196,19168,3756,192,4816,924,80,,,,,,,85.7143,38.0952,18.2692,88.5714,94.2857,79.0476
1.0842e+06,57500,57500,55000,57500,51000,54250,56300,0,1.4025e+08,2.034e+06,2.035e+06,2.035e+06,2.035e+06,2.035e+06,2.036e+06,630078,917968,1.6e+09,8,19168,153,36,19160,689,12,4816,57,346,19176,6634,196,19168,3756,192,4816,924,80,,,,,,,91.3793,31.0345,17.2414,82.4561,94.8276,89.4737
1.08526e+06,57500,57500,54500,57500,51000,54250,56300,0,1.4025e+08,1.997e+06,2.035e+06,2.036e+06,1.996e+06,1.996e+06,1.997e+06,630078,898632,1.6e+09,8,19168,153,36,19160,689,12,4816,57,336,19176,6443,188,19168,3603,184,4816,886,80,,,,,,,87.7358,35.514,9.34579,80.5556,91.5888,84.1121
1.08654e+06,57000,57000,55000,57000,51000,54250,56200,0,1.4025e+08,2.035e+06,2.035e+06,2.034e+06,2.035e+06,2.035e+06,2.035e+06,630078,917968,1.6e+09,8,19168,153,36,19160,689,12,4816,57,344,19176,6596,196,19168,3756,188,4816,905,80,,,,,,,87.4016,36.2205,15.2,89.6825,93.6508,81.746
1.08725e+06,57500,57500,54500,57500,51000,54250,56000,0,1.4025e+08,2.034e+06,2.034e+06,2.035e+06,2.035e+06,2.035e+06,2.035e+06,630078,917968,1.6e+09,8,19168,153,36,19160,689,12,4816,57,350,19176,6711,200,19168,3833,188,4816,905,80,,,,,,,88.8889,38.0282,15.2778,83.0986,94.4444,84.507
1.0881e+06,57000,57000,54500,57000,51000,54250,56000,0,1.4025e+08,2.035e+06,2.035e+06,2.036e+06,2.033e+06,2.04e+06,2.035e+06,630078,909375,1.6e+09,8,19168,153,36,19160,689,12,4816,57,328,19176,6289,180,19168,3450,184,4816,886,80,,,,,,,88.2353,27.381,11.7647,78.8235,92.8571,86.0465
1.08934e+06,57500,57500,54500,57500,51000,54250,56000,0,1.4025e+08,2.039e+06,2.036e+06,2.035e+06,2.038e+06,2.045e+06,2.045e+06,630078,909375,1.6e+09,8,19168,153,36,19160,689,12,4816,57,348,19176,6673,200,19168,3833,188,4816,905,80,,,,,,,87.0968,39.0244,15.5738,86.9919,93.5484,81.4516
1.09065e+06,57000,57000,54500,57000,51000,54250,56300,0,1.4025e+08,2.044e+06,2.034e+06,2.034e+06,2.04e+06,2.041e+06,2.04e+06,630078,909375,1.6e+09,8,19168,153,36,19160,689,12,4816,57,340,19176,6519,188,19168,3603,192,4816,924,80,,,,,,,87.1212,33.0827,16.0305,86.2595,93.8931,82.4427
1.0914e+06,57500,57500,54500,57500,51000,54250,56300,0,1.4025e+08,2.036e+06,2.035e+06,2.035e+06,2.035e+06,2.035e+06,2.035e+06,630078,917968,1.6e+09,8,19168,153,36,19160,689,12,4816,57,348,19176,6673,200,19168,3833,188,4816,905,80,,,,,,,88,38.3562,13.3333,82.4324,93.2432,85.1351
1.09201e+06,57000,57000,54500,57000,51000,54250,56200,0,1.4025e+08,1.998e+06,2.035e+06,2.034e+06,2e+06,1.998e+06,1.998e+06,630078,898632,1.6e+09,8,19168,153,36,19160,689,12,4816,57,334,19176,6404,184,19168,3526,192,4816,924,80,,,,,,,85.4839,27.4194,16.3934,86.8852,91.9355,80.6452
1.09349e+06,57500,57500,55000,57500,51000,54250,56500,0,1.4025e+08,1.996e+06,2.034e+06,2.035e+06,1.997e+06,1.998e+06,1.998e+06,630078,898632,1.6e+09,8,19168,153,36,19160,689,12,4816,57,344,19176,6596,196,19168,3756,188,4816,905,80,,,,,,,88.5135,36.7347,13.5135,81.7568,94.5578,84.4595
1.09481e+06,57000,57000,54500,57000,51000,54250,56200,52,1.4025e+08,2.034e+06,2.034e+06,2.034e+06,2.034e+06,2.035e+06,2.036e+06,630078,917968,1.6e+09,8,19168,153,36,19160,689,12,4816,57,342,19176,6558,192,19168,3680,192,4816,924,80,,,,,,,87.0229,34.0909,15.1515,87.6923,92.4812,82.5758
1.09568e+06,57000,57000,54500,57000,51000,54250,56300,0,1.4025e+08,2.039e+06,2.034e+06,2.035e+06,2.031e+06,2.038e+06,2.038e+06,630078,909375,1.6e+09,8,19168,153,36,19160,689,12,4816,57,328,19176,6289,180,19168,3450,184,4816,886,80,,,,,,,87.3563,31.3953,11.4943,75.8621,94.1176,86.2069
1.09693e+06,57500,57500,54500,57500,51000,54250,56000,0,1.4025e+08,2.036e+06,2.036e+06,2.035e+06,2.039e+06,2.041e+06,2.044e+06,630078,909375,1.6e+09,8,19168,153,36,19160,689,12,4816,57,348,19176,6673,200,19168,3833,188,4816,905,80,,,,,,,88,38.4,16.2602,87.9032,93.6,82.2581
1.0974e+06,57000,57000,54500,57000,51000,54250,56000,0,1.4025e+08,2.029e+06,2.034e+06,2.034e+06,2.033e+06,2.031e+06,2.033e+06,630078,909375,1.6e+09,8,19168,153,36,19160,689,12,4816,57,344,19176,6596,192,19168,3680,192,4816,924,80,,,,,,,81.25,29.7872,21.2766,85.1064,93.75,78.7234
1.09827e+06,57000,57000,55000,57000,51000,54250,56200,0,1.4025e+08,2.04e+06,2.035e+06,2.034e+06,2.041e+06,2.041e+06,2.042e+06,630078,909375,1.6e+09,8,19168,153,36,19160,689,12,4816,57,344,19176,6596,196,19168,3756,188,4816,905,80,,,,,,,89.6552,35.6322,11.4943,87.2093,93.0233,83.908
1.09982e+06,57000,57000,55000,57000,51000,54250,56000,0,1.4025e+08,2.035e+06,2.035e+06,2.036e+06,2.032e+06,2.043e+06,2.043e+06,630078,909375,1.6e+09,8,19168,153,36,19160,689,12,4816,57,328,19176,6289,180,19168,3450,184,4816,886,80,,,,,,,87.7419,33.1169,13.5484,80,93.5484,85.1613
1.10084e+06,57000,57000,54500,57000,51000,54250,56500,0,1.4025e+08,2.036e+06,2.037e+06,2.033e+06,2.037e+06,2.038e+06,2.035e+06,630078,909375,1.6e+09,8,19168,153,36,19160,689,12,4816,57,342,19176,6558,192,19168,3680,192,4816,924,80,,,,,,,85.1485,36.2745,19.4175,88.3495,94.0594,79.4118
1.10119e+06,57000,57000,54500,57000,51000,54250,56500,0,1.4025e+08,2.036e+06,2.036e+06,2.035e+06,2.035e+06,2.035e+06,2.035e+06,630078,917968,1.6e+09,8,19168,153,36,19160,689,8,4816,38,330,19176,6328,180,19168,3450,184,4816,886,80,,,,,,,94.4444,31.4286,0,70.5882,91.6667,94.2857
1.10275e+06,57500,57500,54500,57500,51000,54000,56000,0,1.4025e+08,2.033e+06,2.035e+06,2.035e+06,2.029e+06,2.037e+06,2.037e+06,630078,909375,1.6e+09,8,19168,153,36,19160,689,12,4816,57,352,19176,6749,200,19168,3833,196,4816,943,80,,,,,,,85.8974,36.129,18.5897,85.2564,94.1935,82.1656
1.10328e+06,57000,57000,54500,57000,51000,54250,56000,0,1.4025e+08,2.036e+06,2.036e+06,2.035e+06,2.031e+06,2.035e+06,2.041e+06,630078,909375,1.6e+09,8,19168,153,36,19160,689,12,4816,57,328,19184,6292,180,19168,3450,184,4816,886,80,,,,,,,92.3077,28.3019,0,80.7692,92.3077,86.5385
1.10429e+06,57000,57000,54500,57000,51000,54250,56000,0,1.4025e+08,2.035e+06,2.034e+06,2.033e+06,2.036e+06,2.034e+06,2.036e+06,630078,917968,1.6e+09,8,19168,153,36,19160,689,12,4816,57,340,19176,6519,192,19168,3680,192,4816,924,80,,,,,,,84.3137,36,19,89,94.0594,79.2079
1.10541e+06,57000,57000,54500,57000,51000,54250,56000,0,1.4025e+08,2.036e+06,2.036e+06,2.035e+06,2.039e+06,2.036e+06,2.038e+06,630078,909375,1.6e+09,8,19168,153,36,19168,690,12,4816,57,320,19184,6138,176,19168,3373,184,4816,886,80,,,,,,,87.5,32.7434,11.5044,80.3571,93.75,83.9286
1.10632e+06,57000,57000,54500,57000,51000,54250,56300,0,1.4025e+08,2.029e+06,2.035e+06,2.035e+06,2.026e+06,2.027e+06,2.027e+06,630078,909375,1.6e+09,8,19168,153,36,19160,689,12,4816,57,338,19176,6481,188,19168,3603,192,4816,924,80,,,,,,,87.7778,35.1648,20.8791,87.7778,93.4066,82.2222
1.10748e+06,57000,57000,54500,57000,51000,54250,56000,0,1.4025e+08,2.034e+06,2.035e+06,2.035e+06,2.032e+06,2.037e+06,2.038e+06,630078,909375,1.6e+09,8,19168,153,36,19160,689,12,4816,57,324,19184,6215,176,19168,3373,184,4816,886,80,,,,,,,87.2881,34.4828,9.48276,81.1966,93.1624,84.6154
1.10839e+06,57500,57500,54500,57500,51000,54250,56000,0,1.4025e+08,2.028e+06,2.034e+06,2.036e+06,2.029e+06,2.027e+06,2.027e+06,630078,909375,1.6e+09,8,19168,153,36,19160,689,12,4816,57,338,19176,6481,188,19168,3603,192,4816,924,80,,,,,,,87.7778,35.5556,21.978,88.8889,94.382,82.2222
1.11e+06,57500,57500,54500,57500,51000,54250,56000,0,1.4025e+08,2.035e+06,2.035e+06,2.035e+06,2.034e+06,2.034e+06,2.035e+06,630078,917968,1.6e+09,8,19168,153,36,19160,689,12,4816,57,344,19176,6596,196,19168,3756,188,4816,905,80,,,,,,,89.441,36.875,12.4224,86.25,93.1677,83.8509
1.11002e+06,57500,57500,54500,57500,51000,54250,56000,0,1.4025e+08,2.036e+06,2.034e+06,2.035e+06,2.036e+06,2.044e+06,2.035e+06,630078,909375,1.6e+09,8,19168,153,36,19160,689,12,4816,57,348,19176,6673,200,19168,3833,188,4816,905,80,,,,,,,100,100,0,50,100,100
1.11103e+06,57000,57000,54500,57000,51000,54250,56300,0,1.4025e+08,2.035e+06,2.036e+06,2.035e+06,2.036e+06,2.035e+06,2.034e+06,630078,917968,1.6e+09,8,19168,153,36,19160,689,12,4816,57,354,19176,6788,200,19168,3833,196,4816,943,80,,,,,,,85.1485,33.3333,19.802,80.6122,94,84
1.11238e+06,57000,57000,54500,57000,51000,54250,56300,0,1.4025e+08,2.035e+06,2.036e+06,2.034e+06,2.034e+06,2.035e+06,2.035e+06,630078,917968,1.6e+09,8,19168,153,36,19160,689,12,4816,57,348,19176,6673,196,19168,3756,192,4816,924,80,,,,,,,87.4074,34.8148,13.3333,83.7037,93.3333,82.963
1.11359e+06,57500,57500,54500,57500,51000,54250,56000,0,1.4025e+08,2.032e+06,2.035e+06,2.035e+06,2.03e+06,2.032e+06,2.035e+06,630078,909375,1.6e+09,8,19168,153,36,19160,689,12,4816,57,332,19176,6366,184,19168,3526,184,4816,886,80,,,,,,,88.5246,33.0579,9.16667,82.6446,92.562,85.124
1.11464e+06,57000,57000,54500,57000,51000,54000,56000,0,1.4025e+08,2.03e+06,2.035e+06,2.035e+06,2.034e+06,2.032e+06,2.033e+06,630078,909375,1.6e+09,8,19168,153,36,19160,689,12,4816,57,344,19176,6596,192,19168,3680,192,4816,924,80,,,,,,,85.7143,35.2381,20.7547,88.6792,94.2857,79.2453
1.11558e+06,57500,57500,55000,57500,51000,54250,56000,0,1.4025e+08,2.032e+06,2.035e+06,2.035e+06,2.033e+06,2.041e+06,2.038e+06,630078,909375,1.6e+09,8,19168,153,36,19160,689,12,4816,57,344,19176,6596,196,19168,3756,188,4816,905,80,,,,,,,90.4255,36.5591,10.6383,82.6087,93.617,86.1702
1.11685e+06,57000,57000,54500,57000,51000,54250,56200,187,1.4025e+08,2.034e+06,2.035e+06,2.034e+06,2.033e+06,2.035e+06,2.032e+06,630078,909375,1.6e+09,8,19168,153,36,19160,689,12,4816,57,334,19176,6404,184,19168,3526,192,4816,924,80,,,,,,,86.5079,31.746,15.0794,86.7188,92.9134,81.746
1.11718e+06,57000,57000,55000,57000,51000,54250,56300,0,1.4025e+08,2.033e+06,2.034e+06,2.034e+06,2.036e+06,2.032e+06,2.033e+06,630078,909375,1.6e+09,8,19168,153,36,19160,689,12,4816,57,338,19176,6481,188,19168,3603,188,4816,905,80,,,,,,,84.8485,41.1765,18.1818,71.875,96.875,84.8485
1.11883e+06,57000,57000,54500,57000,51000,54250,56000,0,1.4025e+08,2.034e+06,2.034e+06,2.035e+06,2.036e+06,2.035e+06,2.035e+06,630078,917968,1.6e+09,8,19168,153,36,19160,689,12,4816,57,344,19176,6596,192,19168,3680,192,4816,924,80,,,,,,,87.9518,35.1515,14.5455,87.1951,93.9394,83.1325
1.11995e+06,57500,57500,54500,57500,51000,54250,56200,0,1.4025e+08,2.03e+06,2.035e+06,2.034e+06,2.037e+06,2.035e+06,2.035e+06,630078,909375,1.6e+09,8,19168,153,36,19160,689,12,4816,57,342,19176,6558,192,19168,3680,188,4816,905,80,,,,,,,86.6071,34.2342,14.4144,80.3571,93.6937,83.9286
1.12051e+06,57500,57500,54500,57500,51000,54250,56200,0,1.4025e+08,2.034e+06,2.035e+06,2.035e+06,2.037e+06,2.033e+06,2.038e+06,630078,909375,1.6e+09,8,19168,153,36,19160,689,12,4816,57,330,19176,6328,184,19168,3526,184,4816,886,80,,,,,,,91.2281,32.7273,7.14286,82.1429,91.2281,87.7193
1.12148e+06,57500,57500,54500,57500,51000,54250,56000,0,1.4025e+08,2.033e+06,2.036e+06,2.035e+06,2.029e+06,2.03e+06,2.033e+06,630078,909375,1.6e+09,8,19168,153,36,19160,689,12,4816,57,340,19176,6519,192,19168,3680,192,4816,924,80,,,,,,,86.3158,34.6939,21.4286,87.5,95.8333,80.2083
1.12235e+06,57500,57500,55000,57500,51000,54250,56000,0,1.4025e+08,2.035e+06,2.035e+06,2.035e+06,2.035e+06,2.035e+06,2.035e+06,630078,917968,1.6e+09,8,19168,153,36,19160,689,12,4816,57,338,19176,6481,188,19168,3603,192,4816,924,80,,,,,,,87.5,34.8837,10.5882,87.3563,92.0455,84.8837
1.12353e+06,57500,57500,55000,57500,51000,54250,56300,0,1.4025e+08,2.033e+06,2.035e+06,2.034e+06,2.033e+06,2.04e+06,2.036e+06,630078,909375,1.6e+09,8,19168,153,36,19160,689,12,4816,57,348,19176,6673,196,19168,3756,192,4816,924,80,,,,,,,88.0342,35.8974,17.7966,82.0513,94.0171,84.6154
1.12498e+06,57000,57000,54500,57000,51000,54250,56000,0,1.4025e+08,2.032e+06,2.035e+06,2.035e+06,2.034e+06,2.034e+06,2.035e+06,630078,909375,1.6e+09,8,19168,153,36,19160,689,12,4816,57,340,19176,6519,188,19168,3603,192,4816,924,80,,,,,,,86.3014,34.9315,13.7931,84.7222,93.1034,80.8219
1.12516e+06,57000,57000,54500,57000,51000,54250,56000,0,1.4025e+08,2.032e+06,2.035e+06,2.034e+06,2.036e+06,2.035e+06,2.037e+06,630078,909375,1.6e+09,8,19168,153,36,19160,689,12,4816,57,342,19176,6558,192,19168,3680,192,4816,924,80,,,,,,,100,41.1765,0,94.7368,88.8889,94.4444
1.1262e+06,57500,57500,54500,57500,51000,54250,56300,0,1.4025e+08,2.031e+06,2.035e+06,2.035e+06,2.029e+06,2.039e+06,2.038e+06,630078,909375,1.6e+09,8,19160,153,36,19160,689,12,4816,57,356,19176,6826,204,19168,3910,196,4816,943,80,,,,,,,85.8491,36.5385,19.2308,80.5825,95.1456,84.6154
1.1279e+06,57000,57000,54500,57000,51000,54250,56300,0,1.4025e+08,2.034e+06,2.035e+06,2.034e+06,2.037e+06,2.035e+06,2.036e+06,630078,909375,1.6e+09,8,19168,153,36,19160,689,12,4816,57,336,19176,6443,184,19168,3526,192,4816,924,80,,,,,,,88.2353,33.1361,11.7647,86.5497,92.3529,82.2485
1.12856e+06,57000,57000,55000,57000,51000,54250,56500,0,1.4025e+08,2.035e+06,2.035e+06,2.035e+06,2.036e+06,2.035e+06,2.036e+06,630078,909375,1.6e+09,8,19168,153,36,19160,689,12,4816,57,338,19176,6481,188,19168,3603,192,4816,924,80,,,,,,,86.1538,33.8462,15.3846,84.6154,95.4545,84.8485
1.12947e+06,57000,57000,54500,57000,51000,54250,56300,0,1.4025e+08,2.03e+06,2.034e+06,2.035e+06,2.039e+06,2.035e+06,2.036e+06,630078,909375,1.6e+09,8,19168,153,36,19160,689,12,4816,57,332,19176,6366,184,19168,3526,184,4816,886,80,,,,,,,89.011,36.2637,12.0879,76.6667,92.2222,84.7826
1.13072e+06,57500,57500,54500,57500,51000,54250,56000,0,1.4025e+08,2.035e+06,2.035e+06,2.035e+06,2.034e+06,2.034e+06,2.034e+06,630078,917968,1.6e+09,8,19168,153,36,19160,689,12,4816,57,348,19176,6673,200,19168,3833,188,4816,905,80,,,,,,,87.2,37.0968,16,89.6,94.3548,81.6
1.1314e+06,57500,57500,55000,57500,51000,54250,56200,0,1.4025e+08,2.034e+06,2.035e+06,2.034e+06,2.029e+06,2.029e+06,2.025e+06,630078,909375,1.6e+09,8,19168,153,36,19160,689,12,4816,57,346,19176,6634,196,19168,3756,188,4816,905,80,,,,,,,86.9565,35.2941,14.7059,85.0746,92.7536,83.5821
1.13266e+06,57000,57000,54500,57000,51000,54250,56000,0,1.4025e+08,2.033e+06,2.035e+06,2.034e+06,2.033e+06,2.03e+06,2.033e+06,630078,909375,1.6e+09,8,19168,153,36,19160,689,12,4816,57,342,19176,6558,192,19168,3680,192,4816,924,80,,,,,,,86.4,33.3333,16,83.3333,94.4444,82.5397
1.13347e+06,57500,57500,54500,57500,51000,54250,56000,0,1.4025e+08,2.037e+06,2.034e+06,2.034e+06,2.038e+06,2.032e+06,2.038e+06,630078,909375,1.6e+09,8,19168,153,36,19160,689,12,4816,57,346,19176,6634,196,19168,3756,188,4816,905,80,,,,,,,88.8889,37.037,12.3457,85.1852,92.5,83.9506
1.13467e+06,57000,57000,54500,57000,51000,54250,56300,0,1.4025e+08,2.031e+06,2.034e+06,2.034e+06,2.034e+06,2.032e+06,2.031e+06,630078,909375,1.6e+09,8,19168,153,36,19160,689,12,4816,57,346,19176,6634,196,19168,3756,192,4816,924,80,,,,,,,85.9504,34.7107,16.6667,83.1933,93.4426,82.5
1.13594e+06,57500,57500,55000,57500,51000,54250,56000,0,1.4025e+08,2.036e+06,2.034e+06,2.035e+06,2.031e+06,2.038e+06,2.036e+06,630078,909375,1.6e+09,8,19168,153,36,19160,689,12,4816,57,346,19176,6634,196,19168,3756,192,4816,924,80,,,,,,,88.2812,33.3333,15.873,82.6772,94.4444,85.1562
1.13687e+06,57000,57000,54500,57000,51000,54250,56200,0,1.4025e+08,2.034e+06,2.034e+06,2.035e+06,2.035e+06,2.035e+06,2.034e+06,630078,909375,1.6e+09,8,19168,153,36,19160,689,12,4816,57,336,19176,6443,184,19168,3526,192,4816,924,80,,,,,,,88.0435,35.1064,10.6383,87.234,91.3978,80.8511
1.13799e+06,57500,57500,54500,57500,51000,54250,56200,0,1.4025e+08,2.037e+06,2.035e+06,2.036e+06,2.034e+06,2.041e+06,2.036e+06,630078,909375,1.6e+09,8,19168,153,36,19160,689,12,4816,57,350,19176,6711,196,19168,3756,196,4816,943,80,,,,,,,86.7257,35.4545,18.9189,81.0811,95.4955,85.5856
1.13843e+06,57000,57000,54500,57000,51000,54250,56200,0,1.4025e+08,2.038e+06,2.036e+06,2.034e+06,2.035e+06,2.042e+06,2.038e+06,630078,909375,1.6e+09,8,19168,153,36,19160,689,12,4816,57,332,19176,6366,184,19168,3526,184,4816,886,80,,,,,,,90.4762,34.0909,0,76.7442,88.6364,83.7209
1.13926e+06,57000,57000,54500,57000,51000,54000,56000,0,1.4025e+08,2.034e+06,2.035e+06,2.035e+06,2.035e+06,2.032e+06,2.033e+06,630078,909375,1.6e+09,8,19168,153,36,19160,689,12,4816,57,336,19176,6443,188,19168,3603,188,4816,905,80,,,,,,,84.5238,34.9398,18.0723,86.747,95.122,80.7229
1.14099e+06,57000,57000,54500,57000,51000,54250,56000,0,1.4025e+08,2.031e+06,2.035e+06,2.036e+06,2.033e+06,2.03e+06,2.033e+06,630078,909375,1.6e+09,8,19168,153,36,19160,689,12,4816,57,338,19176,6481,184,19168,3526,192,4816,924,80,,,,,,,88.4393,33.9181,13.9535,87.2832,93.6047,83.237
1.14145e+06,57500,57500,54500,57500,51000,54000,56000,0,1.4025e+08,2.037e+06,2.035e+06,2.035e+06,2.031e+06,2.037e+06,2.037e+06,630078,909375,1.6e+09,8,19168,153,36,19160,689,12,4816,57,350,19176,6711,196,19168,3756,192,4816,924,80,,,,,,,86.9565,36.9565,23.913,76.087,95.6522,89.1304
1.14228e+06,57000,57000,54500,57000,51000,54250,56000,0,1.4025e+08,2.033e+06,2.034e+06,2.035e+06,2.03e+06,2.035e+06,2.036e+06,630078,909375,1.6e+09,8,19168,153,36,19160,689,12,4816,57,346,19176,6634,196,19168,3756,192,4816,924,80,,,,,,,85.7143,36.9048,12.0482,86.9048,92.7711,79.7619
1.14336e+06,57000,57000,54500,57000,51000,54250,56000,0,1.4025e+08,2.034e+06,2.034e+06,2.034e+06,2.033e+06,2.035e+06,2.037e+06,630078,909375,1.6e+09,8,19168,153,36,19160,689,12,4816,57,322,19184,6177,176,19168,3373,184,4816,886,80,,,,,,,87.037,30.8411,10.1852,79.4393,93.5185,84.1121
1.14403e+06,57000,57000,54500,57000,51000,54250,56000,0,1.4025e+08,2.034e+06,2.036e+06,2.034e+06,2.03e+06,2.032e+06,2.032e+06,630078,909375,1.6e+09,8,19168,153,36,19160,689,12,4816,57,322,19184,6177,176,19168,3373,180,4816,866,80,,,,,,,87.8788,35.2941,13.6364,84.8485,92.5373,83.8235
1.14592e+06,57500,57500,54500,57500,51000,54250,56000,0,1.4025e+08,2.036e+06,2.035e+06,2.035e+06,2.037e+06,2.04e+06,2.037e+06,630078,909375,1.6e+09,8,19168,153,36,19160,689,8,4816,57,346,19176,6634,196,19168,3756,188,4816,905,80,,,,,,,89.418,37.9679,15.873,86.1702,93.6508,83.5979
1.14694e+06,57500,57500,54500,57500,51000,54250,56000,0,1.4025e+08,2.036e+06,2.035e+06,2.035e+06,2.036e+06,2.035e+06,2.039e+06,630078,909375,1.6e+09,8,19168,153,36,19160,689,12,4816,57,350,19176,6711,200,19168,3833,196,4816,943,80,,,,,,,85.2941,32.3529,19.6078,82.3529,94.1176,84.3137
1.14788e+06,57000,57000,55000,57000,51000,54250,56000,0,1.4025e+08,2.035e+06,2.035e+06,2.034e+06,2.032e+06,2.038e+06,2.033e+06,630078,909375,1.6e+09,8,19168,153,36,19160,689,12,4816,57,338,19176,6481,188,19168,3603,192,4816,924,80,,,,,,,88.2979,33.6842,11.7021,88.2979,93.5484,82.9787
1.14809e+06,57000,57000,54500,57000,51000,54250,56000,0,1.4025e+08,2.036e+06,2.034e+06,2.035e+06,2.034e+06,2.038e+06,2.036e+06,630078,909375,1.6e+09,8,19168,153,36,19160,689,12,4816,57,332,19176,6366,184,19168,3526,184,4816,886,80,,,,,,,90.9091,38.0952,0,50,90.4762,95
1.14977e+06,57000,57000,54500,57000,51000,54250,56000,0,1.4025e+08,2.029e+06,2.035e+06,2.034e+06,2.029e+06,2.032e+06,2.031e+06,630078,909375,1.6e+09,8,19168,153,36,19160,689,12,4816,57,342,19176,6519,188,19168,3603,192,4816,924,80,,,,,,,86.8263,33.9286,17.3653,86.3905,94.6746,81.6568
1.15083e+06,57500,57500,54500,57500,51000,54250,56000,0,1.4025e+08,2.036e+06,2.034e+06,2.036e+06,2.035e+06,2.036e+06,2.042e+06,630078,909375,1.6e+09,8,19168,153,36,19160,689,12,4816,57,334,19176,6404,188,19168,3526,184,4816,886,80,,,,,,,88.785,36.1905,9.61538,80.7692,91.3462,85.8491
1.15161e+06,57000,57000,54500,57000,51000,54250,56000,0,1.4025e+08,2.026e+06,2.035e+06,2.035e+06,2.024e+06,2.023e+06,2.026e+06,630078,909375,1.6e+09,8,19168,153,36,19160,689,12,4816,57,322,19184,6177,176,19168,3373,180,4816,866,80,,,,,,,84.8101,29.8701,12.8205,85.8974,93.5897,80.7692
1.15226e+06,57000,57000,54500,57000,51000,54250,56000,0,1.4025e+08,2.031e+06,2.035e+06,2.035e+06,2.032e+06,2.04e+06,2.042e+06,630078,909375,1.6e+09,8,19168,153,36,19160,689,12,4816,57,330,19176,6328,184,19168,3526,184,4816,886,80,,,,,,,90.625,37.8788,15.3846,82.8125,93.8462,87.5
1.15318e+06,57000,57000,54500,57000,51000,54000,56000,0,1.4025e+08,2.039e+06,2.035e+06,2.034e+06,2.039e+06,2.038e+06,2.038e+06,630078,909375,1.6e+09,8,19168,153,36,19160,689,12,4816,57,350,19176,6711,200,19168,3833,196,4816,943,80,,,,,,,86.9565,36.2637,21.978,86.9565,94.6237,83.871
1.15413e+06,57000,57000,54500,57000,51000,54250,56000,186,1.4025e+08,2.034e+06,2.035e+06,2.035e+06,2.038e+06,2.035e+06,2.035e+06,630078,909375,1.6e+09,8,19168,153,36,19160,689,12,4816,57,338,19176,6481,188,19168,3603,192,4816,924,80,,,,,,,88.4211,34.7368,9.47368,87.3684,92.5532,80.2083
1.15523e+06,57500,57500,54500,57500,51000,54250,56000,0,1.4025e+08,1.997e+06,2.035e+06,2.036e+06,1.997e+06,1.997e+06,2e+06,630078,898632,1.6e+09,8,19168,153,36,19160,689,12,4816,57,348,19176,6673,196,19168,3756,192,4816,924,80,,,,,,,86.3636,35.4545,18.1818,81.8182,94.5455,85.4545
1.15634e+06,57500,57500,54500,57500,51000,54250,56000,0,1.4025e+08,2.035e+06,2.035e+06,2.034e+06,2.032e+06,2.034e+06,2.033e+06,630078,909375,1.6e+09,8,19168,153,36,19160,689,12,4816,57,336,19176,6443,188,19168,3603,184,4816,886,80,,,,,,,89.1892,34.8624,9.09091,80.9091,91.8919,83.7838
1.15734e+06,57000,57000,54500,57000,51000,54250,56000,187,1.4025e+08,2.037e+06,2.036e+06,2.035e+06,2.036e+06,2.042e+06,2.044e+06,630078,909375,1.6e+09,8,19168,153,36,19160,689,12,4816,57,346,19176,6634,196,19168,3756,192,4816,924,80,,,,,,,87,33,20,88,95.9596,84
1.15813e+06,57000,57000,54500,57000,51000,54250,56000,0,1.4025e+08,2.031e+06,2.034e+06,2.034e+06,2.038e+06,2.038e+06,2.033e+06,630078,909375,1.6e+09,8,19168,153,36,19160,689,12,4816,57,346,19176,6634,196,19168,3756,192,4816,924,80,,,,,,,86.0759,38.75,11.5385,86.0759,92.5,79.7468
1.15989e+06,57000,57000,54500,57000,51000,54250,56000,0,1.4025e+08,2.03e+06,2.035e+06,2.035e+06,2.026e+06,2.029e+06,2.031e+06,630078,909375,1.6e+09,8,19168,153,36,19160,689,12,4816,57,322,19184,6177,176,19168,3373,180,4816,866,80,,,,,,,87.5,31.4286,11.4286,82.3864,93.1429,84.0909
1.1608e+06,57000,57000,54500,57000,51000,54250,56000,0,1.4025e+08,2.039e+06,2.035e+06,2.034e+06,2.031e+06,2.04e+06,2.04e+06,630078,909375,1.6e+09,8,19168,153,36,19160,689,12,4816,57,342,19176,6558,192,19168,3680,192,4816,924,80,,,,,,,89.011,36.2637,21.978,86.8132,95.6044,83.6957
1.16185e+06,57500,57500,54500,57500,51000,54250,56000,0,1.4025e+08,2.035e+06,2.036e+06,2.035e+06,2.035e+06,2.035e+06,2.035e+06,630078,917968,1.6e+09,8,19168,153,36,19160,689,12,4816,57,338,19176,6481,188,19168,3603,184,4816,886,80,,,,,,,87.619,37.5,9.61538,80,91.3462,85.4369
1.16229e+06,57000,57000,54500,57000,51000,54250,56200,0,1.4025e+08,2.032e+06,2.034e+06,2.035e+06,2.033e+06,2.036e+06,2.033e+06,630078,909375,1.6e+09,8,19168,153,36,19160,689,12,4816,57,346,19176,6634,196,19168,3756,192,4816,924,80,,,,,,,84.4444,34.8837,22.7273,97.7778,95.5556,77.7778
1.16346e+06,57500,57500,54500,57500,51000,54250,56000,0,1.4025e+08,2.006e+06,2.035e+06,2.035e+06,2.063e+06,2.035e+06,2.034e+06,630078,917968,1.6e+09,8,19168,153,36,19160,689,12,4816,57,354,19176,6788,200,19168,3833,196,4816,943,80,,,,,,,88.0342,35.0427,16.2393,81.7391,94.0171,84.6154
1.16431e+06,57000,57000,54500,57000,51000,54250,56000,0,1.4025e+08,2.027e+06,2.035e+06,2.035e+06,2.031e+06,2.027e+06,2.028e+06,630078,909375,1.6e+09,8,19168,153,36,19160,689,12,4816,57,340,19176,6519,188,19168,3603,192,4816,924,80,,,,,,,86.0465,31.7647,11.9048,86.0465,92.8571,79.7619
1.16596e+06,57500,57500,54500,57500,51000,54250,56000,0,1.4025e+08,2.036e+06,2.036e+06,2.036e+06,2.032e+06,2.041e+06,2.041e+06,630078,909375,1.6e+09,8,19168,153,36,19160,689,12,4816,57,344,19176,6596,196,19168,3756,188,4816,905,80,,,,,,,89.6341,35.9756,13.253,82.8221,93.3333,84.9398
1.1664e+06,56500,56500,54500,56500,51000,54250,56000,0,1.4025e+08,2.03e+06,2.035e+06,2.034e+06,2.031e+06,2.031e+06,2.032e+06,630078,909375,1.6e+09,8,19168,153,36,19160,689,12,4816,57,344,19176,6596,192,19168,3680,192,4816,924,80,,,,,,,80,33.3333,22.7273,90.9091,93.3333,77.7778
1.16718e+06,57000,57000,54500,57000,51000,54250,56000,0,1.4025e+08,2.034e+06,2.036e+06,2.034e+06,2.029e+06,2.033e+06,2.034e+06,630078,909375,1.6e+09,8,19168,153,36,19160,689,12,4816,57,340,19176,6519,188,19168,3603,192,4816,924,80,,,,,,,89.6104,32.4675,12.8205,87.1795,94.7368,85.7143
1.16895e+06,57000,57000,55000,57000,51000,54250,56000,0,1.4025e+08,2.034e+06,2.035e+06,2.035e+06,2.037e+06,2.036e+06,2.036e+06,630078,909375,1.6e+09,8,19168,153,36,19160,689,12,4816,57,344,19176,6596,196,19168,3756,192,4816,924,80,,,,,,,86.4407,35.9551,15.4286,81.8182,93.2584,83.6158
1.16983e+06,56500,56500,54500,56500,51000,54250,56000,0,1.4025e+08,2.032e+06,2.034e+06,2.035e+06,2.034e+06,2.035e+06,2.032e+06,630078,909375,1.6e+09,8,19168,153,36,19160,689,12,4816,57,340,19176,6519,188,19168,3603,192,4816,924,80,,,,,,,87.3563,32.5581,13.6364,87.5,93.0233,80.4598
1.17044e+06,57500,57500,54500,57500,51000,54250,56200,0,1.4025e+08,2.031e+06,2.036e+06,2.035e+06,2.034e+06,2.037e+06,2.039e+06,630078,909375,1.6e+09,8,19168,153,36,19160,689,12,4816,57,346,19176,6634,196,19168,3756,192,4816,924,80,,,,,,,90.1639,35.4839,16.6667,81.6667,95.1613,88.7097
1.17193e+06,57000,57000,55000,57000,51000,54250,56200,0,1.4025e+08,2.033e+06,2.034e+06,2.035e+06,2.035e+06,2.031e+06,2.029e+06,630078,909375,1.6e+09,8,19168,153,36,19160,689,12,4816,57,346,19176,6634,196,19168,3756,192,4816,924,80,,,,,,,86.6667,35.8108,13.3333,85.2349,93.2886,81.2081
1.17227e+06,57000,57000,55000,57000,51000,54000,56300,0,1.4025e+08,2.032e+06,2.036e+06,2.035e+06,2.031e+06,2.041e+06,2.039e+06,630078,909375,1.6e+09,8,19168,153,36,19160,689,12,4816,57,328,19184,6289,180,19168,3450,184,4816,886,80,,,,,,,94.1176,23.5294,0,70.5882,90.9091,97.0588
1.17371e+06,57000,57000,54500,57000,51000,54250,56000,0,1.4025e+08,2.035e+06,2.034e+06,2.034e+06,2.037e+06,2.036e+06,2.034e+06,630078,909375,1.6e+09,8,19168,153,36,19168,690,12,4816,57,320,19184,6138,176,19168,3373,184,4816,886,80,,,,,,,85.5172,34.4828,14.5833,84.6154,93.7931,80.6897
1.17429e+06,57500,57500,55000,57500,51000,54250,56000,0,1.4025e+08,2.037e+06,2.034e+06,2.035e+06,2.034e+06,2.039e+06,2.038e+06,630078,909375,1.6e+09,8,19168,153,36,19160,689,12,4816,57,334,19176,6404,184,19168,3526,184,4816,886,80,,,,,,,91.2281,39.2857,17.5439,82.4561,91.3793,87.7193
1.1753e+06,57500,57500,55000,57500,51000,54250,56000,0,1.4025e+08,2.031e+06,2.035e+06,2.035e+06,2.029e+06,2.029e+06,2.03e+06,630078,909375,1.6e+09,8,19168,153,36,19160,689,12,4816,57,340,19176,6519,192,19168,3680,192,4816,924,80,,,,,,,87.1287,32.6733,19.6078,88.1188,96,80.3922
1.17663e+06,57000,57000,55000,57000,51000,54250,56000,0,1.4025e+08,2.036e+06,2.035e+06,2.035e+06,2.034e+06,2.038e+06,2.038e+06,630078,909375,1.6e+09,8,19168,153,36,19160,689,12,4816,57,350,19176,6711,196,19168,3756,192,4816,924,80,,,,,,,87.9699,36.0902,14.5038,83.4586,93.2331,85.7143
1.17723e+06,57000,57000,54500,57000,51000,54250,56000,0,1.4025e+08,2.035e+06,2.035e+06,2.035e+06,2.036e+06,2.035e+06,2.035e+06,630078,917968,1.6e+09,8,19168,153,36,19160,689,12,4816,57,348,19176,6673,196,19168,3756,192,4816,924,80,,,,,,,85,38.3333,14.7541,83.6066,93.3333,80
1.17818e+06,57000,57000,54500,57000,51000,54250,56300,72,1.4025e+08,2.032e+06,2.035e+06,2.036e+06,2.032e+06,2.034e+06,2.036e+06,630078,909375,1.6e+09,8,19168,153,36,19160,689,12,4816,57,344,19176,6596,192,19168,3680,192,4816,924,80,,,,,,,87.5,33.6842,12.766,89.2473,93.617,82.1053
1.17972e+06,57500,57500,54500,57500,51000,54250,56300,0,1.4025e+08,2.034e+06,2.036e+06,2.035e+06,2.032e+06,2.039e+06,2.044e+06,630078,909375,1.6e+09,8,19168,153,36,19160,689,12,4816,57,348,19176,6673,200,19168,3833,188,4816,905,80,,,,,,,88.961,36.3636,12.4183,83.2258,92.8571,84.4156
1.18001e+06,57000,57000,54500,57000,51000,54000,56000,0,1.4025e+08,2.031e+06,2.034e+06,2.035e+06,2.028e+06,2.03e+06,2.03e+06,630078,909375,1.6e+09,8,19168,153,36,19160,689,12,4816,57,350,19176,6749,200,19168,3833,192,4816,924,80,,,,,,,78.5714,32.1429,33.3333,75,96.4286,82.1429
1.18101e+06,57000,57000,54500,57000,51000,54250,56000,0,1.4025e+08,2.033e+06,2.035e+06,2.034e+06,2.03e+06,2.036e+06,2.031e+06,630078,909375,1.6e+09,8,19168,153,36,19160,689,12,4816,57,336,19176,6404,184,19168,3526,192,4816,924,80,,,,,,,89.1089,30.303,10.101,88.8889,93,82.3529
1.18233e+06,57000,57000,54500,57000,51000,54250,56000,0,1.4025e+08,2.031e+06,2.035e+06,2.036e+06,2.031e+06,2.036e+06,2.036e+06,630078,909375,1.6e+09,8,19168,153,36,19160,689,12,4816,57,342,19176,6558,192,19168,3680,192,4816,924,80,,,,,,,86.4662,36.3636,15.1515,83.4586,93.9394,83.8462
1.18326e+06,57500,57500,54500,57500,51000,54250,56000,0,1.4025e+08,1.998e+06,2.035e+06,2.034e+06,1.997e+06,1.998e+06,1.998e+06,630078,898632,1.6e+09,8,19168,153,36,19160,689,12,4816,57,336,19176,6443,188,19168,3603,184,4816,886,80,,,,,,,89.1304,35.1064,11.828,78.2609,91.4894,85.1064
1.18419e+06,57500,57500,54500,57500,51000,54250,56000,0,1.4025e+08,2.033e+06,2.035e+06,2.035e+06,2.033e+06,2.038e+06,2.039e+06,630078,909375,1.6e+09,8,19168,153,36,19160,689,12,4816,57,352,19176,6749,200,19168,3833,196,4816,943,80,,,,,,,86.1702,35.5556,21.7391,86.8132,95.6522,82.6087
1.18546e+06,57000,57000,54500,57000,51000,54250,56200,0,1.4025e+08,1.997e+06,2.035e+06,2.036e+06,1.999e+06,1.998e+06,1.998e+06,630078,898632,1.6e+09,8,19168,153,36,19160,689,12,4816,57,326,19184,6253,180,19168,3450,184,4816,886,80,,,,,,,86.6142,32.5581,9.44882,82.8125,93.7008,82.0312
1.18649e+06,57500,57500,54500,57500,51000,54250,56000,0,1.4025e+08,2.033e+06,2.034e+06,2.035e+06,2.034e+06,2.039e+06,2.039e+06,630078,909375,1.6e+09,8,19168,153,36,19160,689,12,4816,57,340,19176,6519,188,19168,3603,192,4816,924,80,,,,,,,89.3204,36.8932,18.2692,90.1961,94.1748,83.4951
1.18752e+06,57000,57000,54500,57000,51000,54000,56000,0,1.4025e+08,2.034e+06,2.034e+06,2.034e+06,2.035e+06,2.035e+06,2.034e+06,630078,917968,1.6e+09,8,19168,153,36,19160,689,12,4816,57,322,19184,6177,176,19168,3373,184,4816,886,80,,,,,,,85.5769,32.3529,10.7843,78.6408,93.1373,82.5243
1.1888e+06,57000,57000,54500,57000,51000,54250,56300,0,1.4025e+08,2.036e+06,2.034e+06,2.035e+06,2.035e+06,2.04e+06,2.035e+06,630078,909375,1.6e+09,8,19168,153,36,19160,689,12,4816,57,332,19176,6366,184,19168,3526,184,4816,886,80,,,,,,,89.7638,36.2205,14.1732,83.4646,92.9134,85.8268
1.18962e+06,57000,57000,54500,57000,51000,54250,56300,0,1.4025e+08,2.034e+06,2.035e+06,2.034e+06,2.034e+06,2.035e+06,2.035e+06,630078,917968,1.6e+09,8,19168,153,36,19160,689,12,4816,57,334,19176,6404,184,19168,3526,188,4816,905,80,,,,,,,84.3373,36.1446,18.2927,85.3659,93.9759,80.4878
1.19041e+06,57500,57500,54500,57500,51000,54250,56000,0,1.4025e+08,1.997e+06,2.037e+06,2.035e+06,1.996e+06,1.999e+06,1.998e+06,630078,898632,1.6e+09,8,19168,153,36,19160,689,12,4816,57,350,19176,6711,200,19168,3833,192,4816,924,80,,,,,,,89.8734,35.8974,20,86.0759,94.8718,85
1.1916e+06,57000,57000,54500,57000,51000,54250,56000,0,1.4025e+08,2.037e+06,2.035e+06,2.035e+06,2.039e+06,2.04e+06,2.045e+06,630078,909375,1.6e+09,8,19168,153,36,19160,689,12,4816,57,326,19184,6253,180,19168,3450,184,4816,886,80,,,,,,,88.9831,32.2034,7.62712,82.2034,92.437,84.8739
1.19247e+06,57500,57500,54500,57500,51000,54250,56000,0,1.4025e+08,2.034e+06,2.035e+06,2.036e+06,2.036e+06,2.033e+06,2.035e+06,630078,917968,1.6e+09,8,19168,153,36,19160,689,12,4816,57,352,19176,6749,200,19168,3833,196,4816,943,80,,,,,,,84.0909,40.2299,24.1379,87.3563,95.4023,81.3953
1.1937e+06,57000,57000,54500,57000,51000,54250,56000,0,1.4025e+08,1.997e+06,2.036e+06,2.035e+06,1.996e+06,1.996e+06,1.996e+06,630078,898632,1.6e+09,8,19168,153,36,19160,689,12,4816,57,322,19184,6177,176,19168,3373,180,4816,866,80,,,,,,,87.8049,30.8943,8.19672,82.7869,91.8699,82.9268
1.19406e+06,57000,57000,54500,57000,51000,54250,56000,0,1.4025e+08,2.035e+06,2.035e+06,2.036e+06,2.032e+06,2.036e+06,2.036e+06,630078,909375,1.6e+09,8,19168,153,36,19160,689,12,4816,57,344,19176,6558,192,19168,3680,192,4816,924,80,,,,,,,86.4865,44.4444,25.7143,97.2973,97.2222,80.5556
1.19578e+06,57000,57000,54500,57000,51000,54250,56000,0,1.4025e+08,2.03e+06,2.034e+06,2.035e+06,2.025e+06,2.027e+06,2.026e+06,630078,909375,1.6e+09,8,19168,153,36,19160,689,12,4816,57,320,19184,6138,172,19168,3296,180,4816,866,80,,,,,,,87.1345,32.7485,12.2093,81.1765,92.9825,83.7209
1.19666e+06,57000,57000,54500,57000,51000,54250,56000,0,1.4025e+08,2.033e+06,2.034e+06,2.034e+06,2.034e+06,2.042e+06,2.044e+06,630078,909375,1.6e+09,8,19168,153,36,19160,689,12,4816,57,348,19176,6673,196,19168,3756,192,4816,924,80,,,,,,,89.6552,37.5,21.8391,86.5169,95.4545,85.3933
1.19746e+06,57000,57000,54500,57000,51000,54250,56000,0,1.4025e+08,2.029e+06,2.035e+06,2.034e+06,2.031e+06,2.027e+06,2.028e+06,630078,909375,1.6e+09,8,19168,153,36,19160,689,12,4816,57,346,19176,6634,196,19168,3756,192,4816,924,80,,,,,,,85.1852,37.5,12.5,87.3418,92.5,78.75
1.19895e+06,57000,57000,54500,57000,51000,54250,56000,0,1.4025e+08,2.027e+06,2.035e+06,2.036e+06,2.027e+06,2.03e+06,2.029e+06,630078,898632,1.6e+09,8,19168,153,36,19160,689,12,4816,57,334,19176,6404,184,19168,3526,192,4816,924,80,,,,,,,88.5906,32.4324,14,84.6667,92.6667,83.8926
1.1996e+06,57000,57000,54500,57000,51000,54250,56000,0,1.4025e+08,2.034e+06,2.035e+06,2.036e+06,2.035e+06,2.034e+06,2.035e+06,630078,917968,1.6e+09,8,19168,153,36,19160,689,12,4816,57,340,19176,6519,188,19168,3603,192,4816,924,80,,,,,,,86.3636,38.4615,15.3846,84.375,96.875,84.6154
1.20028e+06,57000,57000,54500,57000,51000,54250,56000,0,1.4025e+08,2.035e+06,2.035e+06,2.035e+06,2.031e+06,2.035e+06,2.038e+06,630078,909375,1.6e+09,8,19168,153,36,19160,689,12,4816,57,340,19176,6519,188,19168,3603,192,4816,924,80,,,,,,,86.7647,33.8235,14.7059,84.058,92.6471,82.6087
1.20139e+06,57500,57500,55000,57500,51000,54000,56000,0,1.4025e+08,2.035e+06,2.035e+06,2.035e+06,2.042e+06,2.043e+06,2.044e+06,630078,909375,1.6e+09,8,19168,153,36,19160,689,12,4816,57,348,19176,6673,200,19168,3833,192,4816,924,80,,,,,,,87.3874,37.2727,18.018,79.8165,93.6364,84.4037
1.20253e+06,57500,57500,54500,57500,51000,54250,56000,0,1.4025e+08,2.037e+06,2.037e+06,2.034e+06,2.029e+06,2.038e+06,2.039e+06,630078,909375,1.6e+09,8,19168,153,36,19160,689,12,4816,57,344,19176,6596,196,19168,3756,188,4816,905,80,,,,,,,90.3509,34.7826,9.64912,84.3478,93.0435,83.6207
1.20356e+06,57000,57000,54500,57000,51000,54000,56000,0,1.4025e+08,1.997e+06,2.036e+06,2.035e+06,1.997e+06,1.998e+06,1.997e+06,630078,898632,1.6e+09,8,19168,153,36,19160,689,12,4816,57,350,19176,6711,196,19168,3756,196,4816,943,80,,,,,,,85.4369,32.3529,18.8119,86.1386,94.1748,84.3137
1.2041e+06,57000,57000,54500,57000,51000,54000,56000,0,1.4025e+08,2.033e+06,2.036e+06,2.034e+06,2.03e+06,2.032e+06,2.035e+06,630078,909375,1.6e+09,8,19168,153,36,19160,689,12,4816,57,334,19176,6404,184,19168,3526,188,4816,905,80,,,,,,,83.3333,33.9623,7.40741,79.6296,92.4528,79.2453
1.20582e+06,57000,57000,54500,57000,51000,54250,56300,53,1.4025e+08,2.032e+06,2.035e+06,2.034e+06,2.027e+06,2.032e+06,2.035e+06,630078,909375,1.6e+09,8,19168,153,36,19160,689,12,4816,57,340,19176,6519,188,19168,3603,192,4816,924,80,,,,,,,88.9535,34.8837,15.1163,87.7907,94.186,83.3333
1.20686e+06,57000,57000,54500,57000,51000,54250,56000,0,1.4025e+08,2.029e+06,2.035e+06,2.035e+06,2.03e+06,2.032e+06,2.025e+06,630078,909375,1.6e+09,8,19168,153,36,19160,689,12,4816,57,328,19184,6330,180,19168,3450,184,4816,886,80,,,,,,,85.5769,33.9806,12.6214,78.8462,92.3077,82.5243
1.20773e+06,57000,57000,54500,57000,51000,54250,56000,0,1.4025e+08,1.996e+06,2.035e+06,2.034e+06,1.998e+06,1.999e+06,1.998e+06,630078,898632,1.6e+09,8,19168,153,36,19160,689,12,4816,57,342,19176,6558,192,19168,3680,192,4816,924,80,,,,,,,89.6552,35.6322,19.7674,87.3563,95.3488,84.8837
1.20805e+06,57500,57500,54500,57500,51000,54250,56000,0,1.4025e+08,2.036e+06,2.035e+06,2.034e+06,2.038e+06,2.045e+06,2.047e+06,630078,909375,1.6e+09,8,19168,153,36,19160,689,12,4816,57,342,19176,6558,196,19168,3680,188,4816,905,80,,,,,,,93.75,43.75,0,78.125,88.2353,87.8788
1.20904e+06,57500,57500,54500,57500,51000,54250,56000,0,1.4025e+08,2.031e+06,2.035e+06,2.036e+06,2.029e+06,2.035e+06,2.036e+06,630078,909375,1.6e+09,8,19168,153,36,19160,689,12,4816,57,350,19176,6711,200,19168,3833,196,4816,943,80,,,,,,,84.8485,34.3434,20.4082,85.7143,94.8454,82.8283
1.21045e+06,57500,57500,54500,57500,51000,54250,56000,0,1.4025e+08,2.038e+06,2.035e+06,2.035e+06,2.037e+06,2.034e+06,2.035e+06,630078,909375,1.6e+09,8,19168,153,36,19160,689,8,4816,57,348,19176,6673,196,19168,3756,192,4816,924,80,,,,,,,88.0282,34.0426,14.2857,84.3972,93.662,84.2857
1.21106e+06,57500,57500,54500,57500,51000,54250,56300,0,1.4025e+08,2.036e+06,2.035e+06,2.037e+06,2.028e+06,2.038e+06,2.036e+06,630078,909375,1.6e+09,8,19168,153,36,19160,689,12,4816,57,352,19176,6749,200,19168,3833,192,4816,924,80,,,,,,,85.2459,38.3333,16.129,81.9672,93.3333,80.3279
1.21205e+06,57000,57000,54500,57000,51000,54250,56000,0,1.4025e+08,2.038e+06,2.034e+06,2.034e+06,2.032e+06,2.035e+06,2.037e+06,630078,909375,1.6e+09,8,19168,153,36,19160,689,12,4816,57,338,19176,6481,188,19168,3603,192,4816,924,80,,,,,,,88.7755,31.3131,10.2041,88.8889,93.9394,83
1.21378e+06,57500,57500,54500,57500,51000,54250,56000,0,1.4025e+08,2.035e+06,2.034e+06,2.035e+06,2.03e+06,2.031e+06,2.032e+06,630078,909375,1.6e+09,8,19168,153,36,19160,689,12,4816,57,338,19176,6481,188,19168,3603,188,4816,905,80,,,,,,,86.2069,35.8382,15.5172,81.3953,93.0233,83.237
1.21432e+06,57500,57500,54500,57500,51000,54000,56000,0,1.4025e+08,2.034e+06,2.035e+06,2.035e+06,2.034e+06,2.035e+06,2.034e+06,630078,917968,1.6e+09,8,19168,153,36,19160,689,12,4816,57,334,19176,6404,184,19168,3526,184,4816,886,80,,,,,,,92.4528,33.9623,7.54717,81.4815,90.9091,87.037
1.21523e+06,57000,57000,54500,57000,51000,54250,56000,0,1.4025e+08,2.035e+06,2.036e+06,2.036e+06,2.033e+06,2.035e+06,2.033e+06,630078,909375,1.6e+09,8,19168,153,36,19160,689,12,4816,57,352,19176,6749,200,19168,3833,196,4816,943,80,,,,,,,85.8696,36.9565,21.978,86.9565,95.5556,82.4176
1.21624e+06,57000,57000,54500,57000,51000,54250,56000,0,1.4025e+08,1.998e+06,2.034e+06,2.034e+06,1.998e+06,1.998e+06,1.999e+06,630078,917968,1.6e+09,8,19168,153,36,19160,689,12,4816,57,342,19176,6596,192,19168,3680,192,4816,924,80,,,,,,,89.1089,34.3434,10,88.2353,92.1569,83.1683
1.21781e+06,57000,57000,54500,57000,51000,54250,56000,0,1.4025e+08,2.039e+06,2.034e+06,2.035e+06,2.035e+06,2.038e+06,2.042e+06,630078,909375,1.6e+09,8,19168,153,36,19160,689,12,4816,57,328,19176,6289,180,19168,3450,184,4816,886,80,,,,,,,87.1795,32.6923,13.3758,80,93.5484,84.7134
1.21875e+06,57000,57000,54500,57000,51000,54000,56000,0,1.4025e+08,1.997e+06,2.036e+06,2.036e+06,1.996e+06,1.997e+06,1.999e+06,630078,898632,1.6e+09,8,19168,153,36,19160,689,12,4816,57,346,19176,6634,192,19168,3680,192,4816,924,80,,,,,,,87.3684,36.1702,21.2766,88.172,94.7368,82.7957
1.21904e+06,57500,57500,54500,57500,51000,54250,56000,0,1.4025e+08,1.997e+06,2.035e+06,2.035e+06,1.998e+06,1.999e+06,1.998e+06,630078,898632,1.6e+09,8,19168,153,36,19160,689,12,4816,57,348,19176,6673,200,19168,3833,192,4816,924,80,,,,,,,90,46.4286,0,93.1034,89.2857,80
1.22043e+06,57000,57000,54500,57000,51000,54250,56000,0,1.4025e+08,2.035e+06,2.034e+06,2.035e+06,2.034e+06,2.035e+06,2.035e+06,630078,917968,1.6e+09,8,19168,153,36,19160,689,12,4816,57,348,19176,6673,200,19168,3833,188,4816,905,80,,,,,,,87.6812,35.2518,13.7681,84.1727,93.5714,83.4532
1.22116e+06,57500,57500,54500,57500,51000,54250,56000,0,1.4025e+08,2.035e+06,2.034e+06,2.035e+06,2.036e+06,2.038e+06,2.042e+06,630078,909375,1.6e+09,8,19168,153,36,19160,689,12,4816,38,342,19176,6558,192,19168,3680,188,4816,905,80,,,,,,,87.6712,32.8767,13.6986,79.1667,94.3662,83.5616
1.22263e+06,57000,57000,55000,57000,51000,54250,56300,0,1.4025e+08,2.037e+06,2.036e+06,2.036e+06,2.039e+06,2.043e+06,2.042e+06,630078,909375,1.6e+09,8,19168,153,36,19160,689,12,4816,57,330,19176,6328,184,19168,3526,184,4816,886,80,,,,,,,87.1622,33.1081,13.6054,83.1081,93.2432,85.1351
1.22389e+06,57500,57500,54500,57500,51000,54250,56000,0,1.4025e+08,2.04e+06,2.034e+06,2.035e+06,2.038e+06,2.039e+06,2.039e+06,630078,909375,1.6e+09,8,19168,153,36,19160,689,12,4816,57,346,19176,6634,196,19168,3756,188,4816,905,80,,,,,,,88,37.9032,15.873,87.2,93.6508,81.746
1.22486e+06,57500,57500,54500,57500,51000,54250,56000,0,1.4025e+08,1.997e+06,2.035e+06,2.035e+06,1.997e+06,1.998e+06,1.999e+06,630078,898632,1.6e+09,8,19168,153,36,19160,689,12,4816,57,350,19176,6711,200,19168,3833,192,4816,924,80,,,,,,,84.5361,34.0206,19.7917,82.2917,93.75,82.4742
1.22569e+06,57000,57000,54500,57000,51000,54250,56000,0,1.4025e+08,2.033e+06,2.035e+06,2.034e+06,2.03e+06,2.033e+06,2.036e+06,630078,909375,1.6e+09,8,19168,153,36,19160,689,12,4816,57,336,19176,6443,184,19168,3526,192,4816,924,80,,,,,,,87.9518,29.2683,13.4146,86.747,92.8571,80.9524
1.22667e+06,57500,57500,54500,57500,51000,54000,56000,0,1.4025e+08,1.997e+06,2.035e+06,2.035e+06,1.996e+06,1.997e+06,1.999e+06,630078,898632,1.6e+09,8,19168,153,36,19160,689,12,4816,57,344,19176,6596,196,19168,3756,188,4816,905,80,,,,,,,90.8163,39.7959,10.3093,82.6531,93.8776,86.5979
1.22751e+06,57000,57000,54500,57000,51000,54250,56000,0,1.4025e+08,1.997e+06,2.034e+06,2.035e+06,1.996e+06,1.997e+06,1.997e+06,630078,898632,1.6e+09,8,19168,153,36,19160,689,12,4816,57,322,19184,6177,176,19168,3373,184,4816,886,80,,,,,,,84.7059,27.381,11.9048,82.1429,93.9759,83.5294
1.22815e+06,57000,57000,54500,57000,51000,54250,56000,0,1.4025e+08,2.036e+06,2.035e+06,2.034e+06,2.035e+06,2.034e+06,2.035e+06,630078,917968,1.6e+09,8,19168,153,36,19160,689,12,4816,57,330,19176,6328,184,19168,3526,184,4816,886,80,,,,,,,90.625,37.5,18.4615,84.375,92.1875,87.3016
1.22962e+06,57000,57000,54500,57000,51000,54250,56000,0,1.4025e+08,2.035e+06,2.035e+06,2.034e+06,2.034e+06,2.035e+06,2.034e+06,630078,917968,1.6e+09,8,19168,153,36,19160,689,12,4816,57,324,19184,6215,176,19168,3373,184,4816,886,80,,,,,,,85.7143,34.2466,14.966,84.1379,93.8776,80.9524
1.23011e+06,57500,57500,54500,57500,51000,54250,56000,0,1.4025e+08,2.033e+06,2.034e+06,2.036e+06,2.033e+06,2.041e+06,2.039e+06,630078,909375,1.6e+09,8,19168,153,36,19160,689,12,4816,57,346,19176,6596,196,19168,3756,188,4816,905,80,,,,,,,94,44,14.5833,90.1961,93.8776,86
1.23143e+06,56500,56500,54500,56500,51000,54000,56000,0,1.4025e+08,2.038e+06,2.037e+06,2.034e+06,2.042e+06,2.036e+06,2.036e+06,630078,909375,1.6e+09,8,19168,153,36,19160,689,12,4816,57,342,19176,6558,192,19168,3680,188,4816,905,80,,,,,,,87.1212,34.0909,15.1515,87.0229,93.1818,82.4427
1.232e+06,57000,57000,54500,57000,51000,54250,56000,0,1.4025e+08,2.034e+06,2.036e+06,2.035e+06,2.031e+06,2.036e+06,2.035e+06,630078,909375,1.6e+09,8,19168,153,36,19160,689,12,4816,57,342,19176,6558,192,19168,3680,192,4816,924,80,,,,,,,84.4828,33.3333,17.2414,81.0345,94.7368,82.7586
1.23364e+06,57000,57000,54500,57000,51000,54250,56000,0,1.4025e+08,2.033e+06,2.034e+06,2.034e+06,2.029e+06,2.035e+06,2.039e+06,630078,909375,1.6e+09,8,19168,153,36,19160,689,12,4816,57,332,19176,6366,184,19168,3526,184,4816,886,80,,,,,,,88.3436,33.9506,11.7284,80.3681,92.638,84.6626
1.23499e+06,57500,57500,54500,57500,51000,54000,56000,0,1.4025e+08,2.031e+06,2.035e+06,2.035e+06,2.03e+06,2.026e+06,2.03e+06,630078,909375,1.6e+09,8,19168,153,36,19160,689,12,4816,57,338,19176,6481,188,19168,3603,184,4816,886,80,,,,,,,87.4074,35.5556,15.6716,84.9624,94.0299,82.963
1.2351e+06,57000,57000,54500,57000,51000,54250,56000,0,1.4025e+08,2.035e+06,2.034e+06,2.036e+06,2.034e+06,2.035e+06,2.034e+06,630078,917968,1.6e+09,8,19168,153,36,19160,689,12,4816,57,320,19184,6138,172,19168,3296,180,4816,866,80,,,,,,,75,0,0,91.6667,100,75
1.23646e+06,57000,57000,54500,57000,51000,54000,56000,0,1.4025e+08,2.036e+06,2.035e+06,2.036e+06,2.032e+06,2.034e+06,2.031e+06,630078,909375,1.6e+09,8,19168,153,36,19160,689,12,4816,57,326,19184,6253,180,19168,3450,180,4816,866,80,,,,,,,88.8889,35.2941,14.7059,83.8235,93.3333,84.4444
1.23784e+06,57000,57000,54500,57000,51000,54250,56000,0,1.4025e+08,2.035e+06,2.034e+06,2.034e+06,2.031e+06,2.033e+06,2.03e+06,630078,909375,1.6e+09,8,19168,153,36,19160,689,8,4816,38,326,19184,6253,180,19168,3450,180,4816,866,80,,,,,,,87.6812,34.7826,15.2174,85.2941,93.5252,84.058
1.23883e+06,57000,57000,54500,57000,51000,54000,56300,0,1.4025e+08,2.036e+06,2.035e+06,2.036e+06,2.037e+06,2.037e+06,2.038e+06,630078,909375,1.6e+09,8,19168,153,36,19160,689,12,4816,57,340,19176,6519,188,19168,3603,192,4816,924,80,,,,,,,84.8485,36.7347,20.202,87.8788,93.8776,78.7879
1.23951e+06,56500,56500,54500,56500,51000,54250,56000,187,1.4025e+08,2.033e+06,2.034e+06,2.035e+06,2.033e+06,2.034e+06,2.032e+06,630078,909375,1.6e+09,8,19168,153,36,19160,689,12,4816,57,338,19176,6481,188,19168,3603,192,4816,924,80,,,,,,,86.9565,33.8235,14.7059,83.8235,94.2029,83.8235
1.24087e+06,57000,57000,54500,57000,51000,54250,56000,0,1.4025e+08,2.028e+06,2.035e+06,2.035e+06,2.026e+06,2.029e+06,2.027e+06,630078,909375,1.6e+09,8,19168,153,36,19160,689,12,4816,57,334,19176,6404,184,19168,3526,192,4816,924,80,,,,,,,87.5,33.8235,14.7059,83.9416,93.3333,83.0882
1.24128e+06,57000,57000,54500,57000,51000,54250,56000,0,1.4025e+08,2.037e+06,2.036e+06,2.034e+06,2.042e+06,2.045e+06,2.042e+06,630078,909375,1.6e+09,8,19168,153,36,19160,689,12,4816,57,328,19176,6289,180,19168,3450,184,4816,886,80,,,,,,,95,34.1463,0,75.6098,92.6829,95.122
1.24257e+06,57500,57500,54500,57500,51000,54000,56200,0,1.4025e+08,2.037e+06,2.035e+06,2.035e+06,2.035e+06,2.039e+06,2.04e+06,630078,909375,1.6e+09,8,19168,153,36,19160,689,12,4816,57,340,19176,6519,192,19168,3680,184,4816,886,80,,,,,,,87.5969,37.0079,14.9606,84.375,93.7984,82.1705
1.24392e+06,57500,57500,54500,57500,51000,54000,56000,187,1.4025e+08,2.034e+06,2.034e+06,2.035e+06,2.035e+06,2.041e+06,2.044e+06,630078,909375,1.6e+09,8,19168,153,36,19160,689,12,4816,57,346,19176,6634,196,19168,3756,188,4816,905,80,,,,,,,88.0597,35.2941,16.1765,86.4662,93.2836,83.0882
1.24406e+06,57000,57000,54500,57000,51000,54000,56000,0,1.4025e+08,2.024e+06,2.034e+06,2.035e+06,2.024e+06,2.029e+06,2.027e+06,630078,909375,1.6e+09,8,19168,153,36,19160,689,12,4816,57,324,19184,6215,176,19168,3373,184,4816,886,80,,,,,,,73.3333,0,0,71.4286,92.8571,85.7143
1.24588e+06,57000,57000,54500,57000,51000,54250,56000,0,1.4025e+08,2.033e+06,2.035e+06,2.035e+06,2.04e+06,2.032e+06,2.041e+06,630078,909375,1.6e+09,8,19168,153,36,19160,689,12,4816,57,334,19176,6404,184,19168,3526,192,4816,924,80,,,,,,,87.9121,36.0656,15.9341,86.8852,93.4426,82.4176
1.24614e+06,57000,57000,54500,57000,51000,54000,56000,0,1.4025e+08,2.033e+06,2.034e+06,2.035e+06,2.027e+06,2.035e+06,2.024e+06,630078,909375,1.6e+09,8,19168,153,36,19160,689,12,4816,57,322,19184,6177,176,19168,3373,184,4816,886,80,,,,,,,80.7692,25,0,69.2308,92.5926,88.4615
1.2473e+06,57000,57000,54500,57000,51000,54250,56000,0,1.4025e+08,2.035e+06,2.036e+06,2.034e+06,2.044e+06,2.042e+06,2.038e+06,630078,909375,1.6e+09,8,19168,153,36,19160,689,12,4816,57,342,19176,6558,192,19168,3680,192,4816,924,80,,,,,,,88.7931,38.2609,17.2414,89.5652,93.8596,82.7586
1.24869e+06,57000,57000,54500,57000,51000,54250,55700,0,1.4025e+08,2.036e+06,2.035e+06,2.035e+06,2.036e+06,2.032e+06,2.036e+06,630078,909375,1.6e+09,8,19168,153,36,19160,689,12,4816,57,344,19176,6596,196,19168,3756,188,4816,905,80,,,,,,,87.7698,35.2518,14.4928,84.058,93.4783,84.058
1.24989e+06,57000,57000,54500,57000,51000,54000,56000,0,1.4025e+08,2.03e+06,2.035e+06,2.034e+06,2.037e+06,2.035e+06,2.035e+06,630078,909375,1.6e+09,8,19168,153,36,19160,689,12,4816,57,344,19176,6596,192,19168,3680,192,4816,924,80,,,,,,,85.8333,33.8843,17.3554,83.1933,94.1667,81.8182
1.25034e+06,57000,57000,54500,57000,51000,54000,56000,134,1.4025e+08,2.038e+06,2.034e+06,2.035e+06,2.033e+06,2.033e+06,2.032e+06,630078,909375,1.6e+09,8,19168,153,36,19160,689,12,4816,57,332,19176,6404,184,19168,3526,188,4816,905,80,,,,,,,86.3636,31.8182,9.09091,73.3333,93.1818,86.3636
1.25111e+06,57500,57500,54500,57500,51000,54250,56000,35,1.4025e+08,2.035e+06,2.036e+06,2.035e+06,2.033e+06,2.04e+06,2.039e+06,630078,909375,1.6e+09,8,19168,153,36,19160,689,12,4816,57,352,19176,6749,200,19168,3833,196,4816,943,80,,,,,,,88.6076,37.1795,19.4805,87.013,93.5897,84.6154
1.25205e+06,57000,57000,54500,57000,51000,54250,56000,0,1.4025e+08,2.035e+06,2.034e+06,2.034e+06,2.036e+06,2.035e+06,2.035e+06,630078,917968,1.6e+09,8,19168,153,36,19160,689,12,4816,57,342,19176,6558,192,19168,3680,192,4816,924,80,,,,,,,88.172,33.3333,11.828,88.2979,93.617,81.9149
1.25397e+06,57000,57000,54500,57000,51000,54250,56000,0,1.4025e+08,2.032e+06,2.035e+06,2.036e+06,2.027e+06,2.029e+06,2.029e+06,630078,909375,1.6e+09,8,19168,153,36,19160,689,12,4816,57,338,19176,6481,188,19168,3603,192,4816,924,80,,,,,,,87.0466,33.8542,15.625,82.8125,93.7173,82.7225
1.254e+06,57000,57000,54500,57000,51000,54250,56000,0,1.4025e+08,2.032e+06,2.035e+06,2.034e+06,2.032e+06,2.033e+06,2.03e+06,630078,909375,1.6e+09,8,19168,153,36,19160,689,12,4816,57,340,19176,6519,188,19168,3603,192,4816,924,80,,,,,,,66.6667,66.6667,0,100,75,50
1.25591e+06,57500,57500,54500,57500,51000,54000,56300,0,1.4025e+08,2.036e+06,2.035e+06,2.034e+06,2.038e+06,2.035e+06,2.038e+06,630078,909375,1.6e+09,8,19168,153,36,19160,689,12,4816,57,350,19176,6711,200,19168,3833,192,4816,924,80,,,,,,,87.9581,36.3158,15.2632,83.0688,93.6842,84.8168
1.25666e+06,57500,57500,54500,57500,51000,54250,56300,0,1.4025e+08,2.032e+06,2.035e+06,2.034e+06,2.032e+06,2.033e+06,2.032e+06,630078,909375,1.6e+09,8,19168,153,36,19160,689,12,4816,57,350,19176,6711,196,19168,3756,192,4816,924,80,,,,,,,88.1579,33.3333,14.6667,86.4865,94.6667,85.1351
1.25767e+06,57000,57000,54500,57000,51000,54250,56000,0,1.4025e+08,2.036e+06,2.035e+06,2.034e+06,2.039e+06,2.039e+06,2.035e+06,630078,909375,1.6e+09,8,19168,153,36,19160,689,12,4816,57,348,19176,6673,196,19168,3756,192,4816,924,80,,,,,,,89.1089,36,9,88.2353,92.0792,81.3725
1.25841e+06,57500,57500,54500,57500,51000,54250,56000,0,1.4025e+08,1.997e+06,2.035e+06,2.034e+06,1.997e+06,1.996e+06,1.996e+06,630078,898632,1.6e+09,8,19168,153,36,19160,689,12,4816,57,344,19176,6596,196,19168,3756,188,4816,905,80,,,,,,,87.8378,36,14.6667,78.0822,94.5946,84.9315
1.25981e+06,57500,57500,54500,57500,51000,54250,56000,0,1.4025e+08,1.997e+06,2.037e+06,2.035e+06,1.996e+06,1.996e+06,1.996e+06,630078,909375,1.6e+09,8,19168,153,36,19160,689,12,4816,57,342,19176,6558,192,19168,3680,188,4816,905,80,,,,,,,87.8571,33.8129,14.3885,83.4532,93.5252,82.9787
1.26029e+06,57000,57000,54500,57000,51000,54250,56000,0,1.4025e+08,2.034e+06,2.035e+06,2.034e+06,2.035e+06,2.037e+06,2.036e+06,630078,909375,1.6e+09,8,19168,153,36,19160,689,12,4816,57,342,19176,6558,192,19168,3680,192,4816,924,80,,,,,,,81.6327,35.4167,19.1489,93.8776,93.8776,80.8511
1.26152e+06,57000,57000,54500,57000,51000,54250,56000,0,1.4025e+08,1.998e+06,2.036e+06,2.036e+06,1.997e+06,1.999e+06,1.999e+06,630078,898632,1.6e+09,8,19168,153,36,19160,689,12,4816,57,346,19176,6634,196,19168,3756,192,4816,924,80,,,,,,,88.4298,33.6066,17.6,82.7869,93.4959,85.3659
1.26224e+06,57000,57000,54500,57000,51000,54000,56000,0,1.4025e+08,2.034e+06,2.035e+06,2.035e+06,2.035e+06,2.034e+06,2.034e+06,630078,917968,1.6e+09,8,19168,153,36,19160,689,12,4816,57,340,19176,6519,192,19168,3680,192,4816,924,80,,,,,,,87.6712,33.3333,14.0845,84.507,94.2857,80.5556
1.26329e+06,57500,57500,54500,57500,51000,54250,56000,0,1.4025e+08,1.998e+06,2.036e+06,2.035e+06,1.998e+06,2.002e+06,1.998e+06,630078,898632,1.6e+09,8,19168,153,36,19160,689,12,4816,57,334,19176,6404,184,19168,3526,184,4816,886,80,,,,,,,87.5,37.1429,9.52381,80,91.4286,85.7143
1.26416e+06,57000,57000,54500,57000,51000,54250,56000,0,1.4025e+08,2.034e+06,2.035e+06,2.035e+06,2.035e+06,2.035e+06,2.034e+06,630078,917968,1.6e+09,8,19168,153,36,19160,689,12,4816,57,342,19176,6558,192,19168,3680,192,4816,924,80,,,,,,,85.3933,35.6322,20.4545,86.3636,95.4545,80.6818
1.26522e+06,56500,56500,54500,56500,51000,54250,55700,0,1.4025e+08,2.031e+06,2.035e+06,2.034e+06,2.04e+06,2.041e+06,2.041e+06,630078,909375,1.6e+09,8,19168,153,36,19160,689,12,4816,57,338,19176,6481,188,19168,3603,192,4816,924,80,,,,,,,89.6226,33.9623,12.381,88.5714,92.381,82.8571
1.26639e+06,57000,57000,54500,57000,51000,54250,56100,0,1.4025e+08,2.035e+06,2.036e+06,2.035e+06,2.035e+06,2.035e+06,2.035e+06,630078,917968,1.6e+09,8,19168,153,36,19160,689,12,4816,57,338,19176,6481,188,19168,3603,192,4816,924,80,,,,,,,85.4701,33.0508,16.9492,82.0513,94.8718,82.0513
1.26762e+06,57000,57000,54500,57000,51000,54250,56000,0,1.4025e+08,2.03e+06,2.035e+06,2.035e+06,2.031e+06,2.039e+06,2.034e+06,630078,909375,1.6e+09,8,19168,153,36,19160,689,12,4816,57,344,19176,6634,196,19168,3756,192,4816,924,80,,,,,,,87.6033,37.7049,13.3333,81.8182,93.4426,85.2459
1.26806e+06,57500,57500,54500,57500,51000,54250,56000,0,1.4025e+08,2.036e+06,2.035e+06,2.036e+06,2.032e+06,2.044e+06,2.042e+06,630078,909375,1.6e+09,8,19168,153,36,19160,689,12,4816,57,346,19176,6634,196,19168,3756,188,4816,905,80,,,,,,,93.3333,38.6364,6.81818,90.9091,93.1818,84.4444
1.26922e+06,57000,57000,54500,57000,51000,54250,56000,0,1.4025e+08,2.036e+06,2.035e+06,2.034e+06,2.033e+06,2.037e+06,2.034e+06,630078,909375,1.6e+09,8,19168,153,36,19160,689,12,4816,57,346,19176,6634,196,19168,3756,192,4816,924,80,,,,,,,85.3448,33.6207,17.094,85.4701,93.1624,81.8966
1.27013e+06,57500,57500,54500,57500,51000,54250,56000,0,1.4025e+08,2.039e+06,2.035e+06,2.034e+06,2.033e+06,2.04e+06,2.041e+06,630078,909375,1.6e+09,8,19168,153,36,19160,689,12,4816,57,348,19176,6673,200,19168,3833,188,4816,905,80,,,,,,,90.2174,37.3626,12.2222,82.4176,93.3333,84.6154
1.27193e+06,57000,57000,54500,57000,51000,54000,56300,0,1.4025e+08,2.034e+06,2.034e+06,2.035e+06,2.038e+06,2.032e+06,2.038e+06,630078,909375,1.6e+09,8,19168,153,36,19160,689,12,4816,57,336,19176,6443,184,19168,3526,192,4816,924,80,,,,,,,85.5556,32.2222,16.5746,84.8315,93.8547,81.6667
1.2725e+06,57500,57500,54500,57500,51000,54250,56300,0,1.4025e+08,2.034e+06,2.035e+06,2.035e+06,2.029e+06,2.039e+06,2.037e+06,630078,909375,1.6e+09,8,19168,153,36,19160,689,12,4816,57,352,19176,6711,200,19168,3833,192,4816,924,80,,,,,,,89.4737,39.2857,16.3636,80.7018,94.7368,89.4737
1.27369e+06,57000,57000,54500,57000,51000,54250,56000,0,1.4025e+08,2.036e+06,2.034e+06,2.035e+06,2.036e+06,2.039e+06,2.038e+06,630078,909375,1.6e+09,8,19168,153,36,19160,689,12,4816,57,328,19176,6289,180,19168,3450,184,4816,886,80,,,,,,,89.1667,33.6134,10,82.3529,92.5,84.0336
1.27485e+06,57000,57000,54500,57000,51000,54250,56000,0,1.4025e+08,2.035e+06,2.036e+06,2.035e+06,2.031e+06,2.037e+06,2.036e+06,630078,909375,1.6e+09,8,19168,153,36,19160,689,12,4816,57,334,19176,6404,184,19168,3526,192,4816,924,80,,,,,,,86.9565,34.4828,16.5217,89.5652,93.913,81.0345
1.27556e+06,57000,57000,54500,57000,51000,54250,56000,115,1.4025e+08,2.034e+06,2.034e+06,2.034e+06,2.036e+06,2.034e+06,2.034e+06,630078,917968,1.6e+09,8,19168,153,36,19160,689,12,4816,57,336,19176,6443,184,19168,3526,192,4816,924,80,,,,,,,87.5,36.6197,14.0845,83.0986,92.9577,83.0986
1.27657e+06,57000,57000,54500,57000,51000,54250,56000,0,1.4025e+08,2.034e+06,2.034e+06,2.034e+06,2.035e+06,2.035e+06,2.036e+06,630078,917968,1.6e+09,8,19168,153,36,19160,689,12,4816,57,338,19176,6519,188,19168,3603,188,4816,905,80,,,,,,,85.2941,36,16,80,94.0594,84.1584
1.27799e+06,57500,57500,54500,57500,51000,54250,56000,134,1.4025e+08,2.035e+06,2.034e+06,2.035e+06,2.034e+06,2.039e+06,2.04e+06,630078,909375,1.6e+09,8,19168,153,36,19160,689,12,4816,57,352,19176,6749,200,19168,3833,196,4816,943,80,,,,,,,87.9433,36.1702,16.3121,84.3972,93.617,83.0986
1.27886e+06,57000,57000,54500,57000,51000,54000,56000,0,1.4025e+08,1.997e+06,2.036e+06,2.034e+06,1.998e+06,1.997e+06,1.998e+06,630078,898632,1.6e+09,8,19168,153,36,19160,689,12,4816,57,342,19176,6558,192,19168,3680,192,4816,924,80,,,,,,,86.3636,32.5843,11.4943,87.5,93.1818,81.6092
1.27926e+06,57000,57000,54500,57000,51000,54250,56000,0,1.4025e+08,1.998e+06,2.035e+06,2.035e+06,1.997e+06,1.996e+06,1.997e+06,630078,898632,1.6e+09,8,19168,153,36,19160,689,12,4816,57,324,19184,6215,176,19168,3373,184,4816,886,80,,,,,,,89.7436,26.3158,2.5641,74.359,92.3077,87.8049
1.28088e+06,57000,57000,54500,57000,51000,54250,56000,0,1.4025e+08,2.031e+06,2.035e+06,2.035e+06,2.034e+06,2.035e+06,2.034e+06,630078,909375,1.6e+09,8,19168,153,36,19160,689,12,4816,57,338,19176,6481,188,19168,3603,192,4816,924,80,,,,,,,87.6543,35.5828,18.0124,85.8025,94.4444,82.0988
1.2812e+06,57500,57500,54500,57500,51000,54000,56000,0,1.4025e+08,1.997e+06,2.034e+06,2.035e+06,1.996e+06,1.999e+06,1.998e+06,630078,898632,1.6e+09,8,19168,153,36,19160,689,12,4816,57,342,19176,6558,192,19168,3680,188,4816,905,80,,,,,,,96.7742,45.1613,0,77.4194,90.9091,93.5484
1.28237e+06,57000,57000,54500,57000,51000,54250,56000,0,1.4025e+08,2.033e+06,2.036e+06,2.036e+06,2.032e+06,2.036e+06,2.035e+06,630078,909375,1.6e+09,8,19168,153,36,19160,689,12,4816,57,344,19176,6596,192,19168,3680,192,4816,924,80,,,,,,,85.5932,34.7458,17.7966,88.0342,94.0171,82.906
1.28393e+06,57500,57500,54500,57500,51000,54250,56000,0,1.4025e+08,2.034e+06,2.034e+06,2.035e+06,2.034e+06,2.034e+06,2.034e+06,630078,917968,1.6e+09,8,19168,153,36,19160,689,8,4816,38,344,19176,6596,196,19168,3756,188,4816,905,80,,,,,,,88.535,35.4839,12.9032,82.6923,93.5065,83.4395
1.28417e+06,57000,57000,54500,57000,51000,54000,56000,0,1.4025e+08,2.04e+06,2.034e+06,2.036e+06,2.04e+06,2.035e+06,2.039e+06,630078,909375,1.6e+09,8,19168,153,36,19160,689,12,4816,57,340,19176,6558,192,19168,3680,192,4816,924,80,,,,,,,73.913,26.087,25,77.2727,92,81.8182
1.28537e+06,57000,57000,54500,57000,51000,54250,56000,0,1.4025e+08,2.04e+06,2.036e+06,2.035e+06,2.036e+06,2.036e+06,2.037e+06,630078,909375,1.6e+09,8,19168,153,36,19160,689,12,4816,57,336,19176,6443,188,19168,3603,184,4816,886,80,,,,,,,90,35.5372,10.9244,82.5,92.5,85.3659
1.28684e+06,57000,57000,54500,57000,51000,54250,56000,0,1.4025e+08,2.027e+06,2.036e+06,2.036e+06,2.026e+06,2.024e+06,2.024e+06,630078,909375,1.6e+09,8,19168,153,36,19160,689,12,4816,57,324,19184,6215,176,19168,3373,180,4816,866,80,,,,,,,87.0748,32.4138,13.6986,84.9315,93.8356,83.5616
1.28783e+06,56500,56500,54500,56500,51000,54250,56000,0,1.4025e+08,2.031e+06,2.034e+06,2.035e+06,2.032e+06,2.033e+06,2.032e+06,630078,909375,1.6e+09,8,19168,153,36,19160,689,12,4816,57,342,19176,6558,192,19168,3680,192,4816,924,80,,,,,,,85.8586,37.3737,21,88,94,80
1.28804e+06,57000,57000,54500,57000,51000,54250,56000,0,1.4025e+08,2.037e+06,2.035e+06,2.034e+06,2.039e+06,2.038e+06,2.033e+06,630078,909375,1.6e+09,8,19168,153,36,19160,689,12,4816,57,350,19176,6711,200,19168,3833,188,4816,905,80,,,,,,,100,47.619,4.7619,90.4762,95,95
1.28925e+06,57000,57000,54500,57000,51000,54250,56000,0,1.4025e+08,1.998e+06,2.034e+06,2.035e+06,1.996e+06,1.998e+06,1.998e+06,630078,898632,1.6e+09,8,19168,153,36,19160,689,12,4816,57,346,19176,6634,196,19168,3756,192,4816,924,80,,,,,,,85.9504,33.0579,15.8333,84.0336,94.2149,81.8182
1.29064e+06,57000,57000,54500,57000,51000,54250,56000,0,1.4025e+08,2.033e+06,2.036e+06,2.035e+06,2.029e+06,2.035e+06,2.035e+06,630078,909375,1.6e+09,8,19168,153,36,19160,689,12,4816,57,344,19176,6596,196,19168,3680,192,4816,924,80,,,,,,,87.0504,34.7826,14.4928,84.1727,92.8058,83.4532
1.29133e+06,57000,57000,54500,57000,51000,54000,56000,0,1.4025e+08,2.036e+06,2.036e+06,2.035e+06,2.029e+06,2.033e+06,2.033e+06,630078,909375,1.6e+09,8,19168,153,36,19160,689,12,4816,57,346,19176,6634,196,19168,3756,192,4816,924,80,,,,,,,88.4058,35.7143,16.9014,84.058,94.1176,84.2857
1.29277e+06,57000,57000,54500,57000,51000,54250,56000,0,1.4025e+08,2.035e+06,2.035e+06,2.035e+06,2.036e+06,2.037e+06,2.036e+06,630078,917968,1.6e+09,8,19168,153,36,19160,689,12,4816,57,338,19176,6481,188,19168,3603,192,4816,924,80,,,,,,,88.1944,32.8671,13.2867,84.6154,93.75,84.0278
1.29387e+06,57000,57000,54000,57000,51000,54000,56000,0,1.4025e+08,1.998e+06,2.036e+06,2.034e+06,1.998e+06,1.997e+06,1.996e+06,630078,898632,1.6e+09,8,19168,153,36,19160,689,12,4816,57,352,19176,6749,200,19168,3833,196,4816,943,80,,,,,,,86.4865,37.2727,18.1818,80.9091,93.6364,83.6364
1.29462e+06,57000,57000,54500,57000,51000,54250,56000,0,1.4025e+08,2.036e+06,2.035e+06,2.035e+06,2.037e+06,2.039e+06,2.041e+06,630078,909375,1.6e+09,8,19168,153,36,19160,689,12,4816,57,348,19176,6673,196,19168,3756,192,4816,924,80,,,,,,,89.3333,32.4324,14.4737,85.3333,94.5946,86.4865
1.29593e+06,57000,57000,54500,57000,51000,54250,56000,0,1.4025e+08,2.029e+06,2.035e+06,2.034e+06,2.032e+06,2.028e+06,2.03e+06,630078,909375,1.6e+09,8,19168,153,36,19160,689,12,4816,57,352,19176,6749,200,19168,3833,192,4816,924,80,,,,,,,87.0229,36.1538,14.7287,83.2061,92.4242,81.8182
1.29609e+06,57000,57000,54500,57000,51000,54250,56000,0,1.4025e+08,2.033e+06,2.035e+06,2.034e+06,2.036e+06,2.036e+06,2.032e+06,630078,909375,1.6e+09,8,19168,153,36,19160,689,8,4816,38,340,19176,6519,188,19168,3603,192,4816,924,80,,,,,,,82.3529,17.6471,5.88235,100,93.75,66.6667
1.29701e+06,57000,57000,54500,57000,51000,54250,56000,0,1.4025e+08,1.996e+06,2.035e+06,2.035e+06,1.996e+06,1.996e+06,1.998e+06,630078,898632,1.6e+09,8,19168,153,36,19160,689,12,4816,57,350,19176,6711,200,19168,3833,192,4816,924,80,,,,,,,90.2174,39.5604,13.0435,85.7143,93.4783,85.8696
1.29855e+06,57000,57000,54500,57000,51000,54250,56000,0,1.4025e+08,2.035e+06,2.035e+06,2.035e+06,2.03e+06,2.039e+06,2.034e+06,630078,909375,1.6e+09,8,19168,153,36,19160,689,12,4816,57,328,19184,6292,180,19168,3450,184,4816,886,80,,,,,,,87.6623,31.1688,13.5484,81.0458,93.4211,85.0649
1.29915e+06,57500,57500,54000,57500,51000,54250,56300,0,1.4025e+08,2.03e+06,2.036e+06,2.035e+06,2.03e+06,2.032e+06,2.03e+06,630078,909375,1.6e+09,8,19168,153,36,19160,689,12,4816,57,340,19176,6481,192,19168,3680,184,4816,886,80,,,,,,,86.6667,38.9831,15.2542,83.3333,93.4426,81.3559
1.30023e+06,56500,56500,54500,56500,51000,54000,56000,0,1.4025e+08,2.035e+06,2.035e+06,2.035e+06,2.034e+06,2.035e+06,2.034e+06,630078,917968,1.6e+09,8,19168,153,36,19160,689,12,4816,57,336,19176,6443,184,19168,3526,192,4816,924,80,,,,,,,85.1852,33.3333,17.757,88.8889,93.578,79.8165
1.30168e+06,57000,57000,54500,57000,51000,54250,56000,0,1.4025e+08,2.029e+06,2.036e+06,2.035e+06,2.033e+06,2.033e+06,2.033e+06,630078,909375,1.6e+09,8,19168,153,36,19160,689,12,4816,57,344,19176,6596,196,19168,3756,192,4816,924,80,,,,,,,88.1944,36.1111,13.8889,84.7222,93.7063,84.1379
1.30208e+06,56500,56500,54500,56500,51000,54000,56000,0,1.4025e+08,2.036e+06,2.036e+06,2.035e+06,2.04e+06,2.04e+06,2.052e+06,630078,909375,1.6e+09,8,19168,153,36,19160,689,12,4816,57,330,19176,6328,184,19168,3526,188,4816,905,80,,,,,,,85.3659,26.8293,9.7561,72.5,92.6829,85
1.30374e+06,57000,57000,54500,57000,51000,54250,56000,0,1.4025e+08,2.037e+06,2.035e+06,2.036e+06,2.032e+06,2.036e+06,2.039e+06,630078,909375,1.6e+09,8,19168,153,36,19160,689,12,4816,57,346,19176,6634,196,19168,3756,192,4816,924,80,,,,,,,87.8788,36.5854,16.8675,86.6667,93.9024,82.4242
1.30437e+06,57000,56500,54500,56500,51000,54250,56000,0,1.4025e+08,1.998e+06,2.035e+06,2.034e+06,1.999e+06,2e+06,1.998e+06,630078,898632,1.6e+09,8,19168,153,36,19160,689,12,4816,57,336,19176,6443,188,19168,3603,192,4816,924,80,,,,,,,85.9375,29.6875,14.5161,82.5397,92.1875,82.5397
1.30593e+06,56500,56500,54500,56500,51000,54000,56000,0,1.4025e+08,2.035e+06,2.035e+06,2.033e+06,2.035e+06,2.034e+06,2.035e+06,630078,917968,1.6e+09,8,19168,153,36,19160,689,12,4816,57,336,19176,6443,188,19168,3603,192,4816,924,80,,,,,,,89.0323,35.4839,12.8205,85.8065,93.5484,83.9744
1.3063e+06,57000,57000,54500,57000,51000,54000,56000,0,1.4025e+08,2.037e+06,2.034e+06,2.034e+06,2.04e+06,2.039e+06,2.026e+06,630078,909375,1.6e+09,8,19168,153,36,19160,689,12,4816,57,354,19176,6788,200,19168,3833,196,4816,943,80,,,,,,,83.7838,42.1053,27.7778,75,97.2973,89.1892
1.30794e+06,57000,57000,54500,57000,51000,54000,56000,0,1.4025e+08,1.997e+06,2.035e+06,2.035e+06,1.997e+06,1.997e+06,2e+06,630078,898632,1.6e+09,8,19168,153,36,19160,689,12,4816,57,338,19176,6481,188,19168,3603,192,4816,924,80,,,,,,,87.8788,33.1288,12.1951,86.5854,93.865,82.3171
1.30892e+06,57000,57000,54500,57000,51000,54250,56000,0,1.4025e+08,2.029e+06,2.036e+06,2.035e+06,2.029e+06,2.03e+06,2.032e+06,630078,909375,1.6e+09,8,19168,153,36,19160,689,12,4816,57,324,19184,6215,176,19168,3373,184,4816,886,80,,,,,,,87.6289,32.6531,9.27835,78.3505,91.8367,84.6939
1.30916e+06,57000,57000,54500,57000,51000,54250,55800,0,1.4025e+08,2.034e+06,2.036e+06,2.036e+06,2.036e+06,2.039e+06,2.036e+06,630078,909375,1.6e+09,8,19168,153,36,19160,689,12,4816,57,340,19176,6519,188,19168,3603,192,4816,924,80,,,,,,,88,37.5,44,95.8333,100,75
1.3102e+06,57500,57500,54500,57500,51000,54250,56000,0,1.4025e+08,2.028e+06,2.034e+06,2.036e+06,2.029e+06,2.024e+06,2.028e+06,630078,909375,1.6e+09,8,19168,153,36,19160,689,12,4816,57,338,19176,6481,188,19168,3603,184,4816,886,80,,,,,,,88.3495,37.5,8.73786,80.5825,92.233,85.5769
1.3118e+06,57000,57000,54500,57000,51000,54250,56000,0,1.4025e+08,2.036e+06,2.036e+06,2.035e+06,2.034e+06,2.034e+06,2.033e+06,630078,917968,1.6e+09,8,19168,153,36,19160,689,12,4816,57,350,19176,6711,200,19168,3833,192,4816,924,80,,,,,,,86.3354,35.2201,18.125,85.625,93.7888,83.125
1.31236e+06,57000,57000,54000,57000,51000,54000,56000,0,1.4025e+08,2e+06,2.035e+06,2.035e+06,2e+06,2.002e+06,2.001e+06,630078,898632,1.6e+09,8,19168,153,36,19160,689,12,4816,57,326,19184,6253,180,19168,3450,184,4816,886,80,,,,,,,90.9091,26.7857,1.85185,81.8182,92.7273,85.7143
1.31357e+06,57000,57000,54500,57000,51000,54250,56000,0,1.4025e+08,2.035e+06,2.034e+06,2.034e+06,2.043e+06,2.038e+06,2.038e+06,630078,909375,1.6e+09,8,19168,153,36,19160,689,12,4816,57,348,19176,6673,200,19168,3833,188,4816,905,80,,,,,,,87.6033,38.843,15.8333,88.5246,93.3884,81.6667
1.31473e+06,56500,56500,54500,56500,51000,54250,55800,0,1.4025e+08,2.033e+06,2.034e+06,2.033e+06,2.037e+06,2.035e+06,2.033e+06,630078,909375,1.6e+09,8,19168,153,36,19160,689,12,4816,57,338,19176,6481,188,19168,3603,192,4816,924,80,,,,,,,84.7458,31.8966,17.094,82.7586,93.9655,81.1966
1.31553e+06,57000,57000,54500,57000,51000,54000,55800,0,1.4025e+08,2.035e+06,2.035e+06,2.035e+06,2.032e+06,2.037e+06,2.038e+06,630078,909375,1.6e+09,8,19168,153,36,19160,689,12,4816,57,340,19176,6519,188,19168,3603,192,4816,924,80,,,,,,,90,34.6154,13.75,88.6076,93.8272,86.0759
1.31694e+06,57000,57000,54500,57000,51000,54000,56000,0,1.4025e+08,2.035e+06,2.036e+06,2.035e+06,2.035e+06,2.034e+06,2.035e+06,630078,917968,1.6e+09,8,19168,153,36,19160,689,12,4816,57,334,19176,6404,184,19168,3526,192,4816,924,80,,,,,,,87.234,33.8028,14.1844,83.8028,92.8571,83.0986
1.31757e+06,57000,57000,54500,57000,51000,54250,56000,0,1.4025e+08,2.035e+06,2.034e+06,2.035e+06,2.036e+06,2.035e+06,2.034e+06,630078,917968,1.6e+09,8,19168,153,36,19160,689,12,4816,57,342,19176,6558,192,19168,3680,192,4816,924,80,,,,,,,87.3016,37.7049,16.129,83.6066,95.2381,82.2581
1.31836e+06,56500,56500,54500,56500,51000,54250,56000,0,1.4025e+08,2.034e+06,2.034e+06,2.035e+06,2.035e+06,2.035e+06,2.036e+06,630078,917968,1.6e+09,8,19168,153,36,19160,689,12,4816,57,338,19176,6481,188,19168,3603,192,4816,924,80,,,,,,,88.6076,35.8025,12.5,84.8101,92.4051,83.75
1.31998e+06,57000,57000,54500,57000,51000,54000,56000,0,1.4025e+08,2.036e+06,2.035e+06,2.035e+06,2.035e+06,2.034e+06,2.036e+06,630078,917968,1.6e+09,8,19168,153,36,19168,690,12,4816,57,318,19184,6062,172,19176,3298,180,4816,866,80,,,,,,,85.8025,31.677,12.3457,80.9816,93.8272,83.2298
1.32081e+06,57000,57000,54500,57000,51000,54250,55800,0,1.4025e+08,1.996e+06,2.035e+06,2.036e+06,1.998e+06,1.996e+06,1.997e+06,630078,898632,1.6e+09,8,19168,153,36,19160,689,12,4816,57,350,19176,6711,196,19168,3756,192,4816,924,80,,,,,,,89.1566,40.9639,23.1707,86.747,95.122,85.7143
1.32199e+06,57000,57000,54500,57000,51000,54000,56000,0,1.4025e+08,2.035e+06,2.035e+06,2.035e+06,2.03e+06,2.041e+06,2.036e+06,630078,909375,1.6e+09,8,19168,153,36,19160,689,12,4816,57,328,19176,6289,180,19168,3450,184,4816,886,80,,,,,,,89.0756,33.8983,10.084,81.3559,92.3729,84.7458
1.32231e+06,57000,57000,54500,57000,51000,54250,56000,0,1.4025e+08,1.999e+06,2.034e+06,2.033e+06,1.999e+06,1.998e+06,1.998e+06,630078,898632,1.6e+09,8,19168,153,36,19160,689,12,4816,38,338,19176,6481,188,19168,3603,192,4816,924,80,,,,,,,78.125,36.3636,29.0323,100,93.9394,68.75
1.32359e+06,57000,57000,54500,57000,51000,54250,56000,0,1.4025e+08,2.035e+06,2.035e+06,2.035e+06,2.035e+06,2.034e+06,2.033e+06,630078,917968,1.6e+09,8,19168,153,36,19160,689,12,4816,57,348,19176,6673,196,19168,3756,192,4816,924,80,,,,,,,88.8889,35.7143,15.748,82.6772,94.4882,85.8268
1.32486e+06,57000,57000,54500,57000,51000,54250,56000,0,1.4025e+08,1.997e+06,2.035e+06,2.036e+06,1.998e+06,1.999e+06,1.999e+06,630078,898632,1.6e+09,8,19168,153,36,19160,689,12,4816,57,334,19176,6404,184,19168,3526,188,4816,905,80,,,,,,,86.8217,33.8583,11.7188,83.4646,92.9134,82.0312
1.32593e+06,56500,56500,54500,56500,51000,54000,55700,0,1.4025e+08,2.039e+06,2.034e+06,2.034e+06,2.045e+06,2.041e+06,2.037e+06,630078,909375,1.6e+09,8,19168,153,36,19160,689,12,4816,57,336,19176,6443,184,19168,3526,192,4816,924,80,,,,,,,89.6226,34.5794,14.1509,89.7196,93.3962,83.1776
1.32652e+06,57000,57000,54500,57000,51000,54000,55700,0,1.4025e+08,2.034e+06,2.035e+06,2.036e+06,2.031e+06,2.032e+06,2.038e+06,630078,909375,1.6e+09,8,19168,153,36,19160,689,12,4816,57,344,19176,6596,192,19168,3680,192,4816,924,80,,,,,,,84.7458,37.931,15.5172,82.4561,94.9153,82.7586
1.32796e+06,57000,57000,54500,57000,51000,54000,56000,0,1.4025e+08,2.035e+06,2.036e+06,2.035e+06,2.035e+06,2.035e+06,2.035e+06,630078,917968,1.6e+09,8,19168,153,36,19160,689,12,4816,57,338,19176,6481,188,19168,3603,192,4816,924,80,,,,,,,88.2759,34.0278,14.5833,84.7222,93.75,84.0278
1.32895e+06,57000,57000,54500,57000,51000,54000,56000,0,1.4025e+08,2.032e+06,2.035e+06,2.035e+06,2.03e+06,2.034e+06,2.034e+06,630078,909375,1.6e+09,8,19168,153,36,19160,689,12,4816,57,318,19184,6100,172,19168,3296,180,4816,866,80,,,,,,,85.8586,32.3232,10.101,78.7879,92.8571,83.8384
1.32906e+06,57000,57000,54500,57000,51000,54000,56000,0,1.4025e+08,2.037e+06,2.035e+06,2.035e+06,2.034e+06,2.039e+06,2.039e+06,630078,909375,1.6e+09,8,19168,153,36,19160,689,12,4816,57,352,19176,6749,200,19168,3833,196,4816,943,80,,,,,,,90.9091,81.8182,83.3333,90.9091,100,83.3333
1.33011e+06,57000,57000,54500,57000,51000,54250,56000,0,1.4025e+08,2.032e+06,2.035e+06,2.034e+06,2.04e+06,2.036e+06,2.041e+06,630078,909375,1.6e+09,8,19168,153,36,19160,689,12,4816,57,348,19176,6673,196,19168,3756,192,4816,924,80,,,,,,,89.5238,35.5769,10.5769,89.4231,92.381,82.6923
1.33118e+06,57500,57500,54500,57500,51000,54250,56000,0,1.4025e+08,1.997e+06,2.036e+06,2.034e+06,1.997e+06,1.999e+06,2e+06,630078,898632,1.6e+09,8,19168,153,36,19160,689,12,4816,57,348,19176,6673,196,19168,3756,196,4816,924,80,,,,,,,85.9813,33.6449,17.9245,80.3738,94.3925,85.0467
1.33274e+06,57000,57000,54500,57000,51000,54000,56000,0,1.4025e+08,2.034e+06,2.036e+06,2.035e+06,2.035e+06,2.035e+06,2.035e+06,630078,917968,1.6e+09,8,19168,153,36,19160,689,12,4816,57,342,19176,6558,192,19168,3680,192,4816,924,80,,,,,,,87.1795,34.6154,12.8205,85.8974,93.5897,81.4103
1.33319e+06,57000,57000,54500,57000,51000,54000,56000,0,1.4025e+08,2.034e+06,2.036e+06,2.034e+06,2.036e+06,2.035e+06,2.034e+06,630078,917968,1.6e+09,8,19168,153,36,19160,689,12,4816,57,352,19176,6749,200,19168,3833,196,4816,943,80,,,,,,,86.6667,41.3043,21.7391,75.5556,93.1818,86.6667
1.33491e+06,57000,57000,54500,57000,51000,54000,56000,0,1.4025e+08,2.037e+06,2.034e+06,2.035e+06,2.042e+06,2.038e+06,2.037e+06,630078,909375,1.6e+09,8,19168,153,36,19160,689,12,4816,57,338,19176,6481,188,19168,3603,192,4816,924,80,,,,,,,88.3721,33.3333,11.6959,86.6279,93.0636,82.5581
1.3351e+06,57000,57000,54500,57000,51000,54250,56000,0,1.4025e+08,2.036e+06,2.035e+06,2.036e+06,2.035e+06,2.034e+06,2.035e+06,630078,917968,1.6e+09,8,19168,153,36,19160,689,12,4816,57,328,19176,6289,180,19168,3450,184,4816,886,80,,,,,,,89.4737,26.3158,0,50,94.4444,100
1.33611e+06,57000,57000,54500,57000,51000,54000,56000,0,1.4025e+08,1.997e+06,2.035e+06,2.035e+06,1.999e+06,1.998e+06,1.998e+06,630078,898632,1.6e+09,8,19168,153,36,19160,689,12,4816,57,340,19176,6519,188,19168,3603,192,4816,924,80,,,,,,,85.2941,35.6436,20.7921,89.1089,94.1176,79.2079
1.33721e+06,57000,57000,54500,57000,51000,54250,56000,0,1.4025e+08,2.034e+06,2.035e+06,2.035e+06,2.029e+06,2.029e+06,2.034e+06,630078,909375,1.6e+09,8,19168,153,36,19160,689,12,4816,57,324,19184,6215,176,19168,3373,180,4816,866,80,,,,,,,89.0909,33.0275,9.09091,80.7339,92.6606,86.3636
1.33804e+06,57500,57500,54500,57500,51000,54000,56000,0,1.4025e+08,2.035e+06,2.035e+06,2.035e+06,2.031e+06,2.036e+06,2.044e+06,630078,909375,1.6e+09,8,19168,153,36,19160,689,12,4816,57,352,19176,6749,200,19168,3833,196,4816,943,80,,,,,,,86.747,40.4762,23.1707,85.5422,95.122,81.9277
1.33903e+06,57000,57000,54500,57000,51000,54000,56000,0,1.4025e+08,1.996e+06,2.035e+06,2.035e+06,1.996e+06,1.996e+06,1.996e+06,630078,898632,1.6e+09,8,19168,153,36,19160,689,12,4816,57,338,19176,6481,188,19168,3603,192,4816,924,80,,,,,,,88,32.6531,10.101,88.8889,92,81.8182
1.34037e+06,57000,57000,54500,57000,51000,54250,56000,0,1.4025e+08,2.031e+06,2.035e+06,2.035e+06,2.032e+06,2.035e+06,2.037e+06,630078,909375,1.6e+09,8,19168,153,36,19160,689,12,4816,57,340,19176,6519,188,19168,3603,192,4816,924,80,,,,,,,87.218,34.8485,15.1515,83.4586,94.7368,84.0909
1.34124e+06,57500,57500,54500,57500,51000,54250,56000,0,1.4025e+08,2.034e+06,2.036e+06,2.035e+06,2.035e+06,2.035e+06,2.035e+06,630078,917968,1.6e+09,8,19168,153,36,19160,689,12,4816,57,340,19176,6519,192,19168,3680,184,4816,886,80,,,,,,,89.5349,35.6322,12.3596,78.1609,91.954,85.0575
1.34282e+06,57000,57000,54500,57000,51000,54000,56000,0,1.4025e+08,2.035e+06,2.034e+06,2.034e+06,2.033e+06,2.035e+06,2.035e+06,630078,917968,1.6e+09,8,19168,153,36,19160,689,12,4816,57,342,19176,6558,192,19168,3680,192,4816,924,80,,,,,,,85.5346,35.2201,17.1975,84.9057,93.7107,82.3899
1.34373e+06,56500,56500,54500,56500,51000,54250,56300,0,1.4025e+08,2.033e+06,2.034e+06,2.035e+06,2.035e+06,2.038e+06,2.038e+06,630078,909375,1.6e+09,8,19168,153,36,19160,689,12,4816,57,342,19176,6558,192,19168,3680,192,4816,924,80,,,,,,,87.7778,34.4444,14.4444,87.7778,93.3333,81.5217
1.3448e+06,57000,57000,54500,57000,51000,54000,56000,0,1.4025e+08,2.035e+06,2.035e+06,2.035e+06,2.035e+06,2.034e+06,2.034e+06,630078,917968,1.6e+09,8,19168,153,36,19160,689,12,4816,57,322,19184,6177,176,19168,3373,180,4816,866,80,,,,,,,88.785,31.1321,9.25926,80.5556,93.3962,85.8491
1.34555e+06,57000,57000,54500,57000,51000,54000,56000,0,1.4025e+08,2.032e+06,2.035e+06,2.034e+06,2.032e+06,2.033e+06,2.036e+06,630078,909375,1.6e+09,8,19168,153,36,19160,689,12,4816,57,330,19176,6328,184,19168,3526,188,4816,905,80,,,,,,,84.4156,38.1579,18.9189,84.9315,93.4211,81.3333
1.34625e+06,57000,57000,54500,57000,51000,54250,56000,0,1.4025e+08,1.999e+06,2.036e+06,2.034e+06,1.997e+06,1.997e+06,1.998e+06,630078,898632,1.6e+09,8,19168,153,36,19160,689,12,4816,57,334,19176,6404,184,19168,3526,188,4816,905,80,,,,,,,88.4058,34.7826,15.7143,84.2857,94.2029,83.0986
1.34774e+06,57000,57000,54500,57000,51000,54250,56000,0,1.4025e+08,2.036e+06,2.036e+06,2.035e+06,2.035e+06,2.036e+06,2.038e+06,630078,909375,1.6e+09,8,19168,153,36,19160,689,12,4816,57,350,19176,6711,196,19168,3756,192,4816,924,80,,,,,,,88,35.5705,17.4497,85.2349,93.9597,84.4595
1.34812e+06,57500,57500,54500,57500,51000,54250,56000,0,1.4025e+08,2.033e+06,2.035e+06,2.035e+06,2.034e+06,2.038e+06,2.039e+06,630078,909375,1.6e+09,8,19168,153,36,19160,689,12,4816,57,346,19176,6634,196,19168,3756,188,4816,905,80,,,,,,,94.5946,40.5405,0,81.5789,92.1053,84.2105
1.34961e+06,57500,57500,54500,57500,51000,54250,56000,0,1.4025e+08,2.035e+06,2.035e+06,2.035e+06,2.036e+06,2.035e+06,2.036e+06,630078,917968,1.6e+09,8,19168,153,36,19160,689,12,4816,57,326,19184,6253,180,19168,3450,184,4816,886,80,,,,,,,86.6667,32.2148,14,83.1081,93.2432,84.5638
1.35072e+06,57000,57000,54000,57000,51000,54000,56000,0,1.4025e+08,2.032e+06,2.035e+06,2.034e+06,2.032e+06,2.035e+06,2.038e+06,630078,909375,1.6e+09,8,19168,153,36,19160,689,12,4816,57,338,19176,6481,188,19168,3603,192,4816,924,80,,,,,,,86.3636,35.7143,17.1171,90,94.5946,80.1802
1.35193e+06,57500,57500,54500,57500,51000,54000,56000,0,1.4025e+08,2.035e+06,2.035e+06,2.035e+06,2.035e+06,2.036e+06,2.035e+06,630078,917968,1.6e+09,8,19168,153,36,19160,689,12,4816,57,344,19176,6596,192,19168,3680,192,4816,924,80,,,,,,,88.5246,35,17.3554,81.8182,93.3884,84.2975
1.3526e+06,57000,57000,54500,57000,51000,54000,56000,0,1.4025e+08,2.036e+06,2.036e+06,2.035e+06,2.033e+06,2.041e+06,2.042e+06,630078,909375,1.6e+09,8,19168,153,36,19160,689,12,4816,57,346,19176,6634,196,19168,3680,192,4816,924,80,,,,,,,86.3636,34.8485,14.9254,83.3333,94.0299,86.3636
1.35303e+06,57000,57000,54000,57000,51000,54250,56000,0,1.4025e+08,1.999e+06,2.035e+06,2.035e+06,1.997e+06,1.999e+06,1.999e+06,630078,898632,1.6e+09,8,19168,153,36,19160,689,12,4816,57,330,19176,6328,184,19168,3526,184,4816,886,80,,,,,,,90.9091,32.5581,0,76.7442,90.6977,84.0909
1.35451e+06,57000,57000,54500,57000,51000,54250,55800,0,1.4025e+08,1.997e+06,2.036e+06,2.034e+06,1.998e+06,1.998e+06,1.999e+06,630078,898632,1.6e+09,8,19168,153,36,19160,689,12,4816,57,328,19184,6292,180,19168,3450,188,4816,905,80,,,,,,,85.3333,35.1351,15.6463,84.5638,93.2886,81.7568
1.35546e+06,57000,57000,54500,57000,51000,54000,56000,0,1.4025e+08,1.997e+06,2.034e+06,2.034e+06,1.997e+06,1.997e+06,1.999e+06,630078,898632,1.6e+09,8,19168,153,36,19160,689,12,4816,57,344,19176,6596,192,19168,3680,192,4816,924,80,,,,,,,88.172,37.234,17.8947,88.2979,93.617,82.9787
1.35696e+06,57000,57000,54500,57000,51000,54250,56000,0,1.4025e+08,1.996e+06,2.036e+06,2.036e+06,1.996e+06,1.996e+06,1.996e+06,630078,898632,1.6e+09,8,19168,153,36,19160,689,12,4816,57,332,19176,6366,180,19168,3450,192,4816,924,80,,,,,,,88.2353,33.5526,12.6667,85.4305,93.3775,83.4437
1.35703e+06,57000,57000,54500,57000,51000,54250,56000,0,1.4025e+08,1.998e+06,2.034e+06,2.035e+06,1.999e+06,1.999e+06,1.999e+06,630078,898632,1.6e+09,8,19168,153,36,19160,689,12,4816,57,348,19176,6673,196,19168,3756,192,4816,924,80,,,,,,,100,100,50,100,100,100
1.35842e+06,57500,57500,54500,57500,51000,54000,56000,0,1.4025e+08,1.998e+06,2.035e+06,2.034e+06,1.998e+06,1.998e+06,1.998e+06,630078,898632,1.6e+09,8,19168,153,36,19160,689,12,4816,57,346,19176,6634,196,19168,3756,188,4816,905,80,,,,,,,87.6812,34.7826,13.7681,83.4532,93.5252,83.4532
1.35991e+06,57000,57000,54500,57000,51000,54000,56000,0,1.4025e+08,2.035e+06,2.035e+06,2.035e+06,2.035e+06,2.035e+06,2.034e+06,630078,917968,1.6e+09,8,19168,153,36,19160,689,12,4816,57,332,19176,6366,184,19168,3526,184,4816,886,80,,,,,,,87.4172,32.4324,13.4228,79.8658,93.2886,84.7682
1.36009e+06,57000,57000,54500,57000,51000,54000,56000,0,1.4025e+08,2.038e+06,2.035e+06,2.034e+06,2.04e+06,2.039e+06,2.039e+06,630078,909375,1.6e+09,8,19168,153,36,19160,689,12,4816,57,350,19176,6711,200,19168,3833,192,4816,924,80,,,,,,,77.7778,50,50,94.4444,100,76.4706
1.36152e+06,57500,57500,54500,57500,51000,54000,56000,0,1.4025e+08,2.034e+06,2.036e+06,2.035e+06,2.036e+06,2.034e+06,2.035e+06,630078,917968,1.6e+09,8,19168,153,36,19160,689,12,4816,57,350,19176,6711,200,19168,3833,192,4816,924,80,,,,,,,88.0282,33.8028,14.7887,85.3147,93.7063,84.0278
1.36209e+06,57000,57000,54500,57000,51000,54000,56000,0,1.4025e+08,2.035e+06,2.034e+06,2.034e+06,2.035e+06,2.035e+06,2.035e+06,630078,917968,1.6e+09,8,19168,153,36,19168,690,12,4816,57,318,19184,6100,172,19168,3296,184,4816,886,80,,,,,,,85.7143,28.5714,3.50877,80.3571,92.8571,78.5714
1.36382e+06,57000,57000,54500,57000,51000,54250,56000,0,1.4025e+08,2.035e+06,2.035e+06,2.034e+06,2.036e+06,2.035e+06,2.037e+06,630078,917968,1.6e+09,8,19168,153,36,19160,689,12,4816,57,340,19176,6519,188,19168,3603,192,4816,924,80,,,,,,,89.0805,36.2069,16.185,87.3563,94.2529,83.908
1.36471e+06,57000,57000,54500,57000,51000,54000,56000,0,1.4025e+08,2.032e+06,2.036e+06,2.036e+06,2.029e+06,2.035e+06,2.033e+06,630078,909375,1.6e+09,8,19168,153,36,19160,689,12,4816,57,338,19176,6481,188,19168,3603,188,4816,905,80,,,,,,,88.764,36.3636,11.3636,76.1364,90.9091,85.2273
1.36599e+06,57000,57000,54500,57000,51000,54250,56300,0,1.4025e+08,1.997e+06,2.035e+06,2.035e+06,1.996e+06,1.996e+06,1.996e+06,630078,898632,1.6e+09,8,19168,153,36,19160,689,12,4816,57,346,19176,6634,196,19168,3756,192,4816,924,80,,,,,,,87.5969,35.6589,16.9231,90.625,93.8462,82.9457
1.36693e+06,57000,57000,54500,57000,51000,54000,56000,0,1.4025e+08,2.035e+06,2.035e+06,2.034e+06,2.04e+06,2.038e+06,2.036e+06,630078,909375,1.6e+09,8,19168,153,36,19160,689,12,4816,57,324,19184,6215,176,19168,3373,184,4816,886,80,,,,,,,83.871,29.3478,12.0879,77.4194,94.5055,81.9149
1.36782e+06,57000,57000,54500,57000,51000,54250,56000,0,1.4025e+08,2.032e+06,2.036e+06,2.036e+06,2.03e+06,2.03e+06,2.032e+06,630078,909375,1.6e+09,8,19168,153,36,19160,689,12,4816,57,340,19176,6519,188,19168,3603,192,4816,924,80,,,,,,,89.7727,35.2273,20.2247,87.5,94.4444,82.9545
1.3682e+06,57000,57000,54500,57000,51000,54250,56000,0,1.4025e+08,1.998e+06,2.035e+06,2.035e+06,2.032e+06,2.068e+06,2.035e+06,630078,917968,1.6e+09,8,19168,153,36,19160,689,12,4816,57,332,19176,6366,184,19168,3526,184,4816,886,80,,,,,,,90,38.4615,0,74.359,89.4737,92.1053
1.36996e+06,57000,57000,54500,57000,51000,54000,56000,0,1.4025e+08,2.035e+06,2.034e+06,2.034e+06,2.036e+06,2.036e+06,2.038e+06,630078,909375,1.6e+09,8,19168,153,36,19160,689,12,4816,57,346,19176,6634,196,19168,3756,192,4816,924,80,,,,,,,86.3636,35.7955,16.5714,87.4286,93.75,81.3559
1.37084e+06,57500,57500,54500,57500,51000,54250,56300,0,1.4025e+08,2.035e+06,2.035e+06,2.035e+06,2.045e+06,2.013e+06,1.999e+06,630078,898632,1.6e+09,8,19168,153,36,19160,689,12,4816,57,348,19176,6673,200,19168,3833,188,4816,905,80,,,,,,,89.8876,36.7816,11.3636,85.2273,93.1818,85.2273
1.37156e+06,57500,57500,54500,57500,51000,54250,56300,0,1.4025e+08,2.034e+06,2.035e+06,2.034e+06,2.035e+06,2.035e+06,2.034e+06,630078,898632,1.6e+09,8,19168,153,36,19160,689,12,4816,57,344,19176,6596,196,19168,3756,188,4816,905,80,,,,,,,88.7324,34.2466,13.8889,80.5556,94.3662,84.507
1.3722e+06,57500,57500,54500,57500,51000,54000,56300,0,1.4025e+08,2.034e+06,2.035e+06,2.035e+06,2.037e+06,2.039e+06,2.033e+06,630078,909375,1.6e+09,8,19168,153,36,19160,689,12,4816,57,344,19176,6596,196,19168,3756,192,4816,924,80,,,,,,,85.9375,32.2581,18.75,90.4762,92.1875,81.25
1.37367e+06,57500,57500,55000,57500,51000,54000,56000,0,1.4025e+08,2.035e+06,2.035e+06,2.034e+06,2.035e+06,2.034e+06,2.035e+06,630078,917968,1.6e+09,8,19168,153,36,19160,689,12,4816,57,340,19176,6519,192,19168,3680,184,4816,886,80,,,,,,,88.3562,34.4595,13.0137,80.2721,93.8776,84.3537
1.37429e+06,57000,57000,54500,57000,51000,54000,56000,0,1.4025e+08,2.031e+06,2.035e+06,2.034e+06,2.041e+06,2.041e+06,2.039e+06,630078,909375,1.6e+09,8,19168,153,36,19160,689,12,4816,57,348,19176,6673,200,19168,3833,188,4816,905,80,,,,,,,85.7143,37.7049,17.7419,93.6508,93.4426,80.6452
1.376e+06,57500,57500,54500,57500,51000,54000,56000,0,1.4025e+08,1.999e+06,2.035e+06,2.035e+06,1.999e+06,1.998e+06,1.999e+06,630078,898632,1.6e+09,8,19168,153,36,19160,689,12,4816,57,352,19176,6749,200,19168,3833,192,4816,924,80,,,,,,,86.4706,33.5294,17.6471,82.2485,94.152,83.6257
1.37622e+06,57000,57000,54500,57000,51000,54000,56000,0,1.4025e+08,1.977e+06,2.035e+06,2.036e+06,1.996e+06,1.998e+06,1.999e+06,630078,909375,1.6e+09,8,19168,153,36,19160,689,8,4816,38,342,19176,6558,192,19168,3680,192,4816,924,80,,,,,,,87.5,30.4348,4.34783,100,91.3043,78.2609
1.37754e+06,56500,56500,54500,56500,51000,54250,56000,0,1.4025e+08,2.033e+06,2.035e+06,2.034e+06,2.036e+06,2.038e+06,2.033e+06,630078,909375,1.6e+09,8,19168,153,36,19160,689,12,4816,57,344,19176,6596,192,19168,3680,192,4816,924,80,,,,,,,87.0229,35.1145,15.2672,83.2061,93.1818,82.5758
1.37874e+06,57000,57000,54500,57000,51000,54250,56000,0,1.4025e+08,1.998e+06,2.036e+06,2.034e+06,1.998e+06,1.997e+06,1.998e+06,630078,898632,1.6e+09,8,19168,153,36,19160,689,12,4816,57,354,19176,6826,204,19168,3910,196,4816,943,80,,,,,,,87.6033,35.8333,15.9664,82.5,94.0678,84.8739
1.37933e+06,57000,57000,54500,57000,51000,54000,56000,0,1.4025e+08,1.997e+06,2.034e+06,2.034e+06,1.997e+06,1.998e+06,1.998e+06,630078,898632,1.6e+09,8,19168,153,36,19160,689,12,4816,57,320,19184,6138,172,19168,3296,184,4816,886,80,,,,,,,85.2459,25.4237,3.27869,81.3559,91.8033,81.6667
1.38014e+06,57500,57500,54500,57500,51000,54000,56000,0,1.4025e+08,2.034e+06,2.034e+06,2.034e+06,2.035e+06,2.035e+06,2.034e+06,630078,917968,1.6e+09,8,19168,153,36,19160,689,12,4816,57,352,19176,6749,200,19168,3833,196,4816,943,80,,,,,,,90,40.2439,22.5,86.4198,95,86.25
1.38146e+06,57500,57500,54500,57500,51000,54000,56000,0,1.4025e+08,2.035e+06,2.035e+06,2.034e+06,2.034e+06,2.036e+06,2.035e+06,630078,917968,1.6e+09,8,19168,153,36,19160,689,12,4816,57,340,19176,6519,192,19168,3680,192,4816,924,80,,,,,,,86.3636,33.8462,12.4031,83.2061,93.1298,82.4427
1.38226e+06,57000,57000,54500,57000,51000,54000,56300,0,1.4025e+08,2.038e+06,2.035e+06,2.035e+06,2.034e+06,2.04e+06,2.036e+06,630078,909375,1.6e+09,8,19168,153,36,19160,689,12,4816,57,346,19176,6634,196,19168,3756,192,4816,924,80,,,,,,,90,33.75,17.284,86.25,93.8272,85.1852
1.38374e+06,57000,57000,54500,57000,51000,54250,56300,0,1.4025e+08,2.033e+06,2.035e+06,2.034e+06,2.036e+06,2.037e+06,2.033e+06,630078,909375,1.6e+09,8,19168,153,36,19160,689,12,4816,57,342,19176,6558,192,19168,3680,192,4816,924,80,,,,,,,86.4865,35.1351,13.5135,85.7143,93.1973,81.0811
1.38449e+06,57000,57000,54500,57000,51000,54000,56000,0,1.4025e+08,2.035e+06,2.035e+06,2.034e+06,2.034e+06,2.035e+06,2.038e+06,630078,909375,1.6e+09,8,19168,153,36,19160,689,12,4816,57,344,19176,6596,192,19168,3680,192,4816,924,80,,,,,,,87.8378,36.8421,13.5135,86.4865,94.6667,84
1.38577e+06,57000,57000,54500,57000,51000,54000,56000,0,1.4025e+08,2.036e+06,2.035e+06,2.035e+06,2.035e+06,2.036e+06,2.036e+06,630078,917968,1.6e+09,8,19168,153,36,19160,689,12,4816,57,334,19176,6404,184,19168,3526,192,4816,924,80,,,,,,,86.9231,32.8125,15.5039,82.9457,92.9688,82.1705
1.3862e+06,57000,57000,54500,57000,51000,54250,56000,0,1.4025e+08,2.035e+06,2.035e+06,2.035e+06,2.035e+06,2.035e+06,2.035e+06,630078,917968,1.6e+09,8,19168,153,36,19160,689,12,4816,57,322,19184,6177,176,19168,3373,184,4816,886,80,,,,,,,90.4762,30.9524,0,76.1905,92.8571,90.4762
1.38745e+06,57500,57500,54500,57500,51000,54000,56000,0,1.4025e+08,2.035e+06,2.035e+06,2.035e+06,2.034e+06,2.034e+06,2.034e+06,630078,917968,1.6e+09,8,19168,153,36,19160,689,12,4816,57,342,19176,6558,192,19168,3680,188,4816,905,80,,,,,,,88.8889,38.4,15.3226,84.8,93.6508,83.871
1.3888e+06,57000,57000,54500,57000,51000,54250,55800,0,1.4025e+08,1.997e+06,2.034e+06,2.035e+06,1.996e+06,1.999e+06,1.998e+06,630078,898632,1.6e+09,8,19168,153,36,19160,689,12,4816,57,346,19176,6634,196,19168,3756,188,4816,905,80,,,,,,,87.3134,35.3383,14.8148,86.5672,93.2836,82.2222
1.38962e+06,57000,57000,54500,57000,51000,54250,56000,0,1.4025e+08,2.036e+06,2.035e+06,2.036e+06,2.032e+06,2.036e+06,2.039e+06,630078,909375,1.6e+09,8,19168,153,36,19160,689,12,4816,57,328,19176,6289,180,19168,3450,184,4816,886,80,,,,,,,87.8049,29.2683,12.1951,79.0123,93.9024,86.5854
1.39036e+06,57000,57000,54500,57000,51000,54000,56000,0,1.4025e+08,2.033e+06,2.035e+06,2.036e+06,2.028e+06,2.033e+06,2.033e+06,630078,909375,1.6e+09,8,19168,153,36,19160,689,12,4816,57,320,19184,6138,172,19168,3296,180,4816,866,80,,,,,,,82.4324,33.7838,14.8649,85.1351,93.1507,79.7297
1.39189e+06,57500,57500,55000,57500,51000,54250,56000,0,1.4025e+08,1.996e+06,2.037e+06,2.035e+06,1.998e+06,1.998e+06,1.997e+06,630078,898632,1.6e+09,8,19168,153,36,19160,689,8,4816,38,350,19176,6711,200,19168,3833,192,4816,924,80,,,,,,,88.8889,37.5,19.6078,84.9673,94.1176,84.3137
1.39214e+06,57500,57500,54500,57500,51000,54000,56000,0,1.4025e+08,2.035e+06,2.035e+06,2.035e+06,2.034e+06,2.034e+06,2.036e+06,630078,909375,1.6e+09,8,19168,153,36,19160,689,12,4816,57,338,19176,6481,188,19168,3603,192,4816,924,80,,,,,,,88,26.9231,0,100,95.8333,80
1.39344e+06,57000,57000,54500,57000,51000,54250,56300,0,1.4025e+08,2.034e+06,2.034e+06,2.035e+06,2.031e+06,2.036e+06,2.037e+06,630078,909375,1.6e+09,8,19168,153,36,19160,689,12,4816,57,348,19176,6673,196,19168,3756,192,4816,924,80,,,,,,,87.7863,36.4341,16.1538,83.7209,93.1298,82.4427
1.39471e+06,57000,57000,54500,57000,51000,54000,56000,0,1.4025e+08,1.982e+06,2.035e+06,2.036e+06,1.995e+06,1.998e+06,1.997e+06,630078,898632,1.6e+09,8,19168,153,36,19160,689,12,4816,57,342,19176,6558,192,19168,3680,192,4816,924,80,,,,,,,88.189,33.0709,15.0794,82.6772,94.4882,84.127
1.39584e+06,57000,57000,54500,57000,51000,54250,55800,0,1.4025e+08,2.034e+06,2.034e+06,2.035e+06,2.034e+06,2.034e+06,2.034e+06,630078,917968,1.6e+09,8,19168,153,36,19160,689,12,4816,57,328,19184,6292,180,19168,3450,184,4816,886,80,,,,,,,88.4956,33.9286,8.84956,81.4159,92.0354,85.8407
1.39643e+06,57500,57500,54500,57500,51000,54250,56000,0,1.4025e+08,2.035e+06,2.034e+06,2.035e+06,2.035e+06,2.035e+06,2.035e+06,630078,917968,1.6e+09,8,19168,153,36,19160,689,12,4816,57,342,19176,6558,192,19168,3680,184,4816,886,80,,,,,,,88.1356,40.678,18.6441,84.4828,94.8276,80.3279
1.39763e+06,57000,57000,54500,57000,51000,54000,56000,0,1.4025e+08,1.998e+06,2.035e+06,2.035e+06,1.997e+06,1.998e+06,1.999e+06,630078,898632,1.6e+09,8,19168,153,36,19160,689,12,4816,57,340,19176,6519,188,19168,3603,192,4816,924,80,,,,,,,85.8333,33.3333,15.9664,88.4298,94.1667,82.3529
1.39865e+06,57000,57000,54500,57000,51000,54250,56000,0,1.4025e+08,2.036e+06,2.035e+06,2.036e+06,2.039e+06,2.035e+06,2.04e+06,630078,909375,1.6e+09,8,19168,153,36,19168,690,12,4816,57,320,19184,6138,172,19168,3296,184,4816,886,80,,,,,,,85.4369,32.3529,10.6796,79.2079,92.233,82.3529
1.39963e+06,57000,57000,54500,57000,51000,54250,56000,0,1.4025e+08,2.034e+06,2.034e+06,2.035e+06,2.035e+06,2.039e+06,2.035e+06,630078,909375,1.6e+09,8,19168,153,36,19160,689,12,4816,57,348,19176,6673,196,19168,3756,192,4816,924,80,,,,,,,88.7755,40.8163,18.9474,88.7755,93.8776,82.6531
1.40059e+06,57500,57500,54500,57500,51000,54000,56000,0,1.4025e+08,1.995e+06,2.034e+06,2.035e+06,1.996e+06,1.998e+06,1.997e+06,630078,898632,1.6e+09,8,19168,153,36,19160,689,12,4816,57,334,19176,6404,184,19168,3526,188,4816,905,80,,,,,,,88.7755,32.2917,11.2245,79.1667,92.7083,86.5979
1.40149e+06,57000,57000,54500,57000,51000,54000,56000,0,1.4025e+08,2.034e+06,2.034e+06,2.035e+06,2.034e+06,2.033e+06,2.034e+06,630078,917968,1.6e+09,8,19168,153,36,19160,689,12,4816,57,350,19176,6711,200,19168,3833,192,4816,924,80,,,,,,,85.2273,37.0787,21.3483,86.5169,94.382,81.1111
1.4022e+06,57000,57000,54500,57000,51000,54000,56000,0,1.4025e+08,1.998e+06,2.035e+06,2.035e+06,1.998e+06,1.999e+06,1.998e+06,630078,898632,1.6e+09,8,19168,153,36,19160,689,12,4816,57,354,19176,6788,200,19168,3833,196,4816,943,80,,,,,,,88.5714,35.7143,15.7143,84.2857,94.3662,84.2857
1.40379e+06,57000,57000,54500,57000,51000,54250,56000,0,1.4025e+08,1.996e+06,2.035e+06,2.035e+06,1.997e+06,1.997e+06,1.998e+06,630078,898632,1.6e+09,8,19168,153,36,19160,689,12,4816,57,346,19176,6596,196,19168,3756,192,4816,924,80,,,,,,,87.5,33.9623,12.5786,86.7925,93.6709,82.3899
1.40416e+06,57000,57000,54500,57000,51000,54250,56000,0,1.4025e+08,2.031e+06,2.035e+06,2.035e+06,2.029e+06,2.03e+06,2.035e+06,630078,909375,1.6e+09,8,19168,153,36,19168,690,12,4816,57,320,19184,6138,172,19168,3296,180,4816,866,80,,,,,,,86.1111,19.4444,0,71.4286,91.8919,86.1111
1.40548e+06,57000,57000,54500,57000,51000,54250,56000,0,1.4025e+08,2.035e+06,2.035e+06,2.035e+06,2.034e+06,2.034e+06,2.034e+06,630078,898632,1.6e+09,8,19168,153,36,19160,689,12,4816,57,332,19176,6366,184,19168,3526,184,4816,886,80,,,,,,,89.4737,37.1212,15.7895,83.4586,93.1818,84.9624
1.40679e+06,57500,57500,54000,57500,51000,54250,56000,0,1.4025e+08,1.997e+06,2.035e+06,2.034e+06,1.996e+06,1.998e+06,1.998e+06,630078,898632,1.6e+09,8,19168,153,36,19160,689,12,4816,57,340,19176,6519,192,19168,3680,188,4816,905,80,,,,,,,88.5496,36.4341,14.7287,84.6154,93.8462,82.3077
1.40737e+06,57000,57000,54500,57000,51000,54000,56000,0,1.4025e+08,2.031e+06,2.035e+06,2.032e+06,2.032e+06,2.033e+06,2.03e+06,630078,909375,1.6e+09,8,19168,153,36,19160,689,12,4816,57,342,19176,6558,192,19168,3680,192,4816,924,80,,,,,,,85,35,16.9492,94.9153,93.2203,81.3559
1.40802e+06,57500,57500,54500,57500,51000,54250,56000,0,1.4025e+08,2.035e+06,2.035e+06,2.035e+06,2.035e+06,2.035e+06,2.036e+06,630078,917968,1.6e+09,8,19168,153,36,19160,689,12,4816,57,338,19176,6481,188,19168,3603,196,4816,943,80,,,,,,,87.3016,30.1587,17.1875,84.375,93.75,82.8125
1.40952e+06,57500,57500,54000,57500,51000,54250,56000,0,1.4025e+08,2.034e+06,2.034e+06,2.034e+06,2.034e+06,2.035e+06,2.035e+06,630078,917968,1.6e+09,8,19168,153,36,19160,689,12,4816,57,344,19176,6596,196,19168,3756,188,4816,905,80,,,,,,,88.1579,36.9128,12.7517,81.3333,93.3775,84.6667
1.41071e+06,57000,57000,54500,57000,51000,54000,56000,0,1.4025e+08,2.036e+06,2.034e+06,2.035e+06,2.031e+06,2.036e+06,2.036e+06,630078,909375,1.6e+09,8,19168,153,36,19160,689,12,4816,57,344,19176,6596,192,19168,3680,192,4816,924,80,,,,,,,85.4701,34.4538,16.8067,87.2881,94.0678,81.3559
1.41116e+06,57000,57000,54500,57000,51000,54250,56000,0,1.4025e+08,2.032e+06,2.035e+06,2.035e+06,2.038e+06,2.035e+06,2.035e+06,630078,909375,1.6e+09,8,19168,153,36,19160,689,12,4816,57,356,19176,6826,204,19168,3910,196,4816,943,80,,,,,,,86.9565,40.4255,23.913,75,93.4783,86.9565
1.41298e+06,57500,57500,54500,57500,51000,54250,56000,0,1.4025e+08,2.036e+06,2.036e+06,2.035e+06,2.032e+06,2.038e+06,2.038e+06,630078,909375,1.6e+09,8,19168,153,36,19160,689,12,4816,57,344,19176,6596,196,19168,3756,188,4816,905,80,,,,,,,88.9503,34.4444,11.0497,84.6154,93.3333,83.4254
1.41397e+06,57500,57500,54500,57500,51000,54000,56000,0,1.4025e+08,2.033e+06,2.036e+06,2.035e+06,2.032e+06,2.039e+06,2.039e+06,630078,909375,1.6e+09,8,19168,153,36,19160,689,12,4816,57,350,19176,6711,200,19168,3833,192,4816,924,80,,,,,,,85,33.3333,20.4082,84.6939,93.9394,83.8384
1.4149e+06,57000,57000,54500,57000,51000,54000,56000,0,1.4025e+08,1.998e+06,2.035e+06,2.034e+06,1.999e+06,2e+06,1.998e+06,630078,898632,1.6e+09,8,19168,153,36,19160,689,12,4816,38,338,19176,6481,188,19168,3603,192,4816,924,80,,,,,,,88.172,35.1064,10.7527,88.4211,93.6842,81.9149
1.41546e+06,56500,56500,54500,56500,51000,54250,56000,0,1.4025e+08,1.998e+06,2.034e+06,2.034e+06,2e+06,1.998e+06,1.999e+06,630078,898632,1.6e+09,8,19168,153,36,19160,689,12,4816,57,338,19176,6481,188,19168,3603,192,4816,924,80,,,,,,,84.2105,33.9286,17.8571,80.7018,92.5926,78.9474
1.41674e+06,57500,57500,54500,57500,51000,54250,56000,0,1.4025e+08,2.043e+06,2.035e+06,2.036e+06,2.032e+06,2.043e+06,2.042e+06,630078,909375,1.6e+09,8,19168,153,36,19160,689,12,4816,57,350,19176,6711,200,19168,3833,192,4816,924,80,,,,,,,88.189,35.7143,15.625,82.5397,93.75,85.8268
1.41711e+06,57500,57500,54500,57500,51000,54000,56000,0,1.4025e+08,2.036e+06,2.034e+06,2.035e+06,2.033e+06,2.044e+06,2.045e+06,630078,909375,1.6e+09,8,19168,153,36,19160,689,12,4816,57,346,19176,6634,196,19168,3756,188,4816,905,80,,,,,,,94.5946,40.5405,2.77778,86.4865,91.8919,81.0811
1.41892e+06,57000,57000,54500,57000,51000,54250,56000,0,1.4025e+08,2.031e+06,2.034e+06,2.034e+06,2.033e+06,2.03e+06,2.033e+06,630078,909375,1.6e+09,8,19168,153,36,19160,689,12,4816,57,338,19176,6481,188,19168,3603,192,4816,924,80,,,,,,,85.6354,33.1492,16.1111,85.0829,93.8889,82.2222
1.41954e+06,57000,57000,54500,57000,51000,54000,56000,0,1.4025e+08,2.036e+06,2.034e+06,2.036e+06,2.036e+06,2.042e+06,2.042e+06,630078,909375,1.6e+09,8,19168,153,36,19160,689,12,4816,57,346,19176,6634,196,19168,3756,192,4816,924,80,,,,,,,90.4762,34.4262,16.129,82.2581,95.082,88.8889
1.42072e+06,56500,56500,54500,56500,51000,54000,56000,0,1.4025e+08,2.035e+06,2.035e+06,2.035e+06,2.035e+06,2.035e+06,2.035e+06,630078,917968,1.6e+09,8,19168,153,36,19160,690,12,4816,57,318,19184,6100,172,19168,3296,180,4816,866,80,,,,,,,85.5932,32.7731,8.47458,82.0513,92.437,82.3529
1.42127e+06,57500,57500,54500,57500,51000,54000,56000,0,1.4025e+08,2.034e+06,2.035e+06,2.034e+06,2.034e+06,2.042e+06,2.04e+06,630078,909375,1.6e+09,8,19168,153,36,19160,689,12,4816,57,340,19176,6519,192,19168,3680,188,4816,905,80,,,,,,,94.5455,43.6364,18.1818,83.9286,92.8571,85.7143
1.42242e+06,57000,57000,54500,57000,51000,54250,56000,0,1.4025e+08,1.998e+06,2.035e+06,2.034e+06,1.996e+06,1.997e+06,1.996e+06,630078,898632,1.6e+09,8,19168,153,36,19160,689,12,4816,57,346,19176,6634,192,19168,3680,192,4816,924,80,,,,,,,85.2174,34.2105,17.3913,88.5965,93.8596,81.4159
1.42386e+06,57000,57000,54500,57000,51000,54250,56000,0,1.4025e+08,2.035e+06,2.035e+06,2.036e+06,2.035e+06,2.034e+06,2.034e+06,630078,917968,1.6e+09,8,19168,153,36,19160,689,12,4816,57,340,19176,6519,188,19168,3603,192,4816,924,80,,,,,,,88.1119,33.8028,14.5833,84.7222,93.7063,84.8276
1.42471e+06,57500,57500,54500,57500,51000,54000,56000,0,1.4025e+08,1.997e+06,2.036e+06,2.035e+06,2.027e+06,2.038e+06,2.041e+06,630078,917968,1.6e+09,8,19168,153,36,19160,689,12,4816,57,342,19176,6558,192,19168,3680,188,4816,905,80,,,,,,,89.5349,37.931,10.7143,79.0698,93.0233,84.7059
1.42513e+06,57000,57000,54500,57000,51000,54250,56000,0,1.4025e+08,2.038e+06,2.034e+06,2.035e+06,2.04e+06,2.037e+06,2.036e+06,630078,909375,1.6e+09,8,19168,153,36,19160,689,12,4816,57,340,19176,6519,188,19168,3603,192,4816,924,80,,,,,,,78.5714,29.2683,23.8095,92.6829,95,76.1905
1.4267e+06,57000,57000,54500,57000,51000,54250,56300,0,1.4025e+08,2.034e+06,2.035e+06,2.034e+06,2.036e+06,2.035e+06,2.035e+06,630078,917968,1.6e+09,8,19168,153,36,19160,689,12,4816,57,342,19176,6558,192,19168,3680,192,4816,924,80,,,,,,,89.172,35.6688,14.1026,85.2564,92.9936,84.6154
1.42715e+06,57000,57000,54500,57000,51000,54000,56000,0,1.4025e+08,2.035e+06,2.035e+06,2.036e+06,2.034e+06,2.034e+06,2.036e+06,630078,917968,1.6e+09,8,19168,153,36,19160,689,12,4816,57,340,19176,6519,188,19168,3603,192,4816,924,80,,,,,,,84.7826,27.2727,20,77.7778,97.8261,82.2222
1.42876e+06,57000,57000,54500,57000,51000,54000,56000,0,1.4025e+08,2.036e+06,2.035e+06,2.034e+06,2.034e+06,2.035e+06,2.034e+06,630078,917968,1.6e+09,8,19168,153,36,19160,689,12,4816,57,340,19176,6519,192,19168,3680,192,4816,924,80,,,,,,,88.1988,36.0248,12.4224,86.1635,92.5466,83.3333
1.42935e+06,57000,57000,54500,57000,51000,54000,56000,0,1.4025e+08,1.999e+06,2.034e+06,2.035e+06,1.996e+06,1.998e+06,1.999e+06,630078,898632,1.6e+09,8,19168,153,36,19160,689,12,4816,57,344,19176,6596,192,19168,3680,192,4816,924,80,,,,,,,86.2069,36.2069,18.6441,81.9672,94.9153,84.4828
1.43078e+06,57000,57000,54500,57000,51000,54000,56000,0,1.4025e+08,2e+06,2.036e+06,2.035e+06,1.998e+06,1.999e+06,2e+06,630078,898632,1.6e+09,8,19168,153,36,19160,689,12,4816,57,336,19176,6443,184,19168,3526,192,4816,924,80,,,,,,,87.5862,33.3333,13.3803,85.1064,93.617,83.3333
1.43135e+06,56500,56500,54500,56500,51000,54000,56000,0,1.4025e+08,2.034e+06,2.033e+06,2.034e+06,2.035e+06,2.036e+06,2.032e+06,630078,909375,1.6e+09,8,19168,153,36,19160,689,12,4816,57,342,19176,6558,192,19168,3680,192,4816,924,80,,,,,,,85.7143,38.5965,17.5439,79.3103,93.1034,80.7018
1.43284e+06,57000,57000,54500,57000,51000,54000,56000,0,1.4025e+08,1.998e+06,2.034e+06,2.036e+06,1.998e+06,2e+06,1.999e+06,630078,898632,1.6e+09,8,19168,153,36,19160,689,12,4816,57,338,19176,6481,188,19168,3603,192,4816,924,80,,,,,,,88.7417,33.7838,13.5135,85.8108,94,85.2349
1.43398e+06,57500,57500,54000,57500,51000,54000,56000,0,1.4025e+08,1.998e+06,2.035e+06,2.035e+06,1.997e+06,1.996e+06,1.996e+06,630078,898632,1.6e+09,8,19168,153,36,19160,689,12,4816,57,350,19176,6711,196,19168,3756,196,4816,943,80,,,,,,,87.5,36.8421,16.8142,80.3571,93.8053,84.0708
1.43414e+06,57000,57000,54000,57000,51000,54000,56000,0,1.4025e+08,2.033e+06,2.035e+06,2.033e+06,2.035e+06,2.045e+06,2.029e+06,630078,909375,1.6e+09,8,19168,153,36,19160,689,12,4816,57,346,19176,6634,196,19168,3756,192,4816,924,80,,,,,,,82.3529,37.5,0,100,88.2353,70.5882
1.43646e+06,57500,57500,54500,57500,51000,54250,55800,0,1.4025e+08,2.033e+06,2.035e+06,2.035e+06,2.034e+06,2.04e+06,2.043e+06,630078,909375,1.6e+09,8,19168,153,36,19160,689,12,4816,57,340,19176,6519,192,19168,3680,184,4816,886,80,,,,,,,88.3117,34.4828,13.3621,82.2511,93.4783,84.4156
1.43793e+06,57000,57000,54500,57000,51000,54000,56100,0,1.4025e+08,1.999e+06,2.036e+06,2.035e+06,1.997e+06,1.999e+06,1.999e+06,630078,898632,1.6e+09,8,19168,153,36,19160,689,12,4816,57,328,19176,6253,180,19168,3450,184,4816,886,80,,,,,,,87.7551,32.1918,13.6054,84.2466,93.1507,84.3537
1.43837e+06,57000,57000,54500,57000,51000,54250,56000,0,1.4025e+08,2.034e+06,2.035e+06,2.034e+06,2.034e+06,2.035e+06,2.035e+06,630078,917968,1.6e+09,8,19168,153,36,19160,689,12,4816,57,334,19176,6404,184,19168,3526,192,4816,924,80,,,,,,,84.4444,36.3636,20.4545,97.7778,95.6522,76.087
1.43948e+06,57500,57500,54500,57500,51000,54000,56000,0,1.4025e+08,2.035e+06,2.036e+06,2.036e+06,2.036e+06,2.035e+06,2.035e+06,630078,917968,1.6e+09,8,19168,153,36,19160,689,12,4816,57,350,19176,6711,200,19168,3833,192,4816,924,80,,,,,,,86.4865,37.2727,18.1818,80,93.6364,84.4037
1.44045e+06,57000,57000,54500,57000,51000,54000,56000,0,1.4025e+08,2.035e+06,2.034e+06,2.036e+06,2.034e+06,2.034e+06,2.035e+06,630078,917968,1.6e+09,8,19168,153,36,19160,689,12,4816,57,336,19176,6443,184,19168,3526,192,4816,924,80,,,,,,,88.5417,31.25,11.2245,89.5833,93.6842,81.6327
1.44108e+06,57000,57000,54500,57000,51000,54000,56000,0,1.4025e+08,2.036e+06,2.035e+06,2.035e+06,2.032e+06,2.036e+06,2.036e+06,630078,909375,1.6e+09,8,19168,153,36,19160,689,12,4816,57,344,19176,6596,192,19168,3680,192,4816,924,80,,,,,,,85.9375,38.4615,16.3934,82.5397,93.75,82.5397
1.44264e+06,57500,57500,54000,57500,51000,54000,56000,0,1.4025e+08,2.034e+06,2.035e+06,2.036e+06,2.038e+06,2.037e+06,2.042e+06,630078,909375,1.6e+09,8,19168,153,36,19160,689,12,4816,57,344,19176,6596,196,19168,3756,188,4816,905,80,,,,,,,89.1026,35.7143,12.2581,82.1656,93.5484,84.5161
1.44342e+06,57000,57000,54500,57000,51000,54250,56000,0,1.4025e+08,2.039e+06,2.035e+06,2.035e+06,2.031e+06,2.041e+06,2.038e+06,630078,909375,1.6e+09,8,19168,153,36,19160,689,12,4816,57,330,19176,6328,184,19168,3526,184,4816,886,80,,,,,,,86.0759,30.3797,12.6582,80.7692,92.4051,84.8101
1.44404e+06,57500,57500,54500,57500,51000,54000,56000,0,1.4025e+08,2.034e+06,2.035e+06,2.035e+06,2.034e+06,2.035e+06,2.035e+06,630078,909375,1.6e+09,8,19168,153,36,19160,689,12,4816,57,344,19176,6596,196,19168,3756,188,4816,905,80,,,,,,,90.1639,40.3226,18.0328,87.3016,93.6508,82.2581
1.44554e+06,57000,57000,54500,57000,51000,54000,56000,0,1.4025e+08,2.031e+06,2.036e+06,2.036e+06,2.033e+06,2.029e+06,2.032e+06,630078,909375,1.6e+09,8,19168,153,36,19160,689,12,4816,57,324,19184,6215,176,19168,3373,180,4816,866,80,,,,,,,86,31.5436,13.3333,84.4595,93.2886,83.3333
1.44688e+06,57000,57000,54500,57000,51000,54250,56000,0,1.4025e+08,2.033e+06,2.034e+06,2.036e+06,2.036e+06,2.035e+06,2.039e+06,630078,909375,1.6e+09,8,19168,153,36,19160,689,12,4816,57,328,19184,6292,180,19168,3450,184,4816,886,80,,,,,,,88.2353,35.8209,14.1791,83.5821,94.0299,84.3284
1.44778e+06,57500,57500,54500,57500,51000,54000,56000,0,1.4025e+08,2.036e+06,2.036e+06,2.034e+06,2.036e+06,2.04e+06,2.041e+06,630078,909375,1.6e+09,8,19168,153,36,19160,689,12,4816,57,350,19176,6711,196,19168,3756,192,4816,924,80,,,,,,,85.3933,36.6667,22.4719,87.6404,94.4444,82.0225
1.44864e+06,57000,57000,54500,57000,51000,54000,56000,0,1.4025e+08,2.034e+06,2.036e+06,2.036e+06,2.034e+06,2.035e+06,2.035e+06,630078,909375,1.6e+09,8,19168,153,36,19160,689,12,4816,57,346,19176,6634,196,19168,3756,192,4816,924,80,,,,,,,87.3563,35.2941,11.6279,87.3563,93.0233,80.4598
1.4498e+06,57000,57000,54500,57000,51000,54000,56000,0,1.4025e+08,2.034e+06,2.035e+06,2.035e+06,2.04e+06,2.038e+06,2.036e+06,630078,909375,1.6e+09,8,19168,153,36,19160,689,12,4816,57,350,19176,6749,200,19168,3833,192,4816,924,80,,,,,,,86.9565,35.3448,16.5217,80.8696,93.8596,84.4828
1.45031e+06,57000,57000,54500,57000,51000,54000,56000,0,1.4025e+08,2.036e+06,2.035e+06,2.035e+06,2.035e+06,2.041e+06,2.042e+06,630078,909375,1.6e+09,8,19168,153,36,19160,689,12,4816,57,332,19176,6366,184,19168,3526,184,4816,886,80,,,,,,,92.1569,28.8462,3.84615,80.3922,90.3846,88.2353
1.45136e+06,56500,56500,54500,56500,51000,54000,56000,0,1.4025e+08,2.036e+06,2.035e+06,2.034e+06,2.035e+06,2.035e+06,2.035e+06,630078,917968,1.6e+09,8,19168,153,36,19160,689,8,4816,57,342,19176,6558,192,19168,3680,192,4816,924,80,,,,,,,84.9057,36.1905,19.0476,89.4231,94.2857,79.0476
1.45207e+06,56500,56500,54500,56500,51000,54250,56000,0,1.4025e+08,2.037e+06,2.035e+06,2.033e+06,2.039e+06,2.033e+06,2.033e+06,630078,909375,1.6e+09,8,19168,153,36,19160,689,12,4816,57,346,19176,6634,196,19168,3756,192,4816,924,80,,,,,,,88.5714,35.7143,13.0435,83.0986,94.2857,84.507
1.45373e+06,57000,57000,54500,57000,51000,54250,56300,0,1.4025e+08,2.034e+06,2.035e+06,2.034e+06,2.033e+06,2.038e+06,2.038e+06,630078,909375,1.6e+09,8,19168,153,36,19160,689,12,4816,57,334,19176,6404,188,19168,3603,184,4816,886,80,,,,,,,88.0952,33.9394,12.0482,81.9277,92.7711,85.0299
1.45422e+06,57000,57000,54500,57000,51000,54000,56300,0,1.4025e+08,1.999e+06,2.035e+06,2.035e+06,1.998e+06,1.999e+06,1.999e+06,630078,898632,1.6e+09,8,19168,153,36,19160,689,12,4816,57,338,19176,6481,188,19168,3603,192,4816,924,80,,,,,,,87.234,34,20.8333,100,95.9184,79.1667
1.45579e+06,57000,57000,54500,57000,51000,54250,56000,0,1.4025e+08,2.035e+06,2.034e+06,2.035e+06,2.035e+06,2.036e+06,2.035e+06,630078,917968,1.6e+09,8,19168,153,36,19160,689,12,4816,57,338,19176,6481,188,19168,3603,184,4816,886,80,,,,,,,87.9747,35.8974,12.8205,79.6178,92.9936,84.6154
1.45686e+06,57000,57000,54500,57000,51000,54250,56000,0,1.4025e+08,2e+06,2.034e+06,2.034e+06,1.997e+06,1.999e+06,2e+06,630078,898632,1.6e+09,8,19168,153,36,19160,689,12,4816,57,338,19176,6481,188,19168,3603,192,4816,924,80,,,,,,,85.0467,32.0755,18.5185,88.785,94.3396,79.6296
1.45791e+06,57000,57000,54500,57000,51000,54000,56000,0,1.4025e+08,1.998e+06,2.035e+06,2.035e+06,1.997e+06,1.998e+06,1.999e+06,630078,898632,1.6e+09,8,19168,153,36,19160,689,12,4816,57,330,19176,6328,184,19168,3526,184,4816,886,80,,,,,,,89.6226,35.2381,9.52381,80,92.381,87.619
1.45893e+06,56500,56500,54500,56500,51000,54250,56000,0,1.4025e+08,2.035e+06,2.035e+06,2.033e+06,2.035e+06,2.033e+06,2.035e+06,630078,917968,1.6e+09,8,19168,153,36,19160,689,12,4816,57,338,19176,6481,188,19168,3603,192,4816,924,80,,,,,,,85.2941,34.6535,19.802,89.1089,94.1748,79.4118
1.45962e+06,57000,57000,54500,57000,51000,54000,56000,0,1.4025e+08,2.035e+06,2.034e+06,2.034e+06,2.038e+06,2.039e+06,2.038e+06,630078,909375,1.6e+09,8,19168,153,36,19160,689,12,4816,57,338,19176,6481,188,19168,3603,192,4816,924,80,,,,,,,86.7647,35.7143,14.7059,83.8235,94.1176,82.3529
1.46026e+06,57000,57000,54500,57000,51000,54000,56000,0,1.4025e+08,1.996e+06,2.034e+06,2.035e+06,1.997e+06,1.996e+06,1.998e+06,630078,898632,1.6e+09,8,19168,153,36,19160,689,12,4816,57,342,19176,6558,192,19168,3680,192,4816,924,80,,,,,,,92.1875,33.3333,15.625,82.8125,95.3125,87.6923
1.46171e+06,56500,56500,54500,56500,51000,54250,56000,0,1.4025e+08,2.036e+06,2.036e+06,2.034e+06,2.039e+06,2.038e+06,2.038e+06,630078,909375,1.6e+09,8,19168,153,36,19160,689,12,4816,57,342,19176,6558,192,19168,3680,192,4816,924,80,,,,,,,86.8966,35.8621,13.7931,84.8276,92.4138,82.069
1.46297e+06,57500,57500,54500,57500,51000,54000,56000,0,1.4025e+08,2.04e+06,2.035e+06,2.034e+06,2.035e+06,2.042e+06,2.042e+06,630078,909375,1.6e+09,8,19168,153,36,19160,689,12,4816,57,350,19176,6673,196,19168,3756,192,4816,924,80,,,,,,,88.8889,34.9206,16,83.3333,94.4444,85.7143
1.4631e+06,57000,57000,54500,57000,51000,54000,56000,0,1.4025e+08,2.03e+06,2.034e+06,2.035e+06,2.035e+06,2.035e+06,2.035e+06,630078,909375,1.6e+09,8,19168,153,36,19160,689,12,4816,57,344,19176,6596,192,19168,3680,192,4816,924,80,,,,,,,78.5714,38.4615,0,100,92.3077,57.1429
1.46469e+06,57000,57000,54500,57000,51000,54000,56000,0,1.4025e+08,2.036e+06,2.035e+06,2.034e+06,2.039e+06,2.036e+06,2.039e+06,630078,909375,1.6e+09,8,19168,153,36,19160,689,12,4816,57,348,19176,6673,200,19168,3833,188,4816,905,80,,,,,,,88.6792,35.6688,12.6582,84.1772,93.038,84.8101
1.46511e+06,57000,57000,54500,57000,51000,54250,56000,0,1.4025e+08,1.998e+06,2.036e+06,2.035e+06,1.996e+06,1.996e+06,1.997e+06,630078,898632,1.6e+09,8,19168,153,36,19160,689,12,4816,57,340,19176,6519,188,19168,3603,192,4816,924,80,,,,,,,82.9268,26.1905,25.5814,82.9268,95.2381,78.5714
1.4661e+06,57500,57500,54500,57500,51000,54250,56000,0,1.4025e+08,2.035e+06,2.035e+06,2.036e+06,2.035e+06,2.035e+06,2.035e+06,630078,917968,1.6e+09,8,19168,153,36,19160,689,12,4816,57,342,19176,6558,192,19168,3680,188,4816,905,80,,,,,,,90,38.3838,10.101,81.8182,93,86
1.46715e+06,57000,57000,54500,57000,51000,54000,56000,0,1.4025e+08,2.036e+06,2.035e+06,2.036e+06,2.034e+06,2.038e+06,2.034e+06,630078,909375,1.6e+09,8,19168,153,36,19160,689,12,4816,57,344,19176,6596,196,19168,3756,192,4816,924,80,,,,,,,86.4078,31.7308,18.4466,85.5769,94.2308,83.6538
1.46804e+06,57000,57000,54500,57000,51000,54250,56300,0,1.4025e+08,1.998e+06,2.035e+06,2.034e+06,2e+06,1.998e+06,2e+06,630078,898632,1.6e+09,8,19168,153,36,19160,689,12,4816,57,340,19176,6519,188,19168,3603,196,4816,943,80,,,,,,,86.6667,34.8315,12.2222,87.6404,93.2584,82.0225
1.46948e+06,57000,57000,54500,57000,51000,54000,56000,0,1.4025e+08,1.997e+06,2.034e+06,2.035e+06,1.997e+06,1.998e+06,1.999e+06,630078,898632,1.6e+09,8,19168,153,36,19160,689,12,4816,57,342,19176,6558,192,19168,3680,192,4816,924,80,,,,,,,88.1944,36.1111,13.2867,84.7222,93.007,83.3333
1.47062e+06,57500,57500,54500,57500,51000,54250,56300,0,1.4025e+08,1.997e+06,2.036e+06,2.036e+06,1.998e+06,1.998e+06,1.997e+06,630078,917968,1.6e+09,8,19168,153,36,19160,689,12,4816,57,340,19176,6519,188,19168,3603,192,4816,924,80,,,,,,,86.8421,32.4561,18.2609,81.5789,94.7368,83.4783
1.47148e+06,57000,57000,54500,57000,51000,54250,56300,0,1.4025e+08,2.036e+06,2.034e+06,2.035e+06,2.035e+06,2.034e+06,2.036e+06,630078,909375,1.6e+09,8,19168,153,36,19160,689,12,4816,57,338,19176,6481,188,19168,3603,192,4816,924,80,,,,,,,87.3563,36.0465,10.5882,87.2093,93.1034,83.7209
1.47255e+06,57000,57000,54500,57000,51000,54000,56000,0,1.4025e+08,2.035e+06,2.034e+06,2.035e+06,2.035e+06,2.035e+06,2.033e+06,630078,917968,1.6e+09,8,19168,153,36,19160,689,12,4816,57,346,19176,6634,196,19168,3756,192,4816,924,80,,,,,,,86.1111,36.7925,16.8224,79.2453,93.4579,83.0189
1.47326e+06,57500,57500,54500,57500,51000,54250,56000,0,1.4025e+08,2.002e+06,2.034e+06,2.035e+06,1.998e+06,1.997e+06,1.999e+06,630078,898632,1.6e+09,8,19168,153,36,19160,689,12,4816,57,350,19176,6711,200,19168,3833,192,4816,924,80,,,,,,,88.5714,35.7143,15.7143,84.507,94.2029,84.2857
1.4749e+06,57000,57000,54500,57000,51000,54000,56000,0,1.4025e+08,2.034e+06,2.035e+06,2.035e+06,2.033e+06,2.037e+06,2.034e+06,630078,909375,1.6e+09,8,19168,153,36,19160,689,12,4816,57,342,19176,6558,188,19168,3603,192,4816,924,80,,,,,,,87.8049,34.3373,12.8049,86.6667,93.3333,83.0303
1.4756e+06,57000,57000,54500,57000,51000,54250,56000,0,1.4025e+08,2.034e+06,2.035e+06,2.035e+06,2.034e+06,2.035e+06,2.034e+06,630078,917968,1.6e+09,8,19168,153,36,19160,689,12,4816,57,340,19176,6519,188,19168,3603,192,4816,924,80,,,,,,,87.1429,33.8235,13.2353,84.058,94.2029,82.6087
1.47679e+06,57000,57000,54500,57000,51000,54250,56000,0,1.4025e+08,2.034e+06,2.036e+06,2.034e+06,2.034e+06,2.034e+06,2.034e+06,630078,917968,1.6e+09,8,19168,153,36,19160,689,12,4816,57,346,19176,6634,196,19168,3756,192,4816,924,80,,,,,,,87.5,34.4538,16.6667,81.5126,93.3884,85
1.47779e+06,57000,57000,54500,57000,51000,54000,56000,0,1.4025e+08,2.033e+06,2.034e+06,2.034e+06,2.038e+06,2.036e+06,2.038e+06,630078,909375,1.6e+09,8,19168,153,36,19160,689,12,4816,57,348,19176,6673,200,19168,3833,188,4816,905,80,,,,,,,88.8889,39,12,87.8788,92.8571,81.8182
1.47837e+06,57000,57000,54500,57000,51000,54250,56000,0,1.4025e+08,2.033e+06,2.035e+06,2.035e+06,2.031e+06,2.037e+06,2.036e+06,630078,909375,1.6e+09,8,19168,153,36,19160,689,12,4816,57,340,19176,6481,188,19168,3603,192,4816,924,80,,,,,,,84.7458,28.8136,16.9492,84.7458,94.9153,82.7586
1.47944e+06,57000,57000,54500,57000,51000,54000,56000,0,1.4025e+08,2.035e+06,2.035e+06,2.035e+06,2.035e+06,2.034e+06,2.035e+06,630078,917968,1.6e+09,8,19168,153,36,19160,689,12,4816,57,340,19176,6519,188,19168,3603,188,4816,905,80,,,,,,,85.9813,35.2381,15.0943,79.2453,93.3333,83.1776
1.48058e+06,57500,57500,54500,57500,51000,54250,56000,0,1.4025e+08,2.037e+06,2.036e+06,2.036e+06,2.034e+06,2.042e+06,2.042e+06,630078,909375,1.6e+09,8,19168,153,36,19160,689,12,4816,57,346,19176,6634,196,19168,3756,188,4816,905,80,,,,,,,90.3509,36.5217,12.2807,85.8407,93.0435,83.4783
1.48169e+06,56500,56500,54000,56500,51000,54000,56000,0,1.4025e+08,2.033e+06,2.033e+06,2.035e+06,2.033e+06,2.031e+06,2.035e+06,630078,909375,1.6e+09,8,19168,153,36,19160,689,12,4816,57,336,19176,6443,184,19168,3526,192,4816,924,80,,,,,,,83.7838,30.9091,18.018,85.5856,93.6364,81.0811
1.4828e+06,57000,57000,54500,57000,51000,54000,56000,0,1.4025e+08,2.028e+06,2.035e+06,2.035e+06,2.027e+06,2.032e+06,2.029e+06,630078,909375,1.6e+09,8,19168,153,36,19160,689,12,4816,57,324,19184,6215,176,19168,3373,180,4816,866,80,,,,,,,89.2857,34.2342,8.25688,81.6514,93.6364,85.5856
1.48365e+06,57500,57500,54500,57500,51000,54000,56000,0,1.4025e+08,2.037e+06,2.035e+06,2.035e+06,2.031e+06,2.032e+06,2.037e+06,630078,909375,1.6e+09,8,19168,153,36,19160,689,12,4816,57,352,19176,6749,200,19168,3833,196,4816,943,80,,,,,,,87.0588,40,25.5814,85.8824,94.2529,83.7209
1.48442e+06,57000,57000,54500,57000,51000,54000,56000,0,1.4025e+08,2.033e+06,2.035e+06,2.035e+06,2.033e+06,2.039e+06,2.039e+06,630078,909375,1.6e+09,8,19168,153,36,19160,689,12,4816,57,342,19176,6558,192,19168,3680,192,4816,924,80,,,,,,,88.1579,31.1688,12.987,85.7143,94.5946,81.5789
1.48502e+06,57500,57500,54000,57500,51000,54000,56000,0,1.4025e+08,2.036e+06,2.035e+06,2.035e+06,2.03e+06,2.032e+06,2.035e+06,630078,909375,1.6e+09,8,19168,153,36,19160,689,12,4816,57,352,19176,6749,200,19168,3833,192,4816,924,80,,,,,,,86.6667,40,15.2542,81.3559,91.9355,86.4407
1.48644e+06,57500,57500,54500,57500,51000,54000,56000,0,1.4025e+08,2.034e+06,2.035e+06,2.035e+06,2.035e+06,2.035e+06,2.034e+06,630078,917968,1.6e+09,8,19168,153,36,19160,689,12,4816,57,350,19176,6711,196,19168,3756,192,4816,924,80,,,,,,,88.0282,34.0426,15.493,84.507,93.662,83.8028
1.48728e+06,57000,57000,54500,57000,51000,54000,56300,0,1.4025e+08,2.035e+06,2.036e+06,2.035e+06,2.031e+06,2.033e+06,2.038e+06,630078,909375,1.6e+09,8,19168,153,36,19160,689,12,4816,57,346,19176,6634,196,19168,3756,192,4816,924,80,,,,,,,87.0588,36.1446,11.9048,87.0588,92.7711,80
1.48893e+06,57500,57500,54500,57500,51000,54250,56000,0,1.4025e+08,2.035e+06,2.036e+06,2.035e+06,2.035e+06,2.034e+06,2.036e+06,630078,917968,1.6e+09,8,19168,153,36,19160,689,12,4816,57,332,19176,6366,184,19168,3526,184,4816,886,80,,,,,,,88.4848,33.5366,12.1212,80.6061,92.7273,84.8485
1.48937e+06,57000,57000,54500,57000,51000,54000,56000,0,1.4025e+08,1.999e+06,2.035e+06,2.034e+06,1.996e+06,1.998e+06,1.998e+06,630078,898632,1.6e+09,8,19168,153,36,19160,689,12,4816,57,344,19176,6596,192,19168,3680,192,4816,924,80,,,,,,,84.4444,37.7778,23.2558,97.6744,97.6744,79.0698
1.4909e+06,57500,57500,54500,57500,51000,54250,56000,0,1.4025e+08,2.037e+06,2.036e+06,2.034e+06,2.044e+06,2.04e+06,2.038e+06,630078,909375,1.6e+09,8,19168,153,36,19160,689,12,4816,57,348,19176,6673,200,19168,3833,188,4816,905,80,,,,,,,88.8158,36.1842,13.0719,84.8684,92.8105,83.6601
1.49119e+06,57000,57000,54500,57000,51000,54000,56000,0,1.4025e+08,2.034e+06,2.035e+06,2.034e+06,2.034e+06,2.035e+06,2.036e+06,630078,917968,1.6e+09,8,19168,153,36,19160,689,12,4816,57,350,19176,6711,200,19168,3833,192,4816,924,80,,,,,,,80,28.5714,31.0345,70,96.6667,83.3333
1.49208e+06,57000,57000,54500,57000,51000,54000,56000,0,1.4025e+08,2.034e+06,2.034e+06,2.034e+06,2.032e+06,2.035e+06,2.035e+06,630078,909375,1.6e+09,8,19168,153,36,19160,689,12,4816,57,348,19176,6673,196,19168,3756,192,4816,924,80,,,,,,,87.5,34.8315,13.4831,88.5057,93.2584,83.1461
1.49387e+06,57000,57000,54500,57000,51000,54000,56000,0,1.4025e+08,2.027e+06,2.034e+06,2.035e+06,2.026e+06,2.032e+06,2.03e+06,630078,909375,1.6e+09,8,19168,153,36,19168,690,12,4816,38,316,19184,6062,172,19176,3298,180,4816,886,80,,,,,,,86.6667,32.7778,11.6667,81.5642,93.2584,83.8889
1.4943e+06,57000,57000,54500,57000,51000,54000,56000,0,1.4025e+08,2.035e+06,2.035e+06,2.034e+06,2.033e+06,2.034e+06,2.034e+06,630078,917968,1.6e+09,8,19168,153,36,19160,689,12,4816,57,336,19176,6443,188,19168,3603,192,4816,924,80,,,,,,,95.122,40.4762,20,97.619,92.6829,83.3333
1.49577e+06,57500,57500,54500,57500,51000,54000,56000,0,1.4025e+08,2.034e+06,2.036e+06,2.034e+06,2.035e+06,2.035e+06,2.034e+06,630078,917968,1.6e+09,8,19168,153,36,19160,689,12,4816,57,344,19176,6596,196,19168,3756,188,4816,905,80,,,,,,,87.9195,36.3014,14.7651,82.3129,93.9189,84.3537
1.49698e+06,57500,57500,54500,57500,51000,54000,55800,0,1.4025e+08,2.034e+06,2.035e+06,2.036e+06,2.033e+06,2.036e+06,2.036e+06,630078,909375,1.6e+09,8,19168,153,36,19160,689,12,4816,57,342,19176,6558,192,19168,3680,192,4816,924,80,,,,,,,85.8333,33.0579,16.5289,86.7769,94.1667,81.9672
1.4974e+06,57500,57500,54500,57500,51000,54000,55800,0,1.4025e+08,2.034e+06,2.035e+06,2.035e+06,2.035e+06,2.034e+06,2.036e+06,630078,909375,1.6e+09,8,19168,153,36,19160,689,12,4816,57,348,19176,6673,196,19168,3756,192,4816,924,80,,,,,,,85.7143,39.0244,19.5122,73.8095,92.8571,85.3659
1.49891e+06,57500,57500,54500,57500,51000,54000,56300,0,1.4025e+08,2.032e+06,2.035e+06,2.035e+06,2.029e+06,2.035e+06,2.036e+06,630078,909375,1.6e+09,8,19168,153,36,19160,689,12,4816,57,340,19176,6519,188,19168,3603,192,4816,924,80,,,,,,,88.8158,32.8947,14.5695,85.3333,94.0789,82.8947
1.49901e+06,57000,57000,54500,57000,51000,54000,56300,0,1.4025e+08,2.033e+06,2.034e+06,2.035e+06,2.026e+06,2.03e+06,2.031e+06,630078,909375,1.6e+09,8,19168,153,36,19160,689,12,4816,57,346,19176,6634,196,19168,3680,192,4816,924,80,,,,,,,81.8182,63.6364,0,100,81.8182,80
1.50087e+06,57500,57500,54500,57500,51000,54000,56000,0,1.4025e+08,2.035e+06,2.037e+06,2.035e+06,2.035e+06,2.035e+06,2.035e+06,630078,917968,1.6e+09,8,19168,153,36,19160,689,12,4816,57,352,19176,6749,200,19168,3833,192,4816,924,80,,,,,,,87.6344,34.7826,15.6757,82.7957,94.0217,84.3243
1.50153e+06,57000,57000,54500,57000,51000,54250,56300,0,1.4025e+08,2.035e+06,2.035e+06,2.036e+06,2.032e+06,2.04e+06,2.036e+06,630078,909375,1.6e+09,8,19168,153,36,19160,689,12,4816,57,346,19176,6634,196,19168,3756,192,4816,924,80,,,,,,,87.6923,35.8209,12.1212,83.3333,92.5373,83.5821
1.5025e+06,57000,57000,54500,57000,51000,54250,56300,0,1.4025e+08,2.035e+06,2.035e+06,2.035e+06,2.031e+06,2.033e+06,2.03e+06,630078,909375,1.6e+09,8,19168,153,36,19160,689,12,4816,57,342,19176,6558,192,19168,3680,192,4816,924,80,,,,,,,88.5417,33.6842,12.5,88.4211,93.75,82.4742
1.50343e+06,57000,57000,54500,57000,51000,54250,56000,0,1.4025e+08,2.035e+06,2.035e+06,2.035e+06,2.034e+06,2.036e+06,2.04e+06,630078,909375,1.6e+09,8,19168,153,36,19160,689,12,4816,57,332,19176,6366,184,19168,3526,184,4816,886,80,,,,,,,88.4211,33.3333,10.8696,77.4194,92.3913,85.8696
1.50479e+06,57500,57500,54500,57500,51000,54000,56000,0,1.4025e+08,2.034e+06,2.035e+06,2.035e+06,2.029e+06,2.039e+06,2.039e+06,630078,909375,1.6e+09,8,19168,153,36,19160,689,12,4816,57,334,19176,6404,188,19168,3603,184,4816,886,80,,,,,,,87.4074,35.2941,14.8148,83.9416,93.3824,83.2117
1.5054e+06,57000,57000,54500,57000,51000,54000,56000,0,1.4025e+08,2.035e+06,2.035e+06,2.034e+06,2.034e+06,2.035e+06,2.034e+06,630078,917968,1.6e+09,8,19168,153,36,19160,689,12,4816,57,346,19176,6634,196,19168,3756,188,4816,905,80,,,,,,,88.5246,39.3443,16.3934,95,95.082,80
1.50602e+06,57000,57000,54000,57000,51000,54250,56000,0,1.4025e+08,2.035e+06,2.033e+06,2.035e+06,2.035e+06,2.033e+06,2.034e+06,630078,917968,1.6e+09,8,19168,153,36,19160,689,12,4816,57,336,19176,6443,184,19168,3526,192,4816,924,80,,,,,,,85.7143,27.8689,16.129,85.7143,91.9355,82.5397
1.50758e+06,57500,57500,54500,57500,51000,54250,56000,0,1.4025e+08,2.036e+06,2.035e+06,2.035e+06,2.033e+06,2.039e+06,2.042e+06,630078,909375,1.6e+09,8,19168,153,36,19160,689,12,4816,57,332,19176,6366,184,19168,3526,184,4816,886,80,,,,,,,87.8205,34.6154,12.2581,79.8701,93.5897,84.6154
1.50818e+06,57500,57500,54500,57500,51000,54000,56000,0,1.4025e+08,2.037e+06,2.035e+06,2.035e+06,2.033e+06,2.042e+06,2.042e+06,630078,909375,1.6e+09,8,19168,153,36,19160,689,12,4816,57,344,19176,6596,196,19168,3756,188,4816,905,80,,,,,,,88.5246,40,16.6667,90,94.9153,81.3559
1.50939e+06,57000,57000,54500,57000,51000,54000,56300,0,1.4025e+08,2.034e+06,2.035e+06,2.035e+06,2.032e+06,2.038e+06,2.039e+06,630078,909375,1.6e+09,8,19168,153,36,19160,689,12,4816,57,342,19176,6558,192,19168,3680,192,4816,924,80,,,,,,,85.8333,33.0579,16.3934,86.7769,94.2149,81.9672
1.51002e+06,57000,57000,54500,57000,51000,54000,56000,0,1.4025e+08,2.033e+06,2.035e+06,2.036e+06,2.032e+06,2.034e+06,2.032e+06,630078,909375,1.6e+09,8,19168,153,36,19160,689,12,4816,57,344,19176,6596,192,19168,3680,192,4816,924,80,,,,,,,85.7143,35.4839,18.0328,82.2581,92.1875,82.2581
1.51176e+06,57000,57000,54500,57000,51000,54000,56000,0,1.4025e+08,2.037e+06,2.035e+06,2.035e+06,2.034e+06,2.041e+06,2.038e+06,630078,909375,1.6e+09,8,19168,153,36,19160,689,12,4816,57,328,19184,6292,180,19168,3450,184,4816,866,80,,,,,,,89.1429,32.7586,12,81.6092,93.1034,85.1429
1.51208e+06,56500,56500,54000,56500,51000,54250,56000,0,1.4025e+08,2.031e+06,2.034e+06,2.034e+06,2.037e+06,2.03e+06,2.035e+06,630078,909375,1.6e+09,8,19168,153,36,19160,689,12,4816,57,342,19176,6558,192,19168,3680,192,4816,924,80,,,,,,,80.6452,43.75,31.25,96.875,96.7742,71.875
1.51381e+06,57000,57000,54500,57000,51000,54000,56300,0,1.4025e+08,2.037e+06,2.035e+06,2.035e+06,2.038e+06,2.037e+06,2.042e+06,630078,909375,1.6e+09,8,19168,153,36,19160,689,12,4816,57,330,19176,6328,184,19168,3526,184,4816,886,80,,,,,,,89.0173,33.526,12.1387,82.0809,93.0636,85.5491
1.51442e+06,57500,57500,54500,57500,51000,54000,56300,0,1.4025e+08,1.998e+06,2.036e+06,2.035e+06,1.998e+06,1.999e+06,1.998e+06,630078,898632,1.6e+09,8,19168,153,36,19160,689,12,4816,57,342,19176,6519,192,19168,3680,184,4816,886,80,,,,,,,87.0968,40,15.2542,86.6667,95,81.6667
1.5155e+06,57000,57000,54500,57000,51000,54250,56000,0,1.4025e+08,2.034e+06,2.035e+06,2.035e+06,2.035e+06,2.035e+06,2.034e+06,630078,917968,1.6e+09,8,19168,153,36,19160,689,12,4816,57,336,19176,6443,184,19168,3526,192,4816,924,80,,,,,,,85.1852,31.4815,18.3486,87.037,92.6606,79.8165
1.51683e+06,57500,57500,54500,57500,51000,54000,56000,0,1.4025e+08,2.038e+06,2.036e+06,2.035e+06,2.042e+06,2.043e+06,2.042e+06,630078,909375,1.6e+09,8,19168,153,36,19160,689,12,4816,57,344,19176,6596,192,19168,3680,192,4816,924,80,,,,,,,88.6364,34.8485,15.0376,83.3333,94.697,85.7143
1.51786e+06,57500,57500,54500,57500,51000,54000,56000,0,1.4025e+08,1.998e+06,2.034e+06,2.035e+06,1.997e+06,1.999e+06,1.996e+06,630078,898632,1.6e+09,8,19168,153,36,19160,689,12,4816,57,342,19176,6558,196,19168,3756,188,4816,905,80,,,,,,,89.3204,37.8641,9.80392,83.3333,92.233,84.3137
1.51878e+06,57000,57000,54500,57000,51000,54000,56000,0,1.4025e+08,2.037e+06,2.035e+06,2.035e+06,2.04e+06,2.039e+06,2.035e+06,630078,909375,1.6e+09,8,19168,153,36,19160,689,12,4816,57,342,19176,6558,192,19168,3680,192,4816,924,80,,,,,,,83.6957,33.6957,18.4783,83.5165,93.4066,81.7204
1.51976e+06,57000,57000,54500,57000,51000,54000,56000,0,1.4025e+08,2.034e+06,2.035e+06,2.035e+06,2.032e+06,2.038e+06,2.036e+06,630078,909375,1.6e+09,8,19168,153,36,19160,689,12,4816,57,340,19176,6519,188,19168,3603,192,4816,924,80,,,,,,,88.7755,32.9897,14.2857,88.8889,93.9394,82.8283
1.52022e+06,57500,57500,54500,57500,51000,54000,56300,0,1.4025e+08,2.039e+06,2.035e+06,2.034e+06,2.036e+06,2.038e+06,2.041e+06,630078,909375,1.6e+09,8,19168,153,36,19160,689,8,4816,38,352,19176,6749,200,19168,3833,196,4816,943,80,,,,,,,87.234,38.2979,21.7391,76.5957,95.6522,86.9565
1.52167e+06,57000,57000,54500,57000,51000,54000,56000,187,1.4025e+08,1.999e+06,2.034e+06,2.035e+06,1.997e+06,1.997e+06,1.998e+06,630078,898632,1.6e+09,8,19168,153,36,19160,689,12,4816,57,342,19176,6558,192,19168,3680,192,4816,924,80,,,,,,,87.5862,33.1034,13.7931,84.8276,93.75,82.7586
1.52295e+06,57500,57500,54500,57500,51000,54250,56000,0,1.4025e+08,2.031e+06,2.035e+06,2.034e+06,2.031e+06,2.035e+06,2.039e+06,630078,909375,1.6e+09,8,19168,153,36,19160,689,12,4816,57,354,19176,6788,200,19168,3833,196,4816,943,80,,,,,,,86.8217,37.3016,15.748,84.127,92.9134,83.5938
1.52331e+06,57000,57000,54500,57000,51000,54000,56000,0,1.4025e+08,2.038e+06,2.036e+06,2.033e+06,2.04e+06,2.041e+06,2.045e+06,630078,909375,1.6e+09,8,19168,153,36,19160,689,12,4816,57,344,19176,6596,196,19168,3756,192,4816,924,80,,,,,,,91.4286,33.3333,2.77778,97.2222,91.4286,82.3529
1.52454e+06,57000,57000,54500,57000,51000,54000,56000,0,1.4025e+08,2.034e+06,2.035e+06,2.034e+06,2.033e+06,2.033e+06,2.033e+06,630078,909375,1.6e+09,8,19168,153,36,19160,689,12,4816,57,346,19176,6634,196,19168,3756,192,4816,924,80,,,,,,,86.1789,34.4262,16.9355,82.9268,94.3548,82.2581
1.52525e+06,57000,57000,54500,57000,51000,54250,56000,0,1.4025e+08,2.031e+06,2.035e+06,2.035e+06,2.032e+06,2.032e+06,2.032e+06,630078,909375,1.6e+09,8,19168,153,36,19160,689,12,4816,57,344,19176,6596,192,19168,3680,192,4816,924,80,,,,,,,87.5,35.2113,14.0845,84.507,92.9577,84.507
1.52607e+06,57000,57000,54500,57000,51000,54000,56000,0,1.4025e+08,2.035e+06,2.034e+06,2.035e+06,2.034e+06,2.034e+06,2.036e+06,630078,917968,1.6e+09,8,19168,153,36,19160,689,12,4816,57,344,19176,6634,196,19168,3756,188,4816,905,80,,,,,,,90.2439,36.1446,12.1951,86.4198,92.7711,84.1463
1.52752e+06,57000,57000,54500,57000,51000,54250,56000,0,1.4025e+08,2.034e+06,2.036e+06,2.035e+06,2.034e+06,2.035e+06,2.035e+06,630078,917968,1.6e+09,8,19168,153,36,19160,689,12,4816,57,342,19176,6558,192,19168,3680,188,4816,905,80,,,,,,,87.5862,34.7222,13.1944,80.5556,93.7063,83.4483
1.52864e+06,56500,56500,54500,56500,51000,54250,56000,0,1.4025e+08,2.037e+06,2.035e+06,2.036e+06,2.04e+06,2.039e+06,2.038e+06,630078,909375,1.6e+09,8,19168,153,36,19160,689,12,4816,57,342,19176,6558,192,19168,3680,192,4816,924,80,,,,,,,85.7143,33.3333,18.75,86.8421,93.75,81.25
1.52999e+06,57000,57000,54500,57000,51000,54000,56000,0,1.4025e+08,2.03e+06,2.034e+06,2.034e+06,2.03e+06,2.037e+06,2.038e+06,630078,909375,1.6e+09,8,19168,153,36,19160,689,12,4816,57,338,19176,6481,188,19168,3603,192,4816,924,80,,,,,,,86.7647,33.3333,14.8148,83.5821,93.3333,83.0882
1.53053e+06,57000,57000,54500,57000,51000,54250,56000,0,1.4025e+08,2.032e+06,2.034e+06,2.035e+06,2.034e+06,2.035e+06,2.034e+06,630078,909375,1.6e+09,8,19168,153,36,19160,689,12,4816,57,352,19176,6788,200,19168,3910,196,4816,943,80,,,,,,,88.6792,41.8182,18.5185,79.6296,94.4444,88.6792
1.53152e+06,57000,57000,54500,57000,51000,54250,56300,0,1.4025e+08,2.035e+06,2.034e+06,2.036e+06,2.033e+06,2.037e+06,2.037e+06,630078,909375,1.6e+09,8,19168,153,36,19160,689,12,4816,57,338,19176,6481,188,19168,3603,192,4816,924,80,,,,,,,89.899,30.9278,11.2245,89.7959,93.9394,82.8283
1.53252e+06,57000,57000,54500,57000,51000,54250,56000,0,1.4025e+08,2.035e+06,2.035e+06,2.034e+06,2.034e+06,2.034e+06,2.035e+06,630078,917968,1.6e+09,8,19168,153,36,19160,689,12,4816,57,322,19184,6177,176,19168,3373,184,4816,886,80,,,,,,,85.1485,32.3232,11,78.7879,93,82
1.53302e+06,57500,57500,54500,57500,51000,54000,56000,0,1.4025e+08,2.034e+06,2.035e+06,2.035e+06,2.035e+06,2.035e+06,2.034e+06,630078,917968,1.6e+09,8,19168,153,36,19160,689,12,4816,57,344,19176,6596,196,19168,3756,188,4816,905,80,,,,,,,94,46,16,90.1961,92.1569,86.2745
1.53494e+06,57000,57000,54500,57000,51000,54000,56000,0,1.4025e+08,2.035e+06,2.035e+06,2.034e+06,2.034e+06,2.036e+06,2.035e+06,630078,917968,1.6e+09,8,19168,153,36,19160,689,12,4816,57,340,19176,6519,188,19168,3603,192,4816,924,80,,,,,,,86.5285,33.8542,15.7068,85.4167,94.2408,83.3333
1.53531e+06,57000,57000,54500,57000,51000,54000,56000,0,1.4025e+08,2.035e+06,2.034e+06,2.035e+06,2.036e+06,2.034e+06,2.033e+06,630078,917968,1.6e+09,8,19168,153,36,19160,689,12,4816,57,332,19176,6366,184,19168,3526,188,4816,905,80,,,,,,,83.3333,33.3333,11.1111,71.4286,91.4286,80.5556
1.53642e+06,57000,57000,54500,57000,51000,54000,55800,0,1.4025e+08,2.036e+06,2.035e+06,2.035e+06,2.035e+06,2.034e+06,2.035e+06,630078,917968,1.6e+09,8,19168,153,36,19160,689,12,4816,57,344,19176,6596,196,19168,3756,188,4816,905,80,,,,,,,90,36.9369,13.5135,89.1892,92.8571,83.7838
1.53796e+06,57000,57000,54500,57000,51000,54000,56000,0,1.4025e+08,2.035e+06,2.035e+06,2.035e+06,2.035e+06,2.035e+06,2.036e+06,630078,917968,1.6e+09,8,19168,153,36,19160,689,12,4816,57,328,19176,6289,180,19168,3450,184,4816,886,80,,,,,,,87.7419,33.1169,14.2857,79.8701,93.5065,85.0649
1.53888e+06,57500,57500,54500,57500,51000,54250,56000,0,1.4025e+08,1.998e+06,2.035e+06,2.034e+06,1.996e+06,1.999e+06,1.999e+06,630078,898632,1.6e+09,8,19168,153,36,19160,689,12,4816,57,346,19176,6634,196,19168,3756,192,4816,924,80,,,,,,,85.8696,35.8696,20.6522,86.9565,94.6237,81.7204
1.5396e+06,57500,57500,54500,57500,51000,54000,56000,0,1.4025e+08,2.034e+06,2.035e+06,2.034e+06,2.035e+06,2.034e+06,2.034e+06,630078,917968,1.6e+09,8,19168,153,36,19160,689,12,4816,57,344,19176,6596,192,19168,3680,192,4816,924,80,,,,,,,87.5,33.3333,14.0845,84.7222,94.3662,83.3333
1.54036e+06,57000,57000,54500,57000,51000,54000,56000,0,1.4025e+08,2.035e+06,2.035e+06,2.035e+06,2.035e+06,2.035e+06,2.035e+06,630078,917968,1.6e+09,8,19168,153,36,19160,689,12,4816,57,340,19176,6519,188,19168,3603,192,4816,924,80,,,,,,,85.5263,35.1351,14.4737,85.5263,92,78.6667
1.5419e+06,57000,57000,54500,57000,51000,54000,56000,0,1.4025e+08,2.034e+06,2.033e+06,2.033e+06,2.034e+06,2.035e+06,2.035e+06,630078,917968,1.6e+09,8,19168,153,36,19160,689,12,4816,57,334,19176,6404,184,19168,3526,192,4816,924,80,,,,,,,88.961,35.0649,12.987,85.7143,92.8571,83.7662
1.54237e+06,57000,57000,54500,57000,51000,54000,56000,0,1.4025e+08,2.034e+06,2.033e+06,2.035e+06,2.033e+06,2.041e+06,2.039e+06,630078,909375,1.6e+09,8,19168,153,36,19160,689,12,4816,57,344,19176,6596,192,19168,3680,192,4816,924,80,,,,,,,87.234,34.0426,21.2766,78.2609,97.8723,87.5
1.54343e+06,57500,57500,54500,57500,51000,54000,56000,0,1.4025e+08,1.998e+06,2.037e+06,2.035e+06,2.059e+06,2.035e+06,2.035e+06,630078,917968,1.6e+09,8,19168,153,36,19160,689,12,4816,57,334,19176,6404,188,19168,3603,184,4816,886,80,,,,,,,87.8505,36.7925,10.2804,80.1887,91.5094,84.9057
1.54471e+06,57000,57000,54500,57000,51000,54250,55800,0,1.4025e+08,2.035e+06,2.034e+06,2.035e+06,2.04e+06,2.038e+06,2.038e+06,630078,909375,1.6e+09,8,19168,153,36,19160,689,12,4816,57,346,19176,6634,196,19168,3756,188,4816,905,80,,,,,,,87.5969,36.7188,15.625,89.7638,93.75,81.3953
1.54578e+06,57000,57000,54500,57000,51000,54000,55800,0,1.4025e+08,1.998e+06,2.034e+06,2.035e+06,1.998e+06,1.998e+06,1.996e+06,630078,898632,1.6e+09,8,19168,153,36,19160,689,12,4816,57,346,19176,6634,196,19168,3756,192,4816,924,80,,,,,,,85.9813,31.1321,17.9245,81.1321,95.3271,84.9057
1.54693e+06,57000,57000,54000,57000,51000,54000,56000,187,1.4025e+08,2.035e+06,2.035e+06,2.035e+06,2.035e+06,2.034e+06,2.034e+06,630078,917968,1.6e+09,8,19168,153,36,19160,689,12,4816,57,328,19184,6292,180,19168,3450,184,4816,886,80,,,,,,,88.5965,34.7826,9.56522,81.8966,92.1739,84.2105
1.54754e+06,57500,57500,54500,57500,51000,54000,56000,0,1.4025e+08,1.999e+06,2.034e+06,2.034e+06,1.998e+06,1.998e+06,1.996e+06,630078,898632,1.6e+09,8,19168,153,36,19160,689,12,4816,57,340,19176,6519,192,19168,3680,188,4816,905,80,,,,,,,88.7097,38.3333,15,85.2459,95,82.2581
1.54864e+06,57000,57000,54500,57000,51000,54000,56000,0,1.4025e+08,2.034e+06,2.034e+06,2.033e+06,2.039e+06,2.034e+06,2.035e+06,630078,909375,1.6e+09,8,19168,153,36,19160,689,12,4816,57,338,19176,6481,188,19168,3603,192,4816,924,80,,,,,,,84.4037,32.7273,18.3486,87.963,93.6364,80
1.54971e+06,57000,57000,54000,57000,51000,54000,55800,0,1.4025e+08,1.998e+06,2.035e+06,2.035e+06,1.997e+06,2.001e+06,1.999e+06,630078,898632,1.6e+09,8,19168,153,36,19160,689,8,4816,38,328,19184,6253,180,19168,3450,184,4816,886,80,,,,,,,90.6542,34.5794,10.2804,79.6296,92.5234,87.7358
1.5503e+06,57500,57500,54500,57500,51000,54250,55800,0,1.4025e+08,2.035e+06,2.035e+06,2.035e+06,2.04e+06,2.041e+06,2.04e+06,630078,909375,1.6e+09,8,19168,153,36,19160,689,12,4816,57,340,19176,6519,192,19168,3680,188,4816,905,80,,,,,,,88.3333,38.9831,15.5172,86.2069,94.9153,80
1.55186e+06,57000,57000,54500,57000,51000,54000,56000,0,1.4025e+08,2.034e+06,2.035e+06,2.036e+06,2.034e+06,2.034e+06,2.034e+06,630078,917968,1.6e+09,8,19168,153,36,19160,689,12,4816,57,330,19184,6328,180,19168,3450,188,4816,905,80,,,,,,,84.6154,33.3333,15.2866,83.9744,93.5484,82.0513
1.55238e+06,57500,57500,54500,57500,51000,54000,56000,0,1.4025e+08,2.033e+06,2.036e+06,2.035e+06,2.034e+06,2.034e+06,2.04e+06,630078,909375,1.6e+09,8,19168,153,36,19160,689,12,4816,57,340,19176,6519,192,19168,3680,188,4816,905,80,,,,,,,94.2308,41.1765,13.7255,84.3137,94.2308,88.2353
1.55325e+06,56500,56500,54500,56500,51000,54000,56000,0,1.4025e+08,2.035e+06,2.035e+06,2.035e+06,2.039e+06,2.04e+06,2.033e+06,630078,909375,1.6e+09,8,19168,153,36,19160,689,12,4816,57,334,19176,6404,184,19168,3603,188,4816,905,80,,,,,,,83.908,32.9545,17.0455,85.0575,93.1818,81.8182
1.55417e+06,57000,57000,54500,57000,51000,54000,56000,0,1.4025e+08,1.998e+06,2.035e+06,2.035e+06,1.998e+06,1.999e+06,1.999e+06,630078,898632,1.6e+09,8,19168,153,36,19160,689,12,4816,57,340,19176,6519,192,19168,3680,192,4816,924,80,,,,,,,88.0435,34.4444,16.6667,87.9121,93.4066,81.5217
1.55591e+06,57000,57000,54000,57000,51000,54250,56000,0,1.4025e+08,2.034e+06,2.035e+06,2.035e+06,2.034e+06,2.035e+06,2.035e+06,630078,909375,1.6e+09,8,19168,153,36,19160,689,12,4816,57,328,19176,6292,180,19168,3450,184,4816,886,80,,,,,,,89.0805,34.2857,11.5607,81.7143,93.1034,85.7143
1.5565e+06,57500,57500,54500,57500,51000,54000,56000,0,1.4025e+08,2.038e+06,2.034e+06,2.036e+06,2.03e+06,2.038e+06,2.039e+06,630078,909375,1.6e+09,8,19168,153,36,19160,689,12,4816,57,342,19176,6558,192,19168,3680,188,4816,905,80,,,,,,,88.1356,40.678,16.9492,86.4407,94.8276,79.3103
1.55724e+06,57000,57000,54500,57000,51000,54250,56000,0,1.4025e+08,2.035e+06,2.034e+06,2.035e+06,2.034e+06,2.033e+06,2.035e+06,630078,917968,1.6e+09,8,19168,153,36,19160,689,12,4816,57,334,19176,6404,184,19168,3526,184,4816,886,80,,,,,,,86.4865,31.5068,13.5135,81.0811,91.8919,85.1351
1.55843e+06,57000,57000,54500,57000,51000,54000,56000,0,1.4025e+08,2.036e+06,2.035e+06,2.034e+06,2.034e+06,2.036e+06,2.035e+06,630078,909375,1.6e+09,8,19168,153,36,19160,689,12,4816,57,338,19176,6481,188,19168,3603,192,4816,924,80,,,,,,,86.6667,34.4538,17.6471,90.678,94.958,82.3529
1.55914e+06,57000,57000,54500,57000,51000,54250,56000,0,1.4025e+08,2.038e+06,2.035e+06,2.034e+06,2.041e+06,2.041e+06,2.041e+06,630078,909375,1.6e+09,8,19168,153,36,19160,689,12,4816,57,334,19176,6404,184,19168,3526,192,4816,924,80,,,,,,,88.8889,34.2857,13.8889,83.0986,91.5493,81.9444
1.56023e+06,57500,57500,54500,57500,51000,54250,56000,0,1.4025e+08,1.999e+06,2.034e+06,2.034e+06,1.998e+06,1.999e+06,1.998e+06,630078,898632,1.6e+09,8,19168,153,36,19160,689,12,4816,57,352,19176,6749,200,19168,3833,196,4816,943,80,,,,,,,86.1111,37.037,18.5185,80.5556,94.4954,85.1852
1.56195e+06,57000,57000,54500,57000,51000,54000,56000,0,1.4025e+08,2.039e+06,2.034e+06,2.034e+06,2.04e+06,2.035e+06,2.04e+06,630078,909375,1.6e+09,8,19168,153,36,19160,689,12,4816,57,346,19176,6634,196,19168,3756,188,4816,905,80,,,,,,,88.4393,35.2601,11.6279,87.2093,93.0233,83.237
1.56266e+06,57000,57000,54500,57000,51000,54250,56000,0,1.4025e+08,2.037e+06,2.035e+06,2.035e+06,2.041e+06,2.042e+06,2.039e+06,630078,909375,1.6e+09,8,19168,153,36,19160,689,12,4816,57,346,19176,6634,196,19168,3756,188,4816,905,80,,,,,,,87.3239,36.2319,14.2857,82.8571,94.2029,82.8571
1.56374e+06,57000,57000,54500,57000,51000,54000,56000,0,1.4025e+08,1.998e+06,2.034e+06,2.034e+06,1.999e+06,1.999e+06,1.998e+06,630078,898632,1.6e+09,8,19168,153,36,19160,689,12,4816,57,346,19176,6634,192,19168,3680,192,4816,924,80,,,,,,,86.9159,31.1927,19.0909,81.4815,94.4954,85.1852
1.56498e+06,57000,57000,54500,57000,51000,54000,56100,135,1.4025e+08,2.038e+06,2.035e+06,2.035e+06,2.041e+06,2.039e+06,2.037e+06,630078,909375,1.6e+09,8,19168,153,36,19160,689,12,4816,57,332,19176,6366,184,19168,3526,188,4816,905,80,,,,,,,85.4839,34.6774,11.4754,82.2581,92.7419,81.4516
1.5656e+06,57000,57000,54500,57000,51000,54000,56000,0,1.4025e+08,2.033e+06,2.034e+06,2.034e+06,2.03e+06,2.035e+06,2.029e+06,630078,909375,1.6e+09,8,19168,153,36,19160,689,12,4816,57,322,19184,6177,176,19168,3373,180,4816,866,80,,,,,,,90.3226,31.1475,9.67742,83.6066,93.4426,85.4839
1.56605e+06,57000,57000,54500,57000,51000,54000,56000,0,1.4025e+08,2.035e+06,2.036e+06,2.035e+06,2.037e+06,2.034e+06,2.03e+06,630078,909375,1.6e+09,8,19168,153,36,19160,689,12,4816,57,334,19176,6404,184,19168,3526,192,4816,924,80,,,,,,,88.8889,40,22.7273,97.7273,91.3043,79.5455
1.56739e+06,57000,57000,54500,57000,51000,54000,56000,0,1.4025e+08,2e+06,2.036e+06,2.035e+06,1.998e+06,1.998e+06,1.999e+06,630078,898632,1.6e+09,8,19168,153,36,19160,689,12,4816,57,338,19176,6481,188,19168,3603,192,4816,924,80,,,,,,,87.5,34.8148,15.5556,84.4444,94.7368,84.3284
1.56856e+06,57000,57000,54500,57000,51000,54000,56000,0,1.4025e+08,2.035e+06,2.035e+06,2.034e+06,2.034e+06,2.034e+06,2.034e+06,630078,909375,1.6e+09,8,19168,153,36,19160,689,12,4816,57,346,19176,6634,196,19168,3756,192,4816,924,80,,,,,,,87.931,35.3448,17.094,81.1966,94.0171,84.7458
1.56993e+06,57000,57000,54500,57000,51000,54000,55800,0,1.4025e+08,1.999e+06,2.035e+06,2.034e+06,1.999e+06,1.998e+06,1.998e+06,630078,898632,1.6e+09,8,19168,153,36,19160,689,12,4816,57,348,19176,6673,196,19168,3756,192,4816,924,80,,,,,,,87.5912,35.0365,13.9706,83.8235,93.3824,83.0882
1.57099e+06,57500,57500,54500,57500,51000,54000,56000,0,1.4025e+08,1.996e+06,2.035e+06,2.034e+06,1.998e+06,1.998e+06,2.001e+06,630078,898632,1.6e+09,8,19168,153,36,19160,689,12,4816,57,342,19176,6558,192,19168,3680,188,4816,905,80,,,,,,,89.6226,36.1905,10.3774,83.1776,93.3962,83.0189
1.57192e+06,57000,57000,54000,57000,51000,54000,55800,0,1.4025e+08,2.03e+06,2.034e+06,2.035e+06,2.034e+06,2.034e+06,2.035e+06,630078,909375,1.6e+09,8,19168,153,36,19160,689,12,4816,57,348,19176,6673,196,19168,3756,192,4816,924,80,,,,,,,84.7826,34.7826,19.5652,84.7826,93.5484,82.6087
1.57283e+06,56500,56500,54500,56500,51000,54000,55800,0,1.4025e+08,2.028e+06,2.035e+06,2.035e+06,2.036e+06,2.038e+06,2.035e+06,630078,909375,1.6e+09,8,19168,153,36,19160,689,12,4816,57,346,19176,6634,196,19168,3756,192,4816,924,80,,,,,,,86.9565,35.1648,12.2222,87.9121,93.3333,81.3187
1.57336e+06,57500,57500,54500,57500,51000,54250,56000,0,1.4025e+08,2.036e+06,2.035e+06,2.036e+06,2.035e+06,2.038e+06,2.042e+06,630078,909375,1.6e+09,8,19168,153,36,19160,689,12,4816,57,350,19176,6711,196,19168,3756,196,4816,943,80,,,,,,,88.8889,32.0755,22.2222,79.2453,94.4444,88.8889
1.57435e+06,56500,56500,54500,56500,51000,54250,55700,0,1.4025e+08,2.034e+06,2.035e+06,2.034e+06,2.04e+06,2.044e+06,2.039e+06,630078,909375,1.6e+09,8,19168,153,36,19160,689,12,4816,57,338,19176,6481,188,19168,3603,192,4816,924,80,,,,,,,88.8889,34.3434,10.101,88.8889,91.9192,81.6327
1.57554e+06,56500,56500,54500,56500,51000,54000,56300,0,1.4025e+08,1.999e+06,2.035e+06,2.035e+06,1.999e+06,1.998e+06,1.999e+06,630078,898632,1.6e+09,8,19168,153,36,19160,689,12,4816,57,336,19176,6443,184,19168,3526,192,4816,924,80,,,,,,,85.5932,33.0508,16.1017,82.2034,94.0678,81.5126
1.57614e+06,57000,57000,54500,57000,51000,54250,56300,0,1.4025e+08,2.038e+06,2.036e+06,2.036e+06,2.033e+06,2.037e+06,2.036e+06,630078,909375,1.6e+09,8,19168,153,36,19160,689,12,4816,57,348,19176,6673,196,19168,3756,196,4816,943,80,,,,,,,90,36.6667,16.6667,81.9672,95,90
1.57728e+06,57000,57000,54500,57000,51000,54250,56000,0,1.4025e+08,2.038e+06,2.035e+06,2.034e+06,2.035e+06,2.041e+06,2.044e+06,630078,909375,1.6e+09,8,19168,153,36,19160,689,12,4816,57,328,19176,6289,180,19168,3450,184,4816,886,80,,,,,,,88.6957,33.913,8.77193,81.4159,92.1053,84.2105
1.57808e+06,57000,57000,54500,57000,51000,54000,56000,0,1.4025e+08,2.035e+06,2.035e+06,2.035e+06,2.035e+06,2.035e+06,2.034e+06,630078,917968,1.6e+09,8,19168,153,36,19160,689,12,4816,57,326,19184,6253,180,19168,3450,184,4816,886,80,,,,,,,83.75,34.1772,16.4557,85.8974,94.9367,79.7468
1.57978e+06,57000,57000,54500,57000,51000,54000,56000,0,1.4025e+08,2.032e+06,2.036e+06,2.036e+06,2.037e+06,2.035e+06,2.033e+06,630078,909375,1.6e+09,8,19168,153,36,19160,689,12,4816,57,342,19176,6558,192,19168,3680,192,4816,924,80,,,,,,,88.2353,35.503,16.4706,87.1345,93.5294,83.0409
1.58098e+06,57000,57000,54500,57000,51000,54000,56000,0,1.4025e+08,2.034e+06,2.034e+06,2.035e+06,2.034e+06,2.036e+06,2.04e+06,630078,909375,1.6e+09,8,19168,153,36,19160,689,12,4816,57,348,19176,6673,196,19168,3756,196,4816,943,80,,,,,,,87.7049,34.4262,15.8333,81.8182,94.2149,85.124
1.58138e+06,57500,57500,54000,57500,51000,54000,56000,0,1.4025e+08,2.03e+06,2.036e+06,2.035e+06,2.032e+06,2.037e+06,2.043e+06,630078,909375,1.6e+09,8,19168,153,36,19160,689,12,4816,57,334,19176,6404,188,19168,3603,184,4816,886,80,,,,,,,89.7436,35.8974,0,74.359,87.5,82.5
1.58264e+06,57000,57000,54500,57000,51000,54000,56000,0,1.4025e+08,2.035e+06,2.035e+06,2.033e+06,2.037e+06,2.035e+06,2.038e+06,630078,909375,1.6e+09,8,19168,153,36,19160,689,12,4816,57,342,19176,6558,192,19168,3680,192,4816,924,80,,,,,,,87.3016,35.2,16.8,91.129,94.3548,82.2581
1.58336e+06,57000,57000,54500,57000,51000,54000,56000,0,1.4025e+08,2.035e+06,2.034e+06,2.033e+06,2.036e+06,2.034e+06,2.036e+06,630078,917968,1.6e+09,8,19168,153,36,19160,689,12,4816,57,346,19176,6634,196,19168,3756,188,4816,905,80,,,,,,,87.5,37.1429,13.6986,83.3333,93.0556,83.5616
1.58463e+06,57000,57000,54500,57000,51000,54000,56000,0,1.4025e+08,1.998e+06,2.033e+06,2.036e+06,1.998e+06,1.998e+06,1.998e+06,630078,898632,1.6e+09,8,19168,153,36,19160,689,12,4816,57,338,19176,6481,188,19168,3603,192,4816,924,80,,,,,,,86.6142,32.0312,15.2,84.8,94.5312,82.6772
1.5858e+06,57000,57000,54500,57000,51000,54000,56000,187,1.4025e+08,1.998e+06,2.035e+06,2.035e+06,1.997e+06,1.998e+06,1.998e+06,630078,898632,1.6e+09,8,19168,153,36,19160,689,12,4816,57,348,19176,6673,196,19168,3756,192,4816,924,80,,,,,,,87.2881,35.0427,16.9492,81.3559,93.9655,84.6154
1.58627e+06,57000,57000,54500,57000,51000,54250,56000,0,1.4025e+08,2.042e+06,2.035e+06,2.034e+06,2.037e+06,2.039e+06,2.041e+06,630078,909375,1.6e+09,8,19168,153,36,19160,689,12,4816,57,326,19184,6253,180,19168,3450,184,4816,886,80,,,,,,,91.4894,30.4348,0,78.2609,89.3617,87.234
1.58713e+06,57000,57000,54500,57000,51000,54250,56000,0,1.4025e+08,1.998e+06,2.034e+06,2.035e+06,1.996e+06,1.997e+06,1.997e+06,630078,898632,1.6e+09,8,19168,153,36,19160,689,12,4816,57,352,19176,6749,200,19168,3833,196,4816,943,80,,,,,,,84.7059,39.5349,23.5294,86.0465,95.2941,81.1765
1.58804e+06,57000,57000,54500,57000,51000,54250,56000,0,1.4025e+08,2.034e+06,2.036e+06,2.036e+06,2.035e+06,2.035e+06,2.034e+06,630078,917968,1.6e+09,8,19168,153,36,19160,689,12,4816,57,344,19176,6596,192,19168,3680,192,4816,924,80,,,,,,,87.9121,32.967,12.0879,87.9121,93.4066,81.3187
1.5897e+06,57000,57000,54500,57000,51000,54250,56000,0,1.4025e+08,1.998e+06,2.035e+06,2.034e+06,1.998e+06,1.999e+06,1.999e+06,630078,898632,1.6e+09,8,19168,153,36,19160,689,12,4816,57,330,19176,6328,184,19168,3526,184,4816,886,80,,,,,,,88.5542,33.3333,11.5152,80.6061,92.7711,85.0299
1.59027e+06,57000,57000,54500,57000,51000,54000,56000,0,1.4025e+08,2.038e+06,2.034e+06,2.035e+06,2.041e+06,2.041e+06,2.043e+06,630078,909375,1.6e+09,8,19168,153,36,19160,689,12,4816,57,348,19176,6673,200,19168,3833,188,4816,905,80,,,,,,,87.7193,42.1053,17.5439,94.6429,94.7368,78.9474
1.59126e+06,57000,57000,54500,57000,51000,54250,56000,0,1.4025e+08,1.998e+06,2.036e+06,2.037e+06,1.998e+06,1.997e+06,1.997e+06,630078,898632,1.6e+09,8,19160,153,36,19160,689,8,4816,38,354,19176,6788,204,19168,3910,196,4816,943,80,,,,,,,84.8485,34.3434,20.202,81.8182,93.9394,83.8384
1.59265e+06,57500,57500,54500,57500,51000,54000,56100,0,1.4025e+08,1.998e+06,2.034e+06,2.036e+06,1.996e+06,1.997e+06,1.998e+06,630078,898632,1.6e+09,8,19168,153,36,19160,689,12,4816,57,352,19176,6749,200,19168,3833,196,4816,943,80,,,,,,,87.6812,34.5324,15.1079,84.1727,93.4783,83.3333
1.59393e+06,57000,57000,54000,57000,51000,54000,56000,0,1.4025e+08,1.997e+06,2.035e+06,2.034e+06,1.998e+06,1.997e+06,1.997e+06,630078,898632,1.6e+09,8,19168,153,36,19168,690,12,4816,57,318,19184,6138,172,19168,3296,184,4816,886,80,,,,,,,86.0465,31.25,8.59375,82.6772,92.9688,82.0312
1.594e+06,57000,57000,54000,57000,51000,54000,56000,0,1.4025e+08,1.997e+06,2.035e+06,2.035e+06,1.998e+06,1.998e+06,1.997e+06,630078,898632,1.6e+09,8,19168,153,36,19160,689,12,4816,57,348,19176,6673,196,19168,3756,192,4816,924,80,,,,,,,100,100,100,100,100,100
1.59562e+06,57000,57000,54500,57000,51000,54000,56000,0,1.4025e+08,1.998e+06,2.035e+06,2.034e+06,1.998e+06,1.999e+06,2.032e+06,630078,917968,1.6e+09,8,19168,153,36,19160,689,12,4816,57,344,19176,6596,192,19168,3680,192,4816,924,80,,,,,,,87.6543,34.1615,13.6646,86.3354,93.8272,82.716
1.59652e+06,57500,57500,54000,57500,51000,54000,56000,0,1.4025e+08,2.038e+06,2.034e+06,2.034e+06,2.033e+06,2.039e+06,2.039e+06,630078,909375,1.6e+09,8,19168,153,36,19160,689,12,4816,57,342,19176,6558,192,19168,3680,188,4816,905,80,,,,,,,91.0112,35.5556,11.1111,79.7753,92.2222,85.5556
1.59705e+06,57000,57000,54000,57000,51000,54000,56000,0,1.4025e+08,2.035e+06,2.035e+06,2.035e+06,2.035e+06,2.035e+06,2.035e+06,630078,917968,1.6e+09,8,19168,153,36,19160,689,12,4816,57,342,19176,6558,188,19168,3603,196,4816,943,80,,,,,,,83.0189,32.6923,19.2308,94.1176,96.1538,81.1321
1.59802e+06,57000,57000,54500,57000,51000,54000,56300,0,1.4025e+08,2.04e+06,2.036e+06,2.035e+06,2.036e+06,2.039e+06,2.041e+06,630078,909375,1.6e+09,8,19168,153,36,19160,689,12,4816,57,326,19184,6253,180,19168,3450,184,4816,886,80,,,,,,,88.6598,32.2917,10.3093,78.3505,91.7526,85.567
1.59909e+06,57000,57000,54000,57000,51000,54000,56000,0,1.4025e+08,1.997e+06,2.034e+06,2.034e+06,1.997e+06,1.997e+06,1.998e+06,630078,898632,1.6e+09,8,19168,153,36,19160,689,12,4816,57,342,19176,6558,192,19168,3680,192,4816,924,80,,,,,,,86.7925,37.3832,18.0952,88.785,94.3396,80.1887
1.60098e+06,57500,57500,54000,57500,51000,54000,55800,0,1.4025e+08,2.035e+06,2.033e+06,2.035e+06,2.034e+06,2.035e+06,2.034e+06,630078,917968,1.6e+09,8,19168,153,36,19160,689,12,4816,57,348,19176,6673,196,19168,3756,192,4816,924,80,,,,,,,87.8947,34.9206,15.873,83.0688,94.1799,84.6561
1.60101e+06,57000,57000,54000,57000,51000,54000,55800,0,1.4025e+08,1.996e+06,2.035e+06,2.035e+06,1.998e+06,1.998e+06,1.998e+06,630078,898632,1.6e+09,8,19168,153,36,19160,689,12,4816,57,344,19176,6596,192,19168,3680,192,4816,924,80,,,,,,,100,0,0,100,100,66.6667
1.602e+06,57500,57500,54000,57500,51000,54000,56000,0,1.4025e+08,2.031e+06,2.035e+06,2.036e+06,2.034e+06,2.041e+06,2.037e+06,630078,909375,1.6e+09,8,19168,153,36,19160,689,12,4816,57,348,19176,6673,200,19168,3833,188,4816,905,80,,,,,,,88.8889,38.3838,11,85.8586,92,82.8283
1.6038e+06,57000,57000,54500,57000,51000,54250,56000,0,1.4025e+08,1.997e+06,2.035e+06,2.035e+06,1.996e+06,1.996e+06,1.997e+06,630078,898632,1.6e+09,8,19168,153,36,19160,689,12,4816,57,338,19176,6481,188,19168,3603,192,4816,924,80,,,,,,,85.7143,32.4022,16.7598,83.9779,93.8889,82.2222
1.60437e+06,57500,57500,54500,57500,51000,54250,56000,0,1.4025e+08,2.039e+06,2.036e+06,2.035e+06,2.03e+06,2.041e+06,2.041e+06,630078,909375,1.6e+09,8,19168,153,36,19160,689,12,4816,57,354,19176,6788,200,19168,3833,196,4816,943,80,,,,,,,89.2857,41.3793,17.5439,80.7018,92.8571,87.5
1.60535e+06,57000,57000,54000,57000,51000,54000,56000,0,1.4025e+08,2.035e+06,2.036e+06,2.036e+06,2.034e+06,2.034e+06,2.035e+06,630078,917968,1.6e+09,8,19168,153,36,19160,689,12,4816,57,336,19176,6443,184,19168,3526,192,4816,924,80,,,,,,,87.8788,30.9278,9.27835,88.7755,93.8144,82
1.60634e+06,57000,57000,54500,57000,51000,54250,56000,0,1.4025e+08,2.027e+06,2.034e+06,2.034e+06,2.027e+06,2.029e+06,2.026e+06,630078,909375,1.6e+09,8,19168,153,36,19160,689,12,4816,57,318,19184,6100,176,19168,3373,184,4816,886,80,,,,,,,85.7143,34.3434,12.8713,77.551,93,82.8283
1.60751e+06,57000,57000,54500,57000,51000,54000,55800,0,1.4025e+08,2.034e+06,2.034e+06,2.035e+06,2.037e+06,2.033e+06,2.035e+06,630078,909375,1.6e+09,8,19168,153,36,19160,689,12,4816,57,348,19176,6673,196,19168,3756,188,4816,905,80,,,,,,,89.6552,39.6552,16.3793,89.6552,93.9655,84.4828
1.60863e+06,57000,57000,54500,57000,51000,54000,56100,0,1.4025e+08,2.035e+06,2.034e+06,2.035e+06,2.036e+06,2.035e+06,2.035e+06,630078,917968,1.6e+09,8,19168,153,36,19160,689,12,4816,57,338,19176,6481,188,19168,3603,192,4816,924,80,,,,,,,85.8407,30.3571,17.1171,82.3009,94.6429,81.4159
1.60941e+06,57000,57000,54500,57000,51000,54000,56000,0,1.4025e+08,1.997e+06,2.035e+06,2.034e+06,1.996e+06,1.997e+06,1.998e+06,630078,898632,1.6e+09,8,19168,153,36,19160,689,12,4816,57,346,19176,6634,196,19168,3756,192,4816,924,80,,,,,,,87.3418,39.7436,13.9241,85.7143,92.4051,84.6154
1.61028e+06,57000,57000,54500,57000,51000,54000,56000,0,1.4025e+08,2.039e+06,2.034e+06,2.035e+06,2.04e+06,2.04e+06,2.04e+06,630078,909375,1.6e+09,8,19168,153,36,19160,689,12,4816,57,348,19176,6673,196,19168,3756,188,4816,905,80,,,,,,,90.6977,36.7816,11.4943,83.908,93.0233,84.8837
1.61161e+06,56500,56500,54500,56500,51000,54000,56000,0,1.4025e+08,2.041e+06,2.034e+06,2.034e+06,2.04e+06,2.037e+06,2.036e+06,630078,909375,1.6e+09,8,19168,153,36,19160,689,12,4816,57,340,19176,6519,192,19168,3680,188,4816,905,80,,,,,,,86.5672,33.0827,15.0376,85.6061,93.9394,82.7068
1.61279e+06,57000,57000,54500,57000,51000,54000,56000,0,1.4025e+08,1.997e+06,2.035e+06,2.034e+06,2e+06,1.999e+06,1.999e+06,630078,898632,1.6e+09,8,19168,153,36,19160,689,12,4816,57,336,19176,6443,188,19168,3603,192,4816,924,80,,,,,,,85.4701,32.4786,17.094,82.2034,93.2773,81.5126
1.61392e+06,57000,57000,54500,57000,51000,54250,55800,0,1.4025e+08,2.031e+06,2.036e+06,2.035e+06,2.027e+06,2.03e+06,2.032e+06,630078,909375,1.6e+09,8,19168,153,36,19168,690,12,4816,57,318,19184,6100,172,19168,3296,180,4816,866,80,,,,,,,87.6106,33.0357,8.92857,81.25,93.6937,85.8407
1.61497e+06,57000,57000,54000,57000,51000,54000,56000,0,1.4025e+08,2.035e+06,2.035e+06,2.035e+06,2.034e+06,2.035e+06,2.035e+06,630078,917968,1.6e+09,8,19168,153,36,19160,689,12,4816,57,340,19176,6519,188,19168,3603,192,4816,924,80,,,,,,,88.6792,38.0952,18.8679,89.5238,94.3396,82.8571
1.61541e+06,57500,57500,54000,57500,51000,54000,56000,0,1.4025e+08,2.035e+06,2.036e+06,2.035e+06,2.033e+06,2.04e+06,2.036e+06,630078,909375,1.6e+09,8,19168,153,36,19160,689,12,4816,57,354,19176,6788,200,19168,3833,192,4816,924,80,,,,,,,86.3636,42.2222,23.2558,75,93.1818,86.6667
1.61672e+06,57000,57000,54000,57000,51000,54000,56000,0,1.4025e+08,2.035e+06,2.035e+06,2.034e+06,2.034e+06,2.035e+06,2.035e+06,630078,917968,1.6e+09,8,19168,153,36,19160,689,12,4816,57,328,19184,6292,180,19168,3450,184,4816,886,80,,,,,,,87.0229,31.5385,10,83.0769,93.0769,82.3077
1.61724e+06,57500,57500,54500,57500,51000,54000,56000,0,1.4025e+08,2.036e+06,2.036e+06,2.034e+06,2.033e+06,2.036e+06,2.032e+06,630078,909375,1.6e+09,8,19168,153,36,19160,689,12,4816,57,338,19176,6481,192,19168,3680,188,4816,905,80,,,,,,,92.3077,40.3846,13.4615,83.0189,94.1176,86.7925
1.61854e+06,57000,57000,54000,57000,51000,54000,56000,0,1.4025e+08,2.034e+06,2.035e+06,2.034e+06,2.034e+06,2.036e+06,2.036e+06,630078,917968,1.6e+09,8,19168,153,36,19160,689,12,4816,57,346,19176,6634,196,19168,3756,188,4816,905,80,,,,,,,87.5969,36.9231,15.3846,89.9225,93.1298,82.3077
1.61976e+06,57000,57000,54500,57000,51000,54000,55800,0,1.4025e+08,2.034e+06,2.035e+06,2.035e+06,2.035e+06,2.034e+06,2.035e+06,630078,909375,1.6e+09,8,19168,153,36,19160,689,12,4816,57,346,19176,6634,196,19168,3756,192,4816,924,80,,,,,,,85.3659,33.3333,15.8333,82.7869,94.2149,81.9672
1.62094e+06,57000,57000,54500,57000,51000,54250,55800,0,1.4025e+08,2.036e+06,2.035e+06,2.035e+06,2.036e+06,2.037e+06,2.041e+06,630078,909375,1.6e+09,8,19168,153,36,19160,689,12,4816,57,352,19176,6749,200,19168,3833,192,4816,924,80,,,,,,,88.0342,35.2941,17.6471,82.2034,93.2203,84.7458
1.62181e+06,57000,57000,54500,57000,51000,54000,56000,0,1.4025e+08,2.034e+06,2.034e+06,2.032e+06,2.036e+06,2.034e+06,2.033e+06,630078,909375,1.6e+09,8,19168,153,36,19160,689,12,4816,57,346,19176,6634,196,19168,3756,192,4816,924,80,,,,,,,86.3636,33.7209,11.6279,87.2093,93.1818,80.4598
1.62202e+06,57500,57500,54000,57500,51000,54000,56000,0,1.4025e+08,1.996e+06,2.034e+06,2.035e+06,1.997e+06,1.998e+06,1.996e+06,630078,898632,1.6e+09,8,19168,153,36,19160,689,12,4816,57,346,19176,6634,196,19168,3756,188,4816,905,80,,,,,,,100,42.8571,0,80.9524,94.7368,95
1.62358e+06,57000,57000,54000,57000,51000,54250,56000,0,1.4025e+08,1.996e+06,2.036e+06,2.035e+06,1.998e+06,1.998e+06,1.996e+06,630078,898632,1.6e+09,8,19168,153,36,19168,690,12,4816,57,318,19184,6100,172,19176,3298,180,4816,866,80,,,,,,,85.443,30.5732,13.2911,81.9355,93.6306,82.1656
1.62473e+06,57000,57000,54500,57000,51000,54000,56000,0,1.4025e+08,1.997e+06,2.035e+06,2.037e+06,1.998e+06,1.999e+06,1.998e+06,630078,898632,1.6e+09,8,19168,153,36,19160,689,12,4816,57,342,19176,6558,192,19168,3680,192,4816,924,80,,,,,,,90.2655,38.9381,18.5841,89.5652,93.0435,84.4828
1.62502e+06,57000,57000,54500,57000,51000,54250,56300,0,1.4025e+08,2.037e+06,2.034e+06,2.034e+06,2.036e+06,2.035e+06,2.036e+06,630078,909375,1.6e+09,8,19168,153,36,19160,689,12,4816,57,336,19176,6443,188,19168,3603,188,4816,905,80,,,,,,,79.3103,31.0345,17.2414,65.5172,96.4286,82.7586
1.62621e+06,57500,57500,54500,57500,51000,54000,56000,0,1.4025e+08,2.031e+06,2.034e+06,2.035e+06,2.026e+06,2.033e+06,2.035e+06,630078,909375,1.6e+09,8,19168,153,36,19160,689,12,4816,57,340,19176,6519,192,19168,3680,184,4816,886,80,,,,,,,89.916,35.5932,12.605,83.3333,93.3333,84.8739
1.62725e+06,57000,57000,54500,57000,51000,54000,56000,0,1.4025e+08,2.031e+06,2.035e+06,2.034e+06,2.029e+06,2.026e+06,2.03e+06,630078,909375,1.6e+09,8,19168,153,36,19160,689,12,4816,57,342,19176,6558,192,19168,3680,192,4816,924,80,,,,,,,85.7143,32.6923,20,87.5,94.1748,81.7308
1.62806e+06,57000,57000,54500,57000,51000,54250,56000,0,1.4025e+08,2.034e+06,2.035e+06,2.035e+06,2.034e+06,2.038e+06,2.038e+06,630078,909375,1.6e+09,8,19168,153,36,19160,689,12,4816,57,342,19176,6558,192,19168,3680,192,4816,924,80,,,,,,,87.6543,37.8049,12.3457,86.4198,92.6829,83.9506
1.62922e+06,57500,57500,54500,57500,51000,54000,56000,0,1.4025e+08,2.032e+06,2.035e+06,2.034e+06,2.035e+06,2.038e+06,2.04e+06,630078,909375,1.6e+09,8,19168,153,36,19160,689,12,4816,57,352,19176,6749,200,19168,3833,196,4816,943,80,,,,,,,87.1795,35.6522,16.5217,81.0345,93.913,84.4828
1.63034e+06,57500,57500,54500,57500,51000,54000,56000,0,1.4025e+08,2.037e+06,2.035e+06,2.035e+06,2.039e+06,2.042e+06,2.046e+06,630078,909375,1.6e+09,8,19168,153,36,19160,689,12,4816,57,344,19176,6596,196,19168,3756,188,4816,905,80,,,,,,,90,35.1351,9.09091,83.7838,93.6937,84.5455
1.63104e+06,57500,57500,54500,57500,51000,54000,56000,0,1.4025e+08,2.033e+06,2.035e+06,2.034e+06,2.032e+06,2.03e+06,2.033e+06,630078,909375,1.6e+09,8,19168,153,36,19160,689,12,4816,57,340,19176,6519,192,19168,3680,184,4816,886,80,,,,,,,87.3239,33.8028,14.0845,82.6087,92.8571,83.3333
1.63223e+06,57000,57000,54000,57000,51000,54000,56000,0,1.4025e+08,2.035e+06,2.036e+06,2.035e+06,2.035e+06,2.034e+06,2.035e+06,630078,917968,1.6e+09,8,19168,153,36,19160,689,12,4816,57,340,19176,6519,188,19168,3603,192,4816,924,80,,,,,,,85.7143,33.6134,16.1017,89.8305,94.1176,82.2034
1.63334e+06,57000,57000,54500,57000,51000,54000,56000,0,1.4025e+08,2.037e+06,2.035e+06,2.034e+06,2.038e+06,2.033e+06,2.036e+06,630078,909375,1.6e+09,8,19168,153,36,19160,689,12,4816,57,350,19176,6749,200,19168,3833,192,4816,924,80,,,,,,,86.4865,37.2727,18.9189,80.1802,92.7928,83.7838
1.63484e+06,57000,57000,54500,57000,51000,54000,56000,0,1.4025e+08,2.033e+06,2.036e+06,2.035e+06,2.026e+06,2.029e+06,2.026e+06,630078,909375,1.6e+09,8,19168,153,36,19160,689,12,4816,57,340,19176,6519,192,19168,3603,192,4816,924,80,,,,,,,88,31.5436,13.4228,85.3333,94,82.6667
1.6356e+06,56500,56500,54500,56500,51000,54000,56000,0,1.4025e+08,2.034e+06,2.034e+06,2.034e+06,2.039e+06,2.038e+06,2.036e+06,630078,909375,1.6e+09,8,19168,153,36,19160,689,12,4816,57,344,19176,6596,192,19168,3680,192,4816,924,80,,,,,,,87.013,38.1579,13.1579,85.5263,93.4211,81.5789
1.63669e+06,57000,57000,54000,57000,51000,54000,56000,0,1.4025e+08,2.033e+06,2.035e+06,2.036e+06,2.028e+06,2.031e+06,2.033e+06,630078,909375,1.6e+09,8,19168,153,36,19160,689,12,4816,57,320,19184,6138,172,19168,3296,180,4816,866,80,,,,,,,87.8505,31.1927,10.0917,80.3738,92.5926,85.3211
1.63718e+06,57000,57000,54500,57000,51000,54000,56000,0,1.4025e+08,2.034e+06,2.034e+06,2.033e+06,2.035e+06,2.039e+06,2.042e+06,630078,909375,1.6e+09,8,19168,153,36,19160,689,12,4816,57,348,19176,6673,196,19168,3756,188,4816,905,80,,,,,,,92,47.9167,20.4082,94,93.8776,83.6735
1.63811e+06,57000,57000,54500,57000,51000,54250,56000,0,1.4025e+08,2.036e+06,2.035e+06,2.035e+06,2.03e+06,2.03e+06,2.033e+06,630078,909375,1.6e+09,8,19168,153,36,19160,689,12,4816,57,328,19184,6292,180,19168,3450,184,4816,886,80,,,,,,,83.871,29.3478,14.1304,79.3478,93.5484,82.7957
1.63932e+06,57000,57000,54500,57000,51000,54000,56000,0,1.4025e+08,2.033e+06,2.034e+06,2.035e+06,2.036e+06,2.039e+06,2.039e+06,630078,909375,1.6e+09,8,19168,153,36,19160,689,12,4816,57,342,19176,6558,192,19168,3680,188,4816,905,80,,,,,,,91.5966,37.1901,14.0496,83.3333,94.1667,85.8333
1.64059e+06,56500,56500,54500,56500,51000,54000,56000,0,1.4025e+08,1.997e+06,2.035e+06,2.035e+06,1.997e+06,1.999e+06,2.001e+06,630078,898632,1.6e+09,8,19168,153,36,19160,689,12,4816,57,338,19176,6481,188,19168,3603,192,4816,924,80,,,,,,,86.7188,33.3333,15.748,89.0625,92.9134,81.746
1.64139e+06,57500,57500,54500,57500,51000,54000,56000,0,1.4025e+08,2.035e+06,2.035e+06,2.034e+06,2.034e+06,2.035e+06,2.036e+06,630078,917968,1.6e+09,8,19168,153,36,19160,689,12,4816,57,340,19176,6519,192,19168,3680,188,4816,905,80,,,,,,,88.75,36.25,12.5,77.5,93.8272,85.3659
1.64293e+06,56500,56500,54500,56500,51000,54000,56000,0,1.4025e+08,1.997e+06,2.035e+06,2.034e+06,1.999e+06,1.998e+06,1.998e+06,630078,898632,1.6e+09,8,19168,153,36,19160,689,12,4816,57,324,19184,6215,176,19168,3373,184,4816,886,80,,,,,,,85.1613,32.4675,14.3791,84.4156,93.4641,81.6993
1.64337e+06,57000,57000,54000,57000,51000,54000,56000,0,1.4025e+08,2.038e+06,2.035e+06,2.034e+06,2.033e+06,2.035e+06,2.035e+06,630078,909375,1.6e+09,8,19168,153,36,19160,689,12,4816,57,346,19176,6634,196,19168,3756,188,4816,905,80,,,,,,,93.3333,44.4444,18.1818,100,93.1818,86.6667
1.6443e+06,56500,56500,54500,56500,51000,54000,56000,0,1.4025e+08,2.034e+06,2.035e+06,2.034e+06,2.035e+06,2.036e+06,2.035e+06,630078,917968,1.6e+09,8,19168,153,36,19160,689,12,4816,57,324,19184,6215,176,19168,3373,184,4816,886,80,,,,,,,84.7826,30.1075,12.766,76.5957,93.617,81.9149
1.6459e+06,57000,57000,54500,57000,51000,54000,55800,0,1.4025e+08,2.033e+06,2.036e+06,2.034e+06,2.029e+06,2.032e+06,2.035e+06,630078,909375,1.6e+09,8,19168,153,36,19160,689,12,4816,57,334,19176,6404,184,19168,3526,192,4816,924,80,,,,,,,87.4214,34.5912,17.0886,86.7089,93.7107,82.3899
1.64679e+06,57000,57000,54500,57000,51000,54000,55800,0,1.4025e+08,1.996e+06,2.035e+06,2.034e+06,2e+06,1.999e+06,1.999e+06,630078,898632,1.6e+09,8,19168,153,36,19160,689,12,4816,57,336,19176,6443,188,19168,3603,192,4816,924,80,,,,,,,90,36.7816,12.2222,86.5169,93.1818,85.2273
1.64702e+06,57000,57000,54500,57000,51000,54000,56000,0,1.4025e+08,2.033e+06,2.035e+06,2.035e+06,2.027e+06,2.029e+06,2.027e+06,630078,909375,1.6e+09,8,19168,153,36,19160,689,12,4816,57,324,19184,6215,176,19168,3373,184,4816,886,80,,,,,,,86.3636,21.7391,0,59.0909,91.6667,91.3043
1.64814e+06,57000,57000,54500,57000,51000,54000,56000,0,1.4025e+08,2.032e+06,2.034e+06,2.036e+06,2.029e+06,2.034e+06,2.032e+06,630078,909375,1.6e+09,8,19168,153,36,19160,689,12,4816,57,338,19176,6481,184,19168,3526,192,4816,924,80,,,,,,,87.6106,35.7143,18.9189,89.2857,93.75,82.1429
1.64933e+06,57000,57000,54500,57000,51000,54000,56000,0,1.4025e+08,2.039e+06,2.036e+06,2.034e+06,2.033e+06,2.038e+06,2.039e+06,630078,909375,1.6e+09,8,19168,153,36,19160,689,12,4816,57,342,19176,6558,192,19168,3680,192,4816,924,80,,,,,,,87.395,34.7458,16.8067,81.5126,94.9153,84.0336
1.65077e+06,57000,57000,54500,57000,51000,54000,56000,0,1.4025e+08,2.03e+06,2.035e+06,2.033e+06,2.034e+06,2.033e+06,2.035e+06,630078,909375,1.6e+09,8,19168,153,36,19160,689,12,4816,57,342,19176,6558,192,19168,3680,192,4816,924,80,,,,,,,86.2069,35.8621,13.8889,85.4167,93.1034,82.6389
1.65107e+06,57000,57000,54000,57000,51000,54000,56000,0,1.4025e+08,2.034e+06,2.035e+06,2.034e+06,2.035e+06,2.036e+06,2.035e+06,630078,917968,1.6e+09,8,19168,153,36,19160,689,12,4816,57,336,19176,6443,188,19168,3603,188,4816,905,80,,,,,,,93.3333,36.6667,0,70,89.6552,93.5484
1.65213e+06,56500,56500,54500,56500,51000,54000,55700,0,1.4025e+08,1.999e+06,2.035e+06,2.035e+06,1.996e+06,1.997e+06,1.999e+06,630078,898632,1.6e+09,8,19168,153,36,19160,689,12,4816,57,338,19176,6481,188,19168,3603,192,4816,924,80,,,,,,,85.7143,33.3333,18.0952,88.6792,94.3396,80
1.65379e+06,57500,57500,54000,57500,51000,54000,56000,0,1.4025e+08,2.034e+06,2.035e+06,2.034e+06,2.04e+06,2.041e+06,2.045e+06,630078,909375,1.6e+09,8,19168,153,36,19160,689,12,4816,57,342,19176,6558,192,19168,3680,188,4816,905,80,,,,,,,89.2216,36.3636,12.1212,83.0303,93.3333,84.8485
1.65466e+06,57000,57000,54500,57000,51000,54000,56000,0,1.4025e+08,2.033e+06,2.035e+06,2.035e+06,2.035e+06,2.035e+06,2.034e+06,630078,917968,1.6e+09,8,19168,153,36,19160,689,12,4816,57,324,19184,6215,176,19168,3373,184,4816,886,80,,,,,,,83.908,29.0698,14.7727,82.5581,93.1034,81.6092
1.65586e+06,57500,57500,54500,57500,51000,54250,56000,0,1.4025e+08,2.034e+06,2.035e+06,2.035e+06,2.035e+06,2.035e+06,2.034e+06,630078,909375,1.6e+09,8,19168,153,36,19160,689,12,4816,57,342,19176,6558,192,19168,3680,188,4816,905,80,,,,,,,90.0826,38.3333,14.2857,85.2459,94.1176,85
1.6568e+06,57000,57000,54500,57000,51000,54250,56000,0,1.4025e+08,2.029e+06,2.035e+06,2.036e+06,2.031e+06,2.033e+06,2.035e+06,630078,909375,1.6e+09,8,19168,153,36,19160,689,12,4816,57,352,19176,6749,200,19168,3833,196,4816,943,80,,,,,,,85.1064,35.1064,20.4301,84.0426,93.6842,82.9787
1.65786e+06,57500,57500,54000,57500,51000,54000,56000,0,1.4025e+08,2.038e+06,2.034e+06,2.033e+06,2.043e+06,2.038e+06,2.044e+06,630078,909375,1.6e+09,8,19168,153,36,19160,689,12,4816,57,346,19176,6634,196,19168,3756,188,4816,905,80,,,,,,,88.6792,34.5794,10.3774,89.5238,92.5234,82.243
1.65811e+06,57000,57000,54500,57000,51000,54250,56100,0,1.4025e+08,1.996e+06,2.036e+06,2.033e+06,1.998e+06,1.998e+06,1.998e+06,630078,898632,1.6e+09,8,19168,153,36,19160,689,12,4816,57,324,19184,6253,176,19168,3373,184,4816,886,80,,,,,,,76,16.6667,8.33333,58.3333,95.6522,79.1667
1.65986e+06,57000,57000,54500,57000,51000,54000,56000,0,1.4025e+08,2.034e+06,2.035e+06,2.035e+06,2.035e+06,2.035e+06,2.035e+06,630078,909375,1.6e+09,8,19168,153,36,19160,689,12,4816,57,336,19176,6443,184,19168,3526,192,4816,924,80,,,,,,,88.6364,34.8571,15.4286,87.4286,93.7143,84
1.66009e+06,57000,57000,54500,57000,51000,54000,56000,0,1.4025e+08,2.032e+06,2.035e+06,2.035e+06,2.029e+06,2.036e+06,2.035e+06,630078,909375,1.6e+09,8,19168,153,36,19160,689,12,4816,57,332,19176,6366,184,19168,3526,184,4816,886,80,,,,,,,95.2381,39.1304,8.69565,59.0909,90.9091,95.4545
1.66144e+06,57000,57000,54000,57000,51000,54250,56000,0,1.4025e+08,1.999e+06,2.035e+06,2.034e+06,1.997e+06,1.999e+06,1.999e+06,630078,898632,1.6e+09,8,19168,153,36,19160,689,12,4816,57,332,19176,6366,184,19168,3526,184,4816,886,80,,,,,,,86.7647,35.0746,14.7059,83.7037,93.4307,83.0882
1.6629e+06,57000,57000,54500,57000,51000,54000,56000,0,1.4025e+08,2.036e+06,2.035e+06,2.035e+06,2.035e+06,2.037e+06,2.035e+06,630078,917968,1.6e+09,8,19168,153,36,19160,689,12,4816,57,320,19184,6138,172,19168,3296,180,4816,866,80,,,,,,,86.3014,32.8767,13.1034,85.6164,93.7931,81.5068
1.66332e+06,57000,57000,54500,57000,51000,54250,56000,0,1.4025e+08,2.035e+06,2.036e+06,2.034e+06,2.034e+06,2.037e+06,2.035e+06,630078,909375,1.6e+09,8,19168,153,36,19160,689,12,4816,57,334,19176,6404,184,19168,3526,192,4816,924,80,,,,,,,90.6977,38.0952,23.8095,97.619,92.8571,82.9268
1.66478e+06,57500,57500,54500,57500,51000,54000,56000,0,1.4025e+08,2.03e+06,2.035e+06,2.034e+06,2.037e+06,2.037e+06,2.04e+06,630078,909375,1.6e+09,8,19168,153,36,19160,689,12,4816,57,348,19176,6673,200,19168,3833,188,4816,905,80,,,,,,,88.2759,37.931,13.6986,83.5616,93.7931,83.5616
1.66574e+06,57000,57000,54000,57000,51000,54000,55800,0,1.4025e+08,2.034e+06,2.034e+06,2.034e+06,2.035e+06,2.034e+06,2.042e+06,630078,909375,1.6e+09,8,19168,153,36,19160,689,12,4816,57,342,19176,6558,192,19168,3680,192,4816,924,80,,,,,,,84.5361,32.2917,16.8421,80,93.8144,83.3333
1.66692e+06,57500,57500,54500,57500,51000,54000,56000,0,1.4025e+08,2.031e+06,2.035e+06,2.034e+06,2.026e+06,2.03e+06,2.026e+06,630078,909375,1.6e+09,8,19168,153,36,19160,689,12,4816,57,340,19176,6481,192,19168,3680,184,4816,886,80,,,,,,,89.8305,35.5932,12.7119,82.906,93.1624,84.7458
1.66747e+06,56500,56500,54000,56500,51000,54000,56000,0,1.4025e+08,2.035e+06,2.036e+06,2.036e+06,2.035e+06,2.035e+06,2.035e+06,630078,917968,1.6e+09,8,19168,153,36,19160,689,12,4816,57,332,19176,6366,180,19168,3450,192,4816,924,80,,,,,,,85.4545,28.3019,16.6667,94.5455,92.5926,77.7778
1.66892e+06,57500,57500,54500,57500,51000,54000,56300,0,1.4025e+08,2.034e+06,2.034e+06,2.034e+06,2.035e+06,2.036e+06,2.034e+06,630078,917968,1.6e+09,8,19168,153,36,19160,689,12,4816,57,346,19176,6634,196,19168,3756,188,4816,905,80,,,,,,,88.1944,38.3562,13.7931,84.8276,93.7931,84.1379
1.66903e+06,57000,57000,54000,57000,51000,54000,56300,0,1.4025e+08,2.036e+06,2.035e+06,2.035e+06,2.033e+06,2.033e+06,2.039e+06,630078,909375,1.6e+09,8,19168,153,36,19160,689,12,4816,57,334,19176,6404,188,19168,3603,184,4816,886,80,,,,,,,90.9091,0,9.09091,41.6667,91.6667,100
1.67078e+06,57000,57000,54500,57000,51000,54000,56000,0,1.4025e+08,2.029e+06,2.035e+06,2.034e+06,2.033e+06,2.031e+06,2.033e+06,630078,909375,1.6e+09,8,19168,153,36,19160,689,12,4816,57,342,19176,6558,192,19168,3680,192,4816,924,80,,,,,,,85.7955,35.2273,17.0455,86.8571,94.2197,81.25
1.6715e+06,57000,57000,54500,57000,51000,54000,56000,0,1.4025e+08,2.034e+06,2.035e+06,2.035e+06,2.031e+06,2.036e+06,2.036e+06,630078,909375,1.6e+09,8,19168,153,36,19160,689,12,4816,57,346,19176,6634,196,19168,3756,192,4816,924,80,,,,,,,88.8889,35.2113,13.8889,84.7222,93.2432,83.5616
1.67242e+06,57000,57000,54500,57000,51000,54000,56000,0,1.4025e+08,2.033e+06,2.035e+06,2.036e+06,2.035e+06,2.038e+06,2.04e+06,630078,909375,1.6e+09,8,19168,153,36,19160,689,12,4816,57,346,19176,6634,196,19168,3756,188,4816,905,80,,,,,,,90.1099,36.9565,12.0879,81.1111,93.3333,85.7143
1.67371e+06,57000,57000,54500,57000,51000,54000,56000,0,1.4025e+08,2.032e+06,2.034e+06,2.034e+06,2.042e+06,2.046e+06,2.042e+06,630078,909375,1.6e+09,8,19168,153,36,19160,689,12,4816,57,340,19176,6519,192,19168,3680,192,4816,924,80,,,,,,,86.9231,33.3333,16.0305,87.5969,93.0233,82.1705
1.67488e+06,57000,57000,54500,57000,51000,54000,56000,0,1.4025e+08,2.031e+06,2.035e+06,2.035e+06,2.033e+06,2.035e+06,2.035e+06,630078,909375,1.6e+09,8,19168,153,36,19160,689,12,4816,57,338,19176,6481,188,19168,3603,192,4816,924,80,,,,,,,85.3448,31.8966,17.2414,82.0513,94.0171,82.2034
1.67572e+06,57000,57000,54500,57000,51000,54250,56000,0,1.4025e+08,2.035e+06,2.034e+06,2.035e+06,2.034e+06,2.036e+06,2.034e+06,630078,917968,1.6e+09,8,19168,153,36,19160,689,12,4816,57,338,19176,6481,188,19168,3603,192,4816,924,80,,,,,,,89.5349,36.9048,12.0482,86.747,95.2381,85.7143
1.67661e+06,57500,57500,54500,57500,51000,54000,56000,0,1.4025e+08,2.034e+06,2.035e+06,2.035e+06,2.035e+06,2.035e+06,2.035e+06,630078,917968,1.6e+09,8,19168,153,36,19160,689,12,4816,57,332,19176,6366,184,19168,3526,184,4816,886,80,,,,,,,88.6364,36.6667,11.236,76.4045,91.0112,85.3933
1.67766e+06,57000,57000,54500,57000,51000,54000,56000,0,1.4025e+08,2.034e+06,2.035e+06,2.034e+06,2.035e+06,2.035e+06,2.034e+06,630078,917968,1.6e+09,8,19168,153,36,19160,689,12,4816,57,336,19176,6443,188,19168,3603,192,4816,924,80,,,,,,,84.9057,33.6538,18.2692,88.6792,94.2857,79.0476
1.67874e+06,57000,57000,54500,57000,51000,54000,56000,0,1.4025e+08,2.034e+06,2.036e+06,2.035e+06,2.034e+06,2.041e+06,2.037e+06,630078,909375,1.6e+09,8,19168,153,36,19160,689,12,4816,57,328,19176,6289,180,19168,3450,184,4816,886,80,,,,,,,90.6542,34.8624,10.1852,80.3738,93.4579,87.8505
1.67975e+06,56500,56500,54500,56500,51000,54000,56000,0,1.4025e+08,2.037e+06,2.034e+06,2.034e+06,2.039e+06,2.036e+06,2.038e+06,630078,909375,1.6e+09,8,19168,153,36,19160,689,12,4816,57,342,19176,6558,192,19168,3680,192,4816,924,80,,,,,,,84.1584,37,19,88.1188,95.0495,79.2079
1.68099e+06,57500,57500,54500,57500,51000,54000,56000,0,1.4025e+08,2.032e+06,2.034e+06,2.034e+06,2.029e+06,2.035e+06,2.03e+06,630078,909375,1.6e+09,8,19168,153,36,19160,689,12,4816,57,352,19176,6749,200,19168,3833,196,4816,943,80,,,,,,,88.7097,35.4839,16.2602,82.9268,93.5484,85.6
1.68151e+06,57000,57000,54500,57000,51000,54000,56300,0,1.4025e+08,2.034e+06,2.035e+06,2.035e+06,2.026e+06,2.03e+06,2.033e+06,630078,909375,1.6e+09,8,19168,153,36,19160,689,12,4816,57,326,19184,6253,180,19168,3450,184,4816,886,80,,,,,,,88.6792,29.4118,1.88679,80.3922,92.3077,84.6154
1.68282e+06,57500,57500,54500,57500,51000,54000,56000,0,1.4025e+08,2.031e+06,2.036e+06,2.035e+06,2.036e+06,2.036e+06,2.041e+06,630078,909375,1.6e+09,8,19168,153,36,19160,689,12,4816,57,334,19176,6404,184,19168,3526,184,4816,886,80,,,,,,,87.7863,36.3636,14.6154,83.3333,92.4242,83.3333
1.68312e+06,57500,57500,54500,57500,51000,54000,56000,0,1.4025e+08,1.996e+06,2.034e+06,2.035e+06,1.997e+06,1.998e+06,1.997e+06,630078,898632,1.6e+09,8,19168,153,36,19160,689,12,4816,57,344,19176,6596,196,19168,3756,192,4816,924,80,,,,,,,86.6667,31.0345,34.4828,96.6667,100,82.7586
1.68429e+06,57000,57000,54500,57000,51000,54000,55800,0,1.4025e+08,1.997e+06,2.034e+06,2.034e+06,1.997e+06,1.996e+06,1.997e+06,630078,898632,1.6e+09,8,19168,153,36,19160,689,12,4816,57,322,19184,6177,176,19168,3373,180,4816,866,80,,,,,,,86.3248,33.8983,9.32203,82.0513,93.1034,82.2034
1.68548e+06,57500,57500,54500,57500,51000,54000,56300,0,1.4025e+08,2.043e+06,2.033e+06,2.034e+06,2.047e+06,2.041e+06,2.043e+06,630078,909375,1.6e+09,8,19168,153,36,19160,689,12,4816,57,348,19176,6673,196,19168,3756,188,4816,905,80,,,,,,,89.0756,40.1709,16.9492,88.9831,93.2773,83.7607
1.68698e+06,57000,57000,54500,57000,51000,54250,56000,0,1.4025e+08,2.034e+06,2.034e+06,2.036e+06,2.035e+06,2.037e+06,2.04e+06,630078,909375,1.6e+09,8,19168,153,36,19160,689,12,4816,57,332,19176,6328,184,19168,3526,184,4816,886,80,,,,,,,87.2483,32.4503,12.7517,79.7297,93.2886,84.6667
1.68709e+06,57000,57000,54500,57000,51000,54250,56000,0,1.4025e+08,2.035e+06,2.035e+06,2.035e+06,2.034e+06,2.035e+06,2.035e+06,630078,917968,1.6e+09,8,19168,153,36,19160,689,8,4816,38,330,19184,6328,184,19168,3526,188,4816,905,80,,,,,,,66.6667,27.2727,33.3333,91.6667,100,58.3333
1.68834e+06,57000,57000,54500,57000,51000,54000,56000,0,1.4025e+08,2.035e+06,2.035e+06,2.036e+06,2.034e+06,2.035e+06,2.034e+06,630078,917968,1.6e+09,8,19168,153,36,19160,689,12,4816,57,334,19176,6366,184,19168,3526,184,4816,886,80,,,,,,,88.8889,36.2903,13.7097,83.3333,92.7419,85.6
1.68908e+06,57000,57000,54500,57000,51000,54000,56000,0,1.4025e+08,2.034e+06,2.036e+06,2.035e+06,2.032e+06,2.036e+06,2.035e+06,630078,909375,1.6e+09,8,19168,153,36,19160,689,12,4816,57,328,19176,6289,180,19168,3450,184,4816,886,80,,,,,,,89.1892,32,13.5135,84.9315,93.3333,83.7838
1.69096e+06,57000,57000,54500,57000,51000,54000,55800,0,1.4025e+08,2.035e+06,2.034e+06,2.033e+06,2.041e+06,2.033e+06,2.039e+06,630078,909375,1.6e+09,8,19168,153,36,19160,689,12,4816,57,340,19176,6519,192,19168,3680,192,4816,924,80,,,,,,,87.1658,36.8984,16.0428,87.7005,93.5829,81.2834
1.69143e+06,57000,57000,54500,57000,51000,54000,56300,0,1.4025e+08,2.027e+06,2.035e+06,2.035e+06,2.027e+06,2.026e+06,2.029e+06,630078,909375,1.6e+09,8,19168,153,36,19160,689,12,4816,57,340,19176,6519,188,19168,3603,192,4816,924,80,,,,,,,83.3333,29.1667,21.2766,78.7234,97.8261,83.6735
1.69253e+06,57000,57000,54500,57000,51000,54000,55800,0,1.4025e+08,2.04e+06,2.035e+06,2.035e+06,2.034e+06,2.039e+06,2.039e+06,630078,909375,1.6e+09,8,19168,153,36,19160,689,12,4816,57,330,19176,6328,184,19168,3526,184,4816,886,80,,,,,,,89.0909,34.8624,9.17431,80.7339,91.8182,87.156
1.69386e+06,57500,57500,54500,57500,51000,54000,56000,0,1.4025e+08,2.031e+06,2.035e+06,2.036e+06,2.03e+06,2.035e+06,2.038e+06,630078,909375,1.6e+09,8,19168,153,36,19160,689,12,4816,57,334,19176,6404,188,19168,3603,184,4816,886,80,,,,,,,87.4074,36.0902,16.4179,83.4586,93.985,82.8358
1.69475e+06,57000,57000,54500,57000,51000,54250,55800,0,1.4025e+08,2.029e+06,2.035e+06,2.033e+06,2.03e+06,2.032e+06,2.032e+06,630078,909375,1.6e+09,8,19168,153,36,19160,689,12,4816,57,350,19176,6711,200,19168,3833,192,4816,924,80,,,,,,,85.2273,38.2022,21.5909,87.5,94.4444,81.8182
1.6953e+06,57000,57000,54000,57000,51000,54000,55800,0,1.4025e+08,1.995e+06,2.035e+06,2.034e+06,1.998e+06,1.999e+06,1.998e+06,630078,898632,1.6e+09,8,19168,153,36,19160,689,12,4816,57,328,19184,6292,180,19168,3450,184,4816,886,80,,,,,,,92.7273,25.4545,0,80.3571,90.9091,85.7143
1.6966e+06,57500,57500,54500,57500,51000,54000,56000,0,1.4025e+08,2.028e+06,2.036e+06,2.035e+06,2.026e+06,2.027e+06,2.029e+06,630078,909375,1.6e+09,8,19168,153,36,19160,689,12,4816,57,336,19176,6443,188,19168,3603,188,4816,905,80,,,,,,,86.9231,37.6923,16.1538,83.7209,93.7984,83.0769
1.69767e+06,57000,57000,54000,57000,51000,54000,56000,0,1.4025e+08,2.03e+06,2.035e+06,2.035e+06,2.028e+06,2.029e+06,2.032e+06,630078,909375,1.6e+09,8,19168,153,36,19160,689,12,4816,57,338,19176,6481,188,19168,3603,192,4816,924,80,,,,,,,85.8491,33.0189,18.6916,88.785,94.3925,80.3738
1.69877e+06,57000,57000,54500,57000,51000,54000,56000,0,1.4025e+08,2.029e+06,2.035e+06,2.034e+06,2.023e+06,2.029e+06,2.033e+06,630078,909375,1.6e+09,8,19168,153,36,19160,689,12,4816,57,324,19184,6215,176,19168,3373,180,4816,866,80,,,,,,,89.1892,32.7273,9.09091,80.7339,92.7273,86.3636
1.69952e+06,57000,57000,54500,57000,51000,54000,56000,0,1.4025e+08,1.996e+06,2.036e+06,2.035e+06,1.999e+06,1.998e+06,1.998e+06,630078,898632,1.6e+09,8,19168,153,36,19160,689,12,4816,57,330,19176,6328,180,19168,3450,184,4816,886,80,,,,,,,84.2105,37.8378,16.4384,85.1351,94.5205,82.6667
1.7007e+06,57500,57500,54500,57500,51000,54000,56000,0,1.4025e+08,2.034e+06,2.036e+06,2.036e+06,2.035e+06,2.041e+06,2.039e+06,630078,909375,1.6e+09,8,19168,153,36,19160,689,12,4816,57,344,19176,6596,196,19168,3756,188,4816,905,80,,,,,,,91.453,37.6068,14.5299,86.4407,93.2773,84.0336
1.70155e+06,57000,57000,54500,57000,51000,54000,56000,0,1.4025e+08,2.028e+06,2.036e+06,2.035e+06,2.03e+06,2.029e+06,2.03e+06,630078,909375,1.6e+09,8,19168,153,36,19168,690,12,4816,57,318,19184,6100,172,19168,3298,180,4816,866,80,,,,,,,83.7209,28.2353,11.6279,82.3529,93.0233,82.3529
1.70202e+06,56500,56500,54500,56500,51000,54000,56000,0,1.4025e+08,2.034e+06,2.034e+06,2.035e+06,2.034e+06,2.035e+06,2.035e+06,630078,917968,1.6e+09,8,19168,153,36,19160,689,12,4816,57,346,19176,6634,196,19168,3756,192,4816,924,80,,,,,,,91.6667,46.8085,23.4043,97.8723,93.617,82.9787
1.70311e+06,57000,57000,54500,57000,51000,54000,56300,0,1.4025e+08,2.034e+06,2.035e+06,2.035e+06,2.036e+06,2.036e+06,2.035e+06,630078,917968,1.6e+09,8,19168,153,36,19160,689,12,4816,57,346,19176,6634,196,19168,3756,192,4816,924,80,,,,,,,87.037,32.1101,18.3486,80.7339,95.3271,85.3211
1.70426e+06,57000,57000,54500,57000,51000,54000,56000,0,1.4025e+08,2.032e+06,2.036e+06,2.034e+06,2.032e+06,2.036e+06,2.037e+06,630078,909375,1.6e+09,8,19168,153,36,19160,689,12,4816,57,328,19184,6292,180,19168,3450,184,4816,886,80,,,,,,,88.5965,33.913,8.69565,81.5789,92.1739,84.2105
1.7059e+06,57000,57000,54000,57000,51000,54250,56000,0,1.4025e+08,2.037e+06,2.034e+06,2.034e+06,2.031e+06,2.03e+06,2.036e+06,630078,909375,1.6e+09,8,19168,153,36,19160,689,12,4816,57,344,19176,6596,192,19168,3680,192,4816,924,80,,,,,,,87.2727,35.1852,18.4049,86.4198,94.5122,82.3171
1.70683e+06,57000,57000,54500,57000,51000,54000,56000,0,1.4025e+08,2.034e+06,2.034e+06,2.035e+06,2.043e+06,2.044e+06,2.04e+06,630078,909375,1.6e+09,8,19168,153,36,19160,689,12,4816,57,342,19176,6558,192,19168,3680,192,4816,924,80,,,,,,,87.3684,36.8421,10.7527,87.3684,91.4894,82.1053
1.70787e+06,57000,57000,54500,57000,51000,54250,56000,0,1.4025e+08,2.037e+06,2.034e+06,2.036e+06,2.033e+06,2.036e+06,2.036e+06,630078,909375,1.6e+09,8,19168,153,36,19160,689,12,4816,57,352,19176,6749,200,19168,3833,196,4816,943,80,,,,,,,86.4078,35.9223,19.2308,79.4118,94.1748,84.3137
1.70856e+06,57000,57000,54500,57000,51000,54250,56000,0,1.4025e+08,2.034e+06,2.035e+06,2.036e+06,2.035e+06,2.034e+06,2.034e+06,630078,917968,1.6e+09,8,19168,153,36,19160,689,12,4816,57,354,19176,6788,204,19168,3910,196,4816,943,80,,,,,,,88.4058,35.2941,14.7059,84.058,94.2029,84.058
1.70957e+06,56500,56500,54500,56500,51000,54000,56000,0,1.4025e+08,1.998e+06,2.034e+06,2.034e+06,1.999e+06,1.998e+06,1.999e+06,630078,909375,1.6e+09,8,19168,153,36,19160,689,12,4816,57,334,19176,6404,184,19168,3526,192,4816,924,80,,,,,,,89,32,9.90099,88.1188,92,81.3725
1.71061e+06,57000,57000,54500,57000,51000,54000,56000,0,1.4025e+08,2.025e+06,2.035e+06,2.035e+06,2.03e+06,2.029e+06,2.032e+06,630078,909375,1.6e+09,8,19168,153,36,19160,689,12,4816,57,350,19176,6711,200,19168,3833,192,4816,924,80,,,,,,,85.7143,37.1429,18.0952,80.5825,94.2857,84.6154
1.71155e+06,57000,57000,54500,57000,51000,54000,56000,0,1.4025e+08,2.037e+06,2.034e+06,2.035e+06,2.032e+06,2.035e+06,2.034e+06,630078,909375,1.6e+09,8,19168,153,36,19160,689,12,4816,38,344,19176,6596,192,19168,3680,192,4816,924,80,,,,,,,88.2979,33.3333,12.9032,88.172,94.6237,82.6087
1.71208e+06,57000,57000,54500,57000,51000,54000,55700,133,1.4025e+08,2.031e+06,2.034e+06,2.035e+06,2.029e+06,2.039e+06,2.036e+06,630078,909375,1.6e+09,8,19168,153,36,19160,689,12,4816,57,348,19176,6673,196,19168,3756,196,4816,943,80,,,,,,,88.6792,32.0755,18.8679,79.2453,94.2308,86.7925
1.71343e+06,57000,57000,54500,57000,51000,54250,56000,0,1.4025e+08,2.036e+06,2.037e+06,2.035e+06,2.033e+06,2.038e+06,2.045e+06,630078,909375,1.6e+09,8,19168,153,36,19160,689,12,4816,57,350,19176,6711,200,19168,3833,192,4816,924,80,,,,,,,87.4074,36.0294,14.1791,83.8235,93.3824,83.2117
1.71466e+06,57000,57000,54500,57000,51000,54000,56000,0,1.4025e+08,2.034e+06,2.035e+06,2.034e+06,2.03e+06,2.036e+06,2.032e+06,630078,909375,1.6e+09,8,19168,153,36,19168,690,12,4816,57,318,19184,6100,172,19168,3298,180,4816,866,80,,,,,,,85.4839,31.1475,8.13008,82.1138,92.623,81.9672
1.71537e+06,57000,57000,54500,57000,51000,54000,56000,0,1.4025e+08,2.034e+06,2.035e+06,2.034e+06,2.035e+06,2.034e+06,2.036e+06,630078,917968,1.6e+09,8,19168,153,36,19160,689,12,4816,57,322,19184,6177,176,19168,3373,184,4816,886,80,,,,,,,88.5714,35.7143,16.9014,84.2857,92.9577,83.0986
1.71691e+06,57000,57000,54500,57000,51000,54000,56000,0,1.4025e+08,2.04e+06,2.035e+06,2.035e+06,2.038e+06,2.035e+06,2.039e+06,630078,909375,1.6e+09,8,19168,153,36,19160,689,12,4816,57,348,19176,6673,196,19168,3756,192,4816,924,80,,,,,,,88.3871,36.129,18.1818,85.7143,94.1558,85.0649
1.71764e+06,57000,57000,54500,57000,51000,54000,56000,0,1.4025e+08,2.037e+06,2.034e+06,2.035e+06,2.034e+06,2.036e+06,2.038e+06,630078,909375,1.6e+09,8,19168,153,36,19160,689,12,4816,57,342,19176,6558,192,19168,3680,192,4816,924,80,,,,,,,87.5,33.3333,16.4384,84.9315,94.5205,80.8219
1.71847e+06,57000,57000,54500,57000,51000,54000,56000,0,1.4025e+08,2.035e+06,2.035e+06,2.035e+06,2.031e+06,2.035e+06,2.036e+06,630078,909375,1.6e+09,8,19168,153,36,19160,689,12,4816,57,342,19176,6558,192,19168,3680,192,4816,924,80,,,,,,,86.747,35.3659,12.0482,87.6543,92.6829,83.1325
1.71925e+06,57000,57000,54500,57000,51000,54250,55800,0,1.4025e+08,1.998e+06,2.034e+06,2.035e+06,1.999e+06,1.999e+06,2.002e+06,630078,909375,1.6e+09,8,19168,153,36,19160,689,12,4816,57,340,19176,6519,192,19168,3680,192,4816,924,80,,,,,,,89.8734,36.7089,12.6582,85.1852,92.4051,83.5443
1.72072e+06,57000,57000,54500,57000,51000,54000,56000,0,1.4025e+08,2.036e+06,2.036e+06,2.035e+06,2.035e+06,2.035e+06,2.036e+06,630078,917968,1.6e+09,8,19168,153,36,19160,689,12,4816,57,342,19176,6558,196,19168,3756,188,4816,905,80,,,,,,,87.7551,35.1724,14.3836,81.5068,93.7931,83.5616
1.72142e+06,57000,57000,54500,57000,51000,54000,56000,0,1.4025e+08,1.997e+06,2.035e+06,2.034e+06,1.996e+06,2.002e+06,1.999e+06,630078,909375,1.6e+09,8,19168,153,36,19160,689,12,4816,57,342,19176,6558,192,19168,3680,188,4816,905,80,,,,,,,88.5714,34.2857,14.2857,82.8571,93.0556,84.2857
1.72268e+06,57000,57000,54500,57000,51000,54000,56000,0,1.4025e+08,1.997e+06,2.035e+06,2.036e+06,1.997e+06,2e+06,1.998e+06,630078,898632,1.6e+09,8,19168,153,36,19160,689,12,4816,57,336,19176,6443,188,19168,3603,192,4816,924,80,,,,,,,85.7143,32.5397,15.2,88.8,93.6,81.746
1.72324e+06,57000,57000,54500,57000,51000,54000,56000,0,1.4025e+08,1.999e+06,2.034e+06,2.033e+06,1.998e+06,1.997e+06,1.999e+06,630078,898632,1.6e+09,8,19168,153,36,19160,689,12,4816,57,344,19176,6596,196,19168,3756,192,4816,924,80,,,,,,,85.7143,39.2857,19.2982,82.1429,94.5455,82.1429
1.72428e+06,57000,57000,54500,57000,51000,54000,56000,0,1.4025e+08,2.035e+06,2.035e+06,2.035e+06,2.034e+06,2.035e+06,2.035e+06,630078,917968,1.6e+09,8,19168,153,36,19160,689,12,4816,57,326,19184,6253,180,19168,3450,184,4816,886,80,,,,,,,89.4231,30.3922,8.73786,79.6117,93.2692,86.6667
1.72543e+06,57000,57000,54500,57000,51000,54000,56000,0,1.4025e+08,2.029e+06,2.035e+06,2.035e+06,2.027e+06,2.032e+06,2.033e+06,630078,909375,1.6e+09,8,19168,153,36,19160,689,12,4816,57,336,19176,6443,188,19168,3603,192,4816,924,80,,,,,,,87.1795,35.8974,17.2414,89.6552,93.1034,81.0345
1.72655e+06,57000,57000,54500,57000,51000,54000,56000,0,1.4025e+08,1.998e+06,2.034e+06,2.034e+06,1.997e+06,1.997e+06,1.998e+06,630078,898632,1.6e+09,8,19168,153,36,19160,689,12,4816,57,348,19176,6673,196,19168,3756,192,4816,924,80,,,,,,,86.2385,35.4545,19.0909,80.1802,94.5455,85.4545
1.72788e+06,57000,57000,54500,57000,51000,54000,56000,0,1.4025e+08,2.034e+06,2.035e+06,2.035e+06,2.033e+06,2.036e+06,2.041e+06,630078,909375,1.6e+09,8,19168,153,36,19160,689,12,4816,57,354,19176,6788,200,19168,3833,196,4816,943,80,,,,,,,87.3134,36.0902,14.2857,83.5821,93.2836,82.8358
1.7281e+06,57000,57000,54500,57000,51000,53750,56000,0,1.4025e+08,2.036e+06,2.035e+06,2.036e+06,2.035e+06,2.035e+06,2.035e+06,630078,917968,1.6e+09,8,19168,153,36,19160,689,12,4816,57,346,19176,6596,192,19168,3680,192,4816,924,80,,,,,,,86.3636,31.8182,0,100,95.2381,76.1905
1.72931e+06,57000,57000,54500,57000,51000,54000,56000,0,1.4025e+08,2.034e+06,2.036e+06,2.035e+06,2.034e+06,2.038e+06,2.042e+06,630078,909375,1.6e+09,8,19168,153,36,19160,689,12,4816,57,350,19176,6711,196,19168,3756,196,4816,943,80,,,,,,,87.8049,34.4262,17.2131,83.4711,93.4426,85.2459
1.7304e+06,57000,57000,54500,57000,51000,54000,56000,0,1.4025e+08,2.032e+06,2.035e+06,2.034e+06,2.029e+06,2.03e+06,2.03e+06,630078,909375,1.6e+09,8,19168,153,36,19160,689,12,4816,57,340,19176,6519,192,19168,3680,188,4816,905,80,,,,,,,88.8889,35.1852,9.17431,81.4815,93.5185,82.7273
1.73179e+06,57000,57000,54500,57000,51000,54000,56000,0,1.4025e+08,1.997e+06,2.036e+06,2.035e+06,1.997e+06,1.996e+06,1.997e+06,630078,898632,1.6e+09,8,19168,153,36,19160,689,12,4816,57,334,19176,6404,188,19168,3603,184,4816,886,80,,,,,,,87.234,34.5324,13.7681,84.2857,92.8058,83.4532
1.73286e+06,57000,57000,54000,57000,51000,54000,56000,0,1.4025e+08,2.035e+06,2.034e+06,2.034e+06,2.034e+06,2.036e+06,2.038e+06,630078,909375,1.6e+09,8,19168,153,36,19160,689,12,4816,57,338,19176,6481,188,19168,3603,192,4816,924,80,,,,,,,84.9057,33.0189,18.6916,88.5714,94.3396,79.4393
1.73342e+06,57500,57500,54000,57500,51000,54000,55800,0,1.4025e+08,2.036e+06,2.035e+06,2.035e+06,2.031e+06,2.038e+06,2.033e+06,630078,909375,1.6e+09,8,19168,153,36,19160,689,12,4816,57,352,19176,6749,200,19168,3833,196,4816,943,80,,,,,,,89.2857,39.2857,16.3636,80.7018,94.6429,89.2857
1.73491e+06,57000,57000,54500,57000,51000,54000,55800,187,1.4025e+08,2.035e+06,2.035e+06,2.035e+06,2.032e+06,2.032e+06,2.032e+06,630078,909375,1.6e+09,8,19168,153,36,19160,689,12,4816,57,336,19176,6443,188,19168,3526,192,4816,924,80,,,,,,,87.1622,31.7568,14.094,85.7143,93.2432,81.7568
1.73512e+06,56500,56500,54500,56500,51000,54000,55800,0,1.4025e+08,1.997e+06,2.034e+06,2.035e+06,1.999e+06,1.998e+06,1.998e+06,630078,898632,1.6e+09,8,19168,153,36,19160,689,12,4816,57,344,19176,6596,192,19168,3756,192,4816,924,80,,,,,,,95.6522,55,9.09091,95.4545,90.9091,90.9091
1.73632e+06,56500,56500,54500,56500,51000,54000,56000,0,1.4025e+08,2.032e+06,2.034e+06,2.034e+06,2.037e+06,2.035e+06,2.036e+06,630078,909375,1.6e+09,8,19168,153,36,19160,689,12,4816,57,338,19176,6481,188,19168,3603,192,4816,924,80,,,,,,,85.7143,33.3333,15.9664,82.3529,93.3333,82.3529
1.73774e+06,56500,56500,54000,56500,51000,54000,55800,0,1.4025e+08,1.999e+06,2.035e+06,2.034e+06,2.001e+06,1.999e+06,1.999e+06,630078,898632,1.6e+09,8,19168,153,36,19160,689,12,4816,57,346,19176,6634,196,19168,3756,192,4816,924,80,,,,,,,88.0282,36.6197,14.0845,84.6154,94.3262,83.2168
1.73899e+06,57000,57000,54500,57000,51000,54000,55800,0,1.4025e+08,2.037e+06,2.035e+06,2.036e+06,2.035e+06,2.042e+06,2.042e+06,630078,909375,1.6e+09,8,19168,153,36,19160,689,12,4816,57,348,19176,6673,196,19168,3756,192,4816,924,80,,,,,,,88.8889,33.0645,16,83.0645,93.6508,86.2903
1.73988e+06,57000,57000,54500,57000,51000,54250,55800,0,1.4025e+08,1.999e+06,2.035e+06,2.035e+06,2e+06,1.999e+06,2e+06,630078,898632,1.6e+09,8,19168,153,36,19160,689,12,4816,57,340,19176,6519,188,19168,3603,192,4816,924,80,,,,,,,87.6404,34.8315,11.236,87.7778,93.1818,80.8989
1.74031e+06,57000,57000,54500,57000,51000,54000,55800,0,1.4025e+08,1.998e+06,2.034e+06,2.034e+06,1.997e+06,1.996e+06,1.999e+06,630078,898632,1.6e+09,8,19168,153,36,19160,689,12,4816,57,352,19176,6749,200,19168,3833,192,4816,924,80,,,,,,,86.0465,39.5349,21.4286,76.1905,95.3488,86.0465
1.7416e+06,56500,56500,54500,56500,51000,54000,56000,0,1.4025e+08,2.037e+06,2.035e+06,2.035e+06,2.04e+06,2.04e+06,2.039e+06,630078,909375,1.6e+09,8,19168,153,36,19160,689,12,4816,57,326,19184,6253,180,19168,3450,184,4816,886,80,,,,,,,86.1538,32.0312,10.1562,82.9457,93.0233,82.1705
1.74242e+06,57500,57500,54500,57500,51000,54000,56000,0,1.4025e+08,2.037e+06,2.036e+06,2.035e+06,2.033e+06,2.038e+06,2.034e+06,630078,909375,1.6e+09,8,19168,153,36,19160,689,12,4816,57,348,19176,6673,196,19168,3756,192,4816,924,80,,,,,,,90.1235,37.3494,20.7317,86.4198,93.9024,85.3659
1.74339e+06,57000,57000,54500,57000,51000,54000,56000,0,1.4025e+08,1.998e+06,2.035e+06,2.035e+06,1.999e+06,1.998e+06,1.998e+06,630078,898632,1.6e+09,8,19168,153,36,19160,689,8,4816,38,338,19176,6481,188,19168,3603,192,4816,924,80,,,,,,,87.6289,34.375,10.3093,88.5417,91.7526,81.25
1.74403e+06,57000,57000,54000,57000,51000,54250,55800,0,1.4025e+08,1.998e+06,2.035e+06,2.034e+06,1.998e+06,1.998e+06,1.998e+06,630078,898632,1.6e+09,8,19168,153,36,19160,689,12,4816,57,342,19176,6558,188,19168,3603,192,4816,924,80,,,,,,,87.6923,36.3636,15.625,83.0769,96.875,84.375
1.74508e+06,57000,57000,54500,57000,51000,54000,55800,0,1.4025e+08,2.034e+06,2.036e+06,2.034e+06,2.035e+06,2.036e+06,2.034e+06,630078,909375,1.6e+09,8,19168,153,36,19160,689,12,4816,57,338,19176,6481,188,19168,3603,188,4816,905,80,,,,,,,85.7143,36.1905,15.2381,80,92.381,83.0189
1.74676e+06,57000,57000,54500,57000,51000,54000,56000,0,1.4025e+08,1.999e+06,2.036e+06,2.035e+06,1.998e+06,1.999e+06,2.001e+06,630078,898632,1.6e+09,8,19168,153,36,19160,689,12,4816,57,342,19176,6519,188,19168,3603,192,4816,924,80,,,,,,,88.0952,34.3373,14.3713,86.747,94.012,83.2335
1.74794e+06,57000,57000,54500,57000,51000,54000,56000,0,1.4025e+08,2.035e+06,2.035e+06,2.035e+06,2.036e+06,2.035e+06,2.035e+06,630078,917968,1.6e+09,8,19168,153,36,19160,689,12,4816,57,348,19176,6673,196,19168,3756,192,4816,924,80,,,,,,,87.2881,35.8333,16.9492,81.5126,93.2773,84.8739
1.74872e+06,56500,56500,54500,56500,51000,54000,56000,0,1.4025e+08,2.034e+06,2.035e+06,2.034e+06,2.034e+06,2.035e+06,2.035e+06,630078,917968,1.6e+09,8,19168,153,36,19160,689,12,4816,57,334,19176,6404,184,19168,3603,192,4816,924,80,,,,,,,85.7143,31.5789,12.8205,85.8974,92.3077,78.2051
1.74922e+06,57000,57000,54500,57000,51000,54000,56000,0,1.4025e+08,2.036e+06,2.035e+06,2.035e+06,2.04e+06,2.036e+06,2.036e+06,630078,909375,1.6e+09,8,19168,153,36,19160,689,12,4816,57,338,19176,6481,188,19168,3603,188,4816,905,80,,,,,,,88.2353,38,10.2041,78,95.8333,88
1.75019e+06,57000,57000,54000,57000,51000,54250,56000,0,1.4025e+08,2.034e+06,2.036e+06,2.035e+06,2.035e+06,2.035e+06,2.034e+06,630078,909375,1.6e+09,8,19168,153,36,19160,689,12,4816,57,346,19176,6634,192,19168,3680,192,4816,924,80,,,,,,,88.6598,36.0825,15.4639,89.5833,93.8144,82.4742
1.75144e+06,57000,57000,54500,57000,51000,54000,55800,0,1.4025e+08,1.998e+06,2.034e+06,2.034e+06,1.997e+06,1.999e+06,1.998e+06,630078,898632,1.6e+09,8,19168,153,36,19160,689,12,4816,57,342,19176,6558,192,19168,3680,192,4816,924,80,,,,,,,88,33.0645,16.129,82.2581,93.6,83.871
1.75265e+06,57000,57000,54500,57000,51000,54000,56300,0,1.4025e+08,2.029e+06,2.035e+06,2.033e+06,2.035e+06,2.029e+06,2.038e+06,630078,909375,1.6e+09,8,19168,153,36,19160,689,12,4816,57,328,19184,6292,180,19168,3450,184,4816,886,80,,,,,,,85.9504,34.1667,10.7438,81.8182,92.562,82.6446
1.75388e+06,57500,57500,54500,57500,51000,54000,56000,0,1.4025e+08,2.028e+06,2.035e+06,2.034e+06,2.023e+06,2.024e+06,2.029e+06,630078,909375,1.6e+09,8,19168,153,36,19160,689,12,4816,57,336,19176,6443,188,19168,3603,184,4816,886,80,,,,,,,89.4309,37.3984,13.9344,82.7869,92.6829,85.2459
1.75468e+06,57000,57000,54500,57000,51000,54000,56000,0,1.4025e+08,2.031e+06,2.034e+06,2.035e+06,2.03e+06,2.03e+06,2.029e+06,630078,909375,1.6e+09,8,19168,153,36,19160,689,8,4816,38,320,19184,6138,172,19168,3296,180,4816,866,80,,,,,,,85,30,12.5,86.25,94.9367,80.2469
1.75593e+06,57500,57500,54500,57500,51000,54000,56000,0,1.4025e+08,2.036e+06,2.036e+06,2.036e+06,2.033e+06,2.042e+06,2.04e+06,630078,909375,1.6e+09,8,19168,153,36,19160,689,12,4816,57,340,19176,6519,192,19168,3680,188,4816,905,80,,,,,,,89.6,37.9032,16,84,93.6508,84.6774
1.7563e+06,56500,56500,54500,56500,51000,54000,56000,0,1.4025e+08,2.034e+06,2.035e+06,2.034e+06,2.035e+06,2.035e+06,2.035e+06,630078,917968,1.6e+09,8,19168,153,36,19160,689,12,4816,57,338,19176,6481,188,19168,3603,192,4816,924,80,,,,,,,79.4872,30.7692,26.3158,94.8718,94.5946,76.3158
1.75722e+06,57000,57000,54500,57000,51000,54000,56000,0,1.4025e+08,1.997e+06,2.035e+06,2.035e+06,1.997e+06,2.001e+06,1.999e+06,630078,898632,1.6e+09,8,19168,153,36,19160,689,12,4816,57,344,19176,6634,196,19168,3756,188,4816,905,80,,,,,,,90.1099,38.4615,10.989,86.6667,93.4066,84.9462
1.75881e+06,57000,57000,54500,57000,51000,54000,56000,0,1.4025e+08,1.996e+06,2.035e+06,2.034e+06,1.998e+06,1.996e+06,1.998e+06,630078,898632,1.6e+09,8,19168,153,36,19160,689,12,4816,57,322,19184,6177,176,19168,3373,180,4816,866,80,,,,,,,86.7925,31.6456,12.6582,80.3797,93.038,84.0764
1.7594e+06,57500,57500,54500,57500,51000,54000,56000,0,1.4025e+08,2.036e+06,2.036e+06,2.036e+06,2.036e+06,2.035e+06,2.034e+06,630078,917968,1.6e+09,8,19168,153,36,19160,689,12,4816,57,334,19176,6404,188,19168,3603,184,4816,886,80,,,,,,,88.1356,41.6667,19.6721,81.6667,93.3333,85
1.76054e+06,57000,57000,54500,57000,51000,54000,56000,0,1.4025e+08,1.998e+06,2.034e+06,2.036e+06,1.998e+06,1.999e+06,1.998e+06,630078,898632,1.6e+09,8,19168,153,36,19160,689,12,4816,57,344,19176,6558,192,19168,3680,192,4816,924,80,,,,,,,86.7257,34.8214,16.9643,90.1786,94.6903,81.5789
1.76121e+06,57000,57000,54500,57000,51000,54000,56000,0,1.4025e+08,2.036e+06,2.035e+06,2.035e+06,2.029e+06,2.036e+06,2.036e+06,630078,909375,1.6e+09,8,19168,153,36,19160,689,12,4816,57,346,19176,6634,196,19168,3756,192,4816,924,80,,,,,,,86.7647,35.8209,14.9254,83.5821,92.6471,83.3333
1.76219e+06,57000,57000,54500,57000,51000,54000,56000,0,1.4025e+08,2.036e+06,2.034e+06,2.035e+06,2.035e+06,2.036e+06,2.034e+06,630078,917968,1.6e+09,8,19168,153,36,19160,689,12,4816,57,332,19176,6366,184,19168,3526,184,4816,886,80,,,,,,,89.899,32.3232,11.1111,78.7879,92.8571,86
1.7634e+06,57000,57000,54500,57000,51000,54000,56300,0,1.4025e+08,2.035e+06,2.034e+06,2.035e+06,2.044e+06,2.036e+06,2.038e+06,630078,909375,1.6e+09,8,19168,153,36,19160,689,12,4816,57,338,19176,6481,188,19168,3603,192,4816,924,80,,,,,,,86.6667,35,16.6667,90,94.1667,80.6723
1.76463e+06,56500,56500,54500,56500,51000,54000,55800,0,1.4025e+08,2.034e+06,2.034e+06,2.033e+06,2.034e+06,2.034e+06,2.034e+06,630078,917968,1.6e+09,8,19168,153,36,19160,689,12,4816,57,342,19176,6558,192,19168,3680,192,4816,924,80,,,,,,,86.1789,35.2459,16.3934,82.7869,93.4426,82.9268
1.7651e+06,56500,56500,54000,56500,51000,54000,56000,0,1.4025e+08,2.034e+06,2.035e+06,2.034e+06,2.032e+06,2.035e+06,2.039e+06,630078,909375,1.6e+09,8,19168,153,36,19160,689,12,4816,57,342,19176,6596,192,19168,3680,192,4816,924,80,,,,,,,87.234,36.1702,13.0435,76.5957,93.8776,87.5
1.76652e+06,57500,57500,54000,57500,51000,54250,56000,0,1.4025e+08,2.035e+06,2.034e+06,2.035e+06,2.035e+06,2.033e+06,2.036e+06,630078,917968,1.6e+09,8,19168,153,36,19160,689,12,4816,57,352,19176,6749,200,19168,3833,196,4816,943,80,,,,,,,87.9433,35.9155,16.1972,84.3972,93.617,83.8028
1.76794e+06,57000,57000,54500,57000,51000,54250,56000,0,1.4025e+08,2.035e+06,2.036e+06,2.035e+06,2.032e+06,2.039e+06,2.041e+06,630078,909375,1.6e+09,8,19168,153,36,19160,689,12,4816,57,350,19176,6711,196,19168,3756,192,4816,924,80,,,,,,,87.5,33.3333,14.0845,84.7222,94.3262,83.8028
1.76884e+06,57000,57000,54500,57000,51000,54000,56000,0,1.4025e+08,2.034e+06,2.035e+06,2.035e+06,2.034e+06,2.033e+06,2.037e+06,630078,909375,1.6e+09,8,19168,153,36,19160,689,8,4816,38,342,19176,6558,192,19168,3680,192,4816,924,80,,,,,,,87.7778,35.5556,13.1868,87.6404,93.2584,82.2222
1.7695e+06,57000,57000,54500,57000,51000,54000,56000,0,1.4025e+08,1.999e+06,2.036e+06,2.035e+06,1.998e+06,1.998e+06,2e+06,630078,898632,1.6e+09,8,19168,153,36,19160,689,12,4816,57,344,19176,6596,192,19168,3680,192,4816,924,80,,,,,,,86.5672,34.8485,13.8462,84.8485,92.6471,81.8182
1.77082e+06,56500,56500,54500,56500,51000,54000,56000,0,1.4025e+08,2e+06,2.035e+06,2.034e+06,1.999e+06,1.999e+06,1.999e+06,630078,898632,1.6e+09,8,19168,153,36,19160,689,12,4816,57,338,19176,6481,188,19168,3603,192,4816,924,80,,,,,,,87.0229,33.0769,15.1515,83.2061,93.1298,82.5758
1.77115e+06,57500,57500,54500,57500,51000,54000,56000,0,1.4025e+08,1.999e+06,2.035e+06,2.036e+06,1.998e+06,1.998e+06,1.999e+06,630078,898632,1.6e+09,8,19168,153,36,19160,689,12,4816,57,334,19176,6404,188,19168,3603,184,4816,886,80,,,,,,,93.9394,36.3636,3.125,68.75,90.625,96.9697
1.7721e+06,57500,57500,54500,57500,51000,54000,56000,0,1.4025e+08,2.035e+06,2.035e+06,2.036e+06,2.035e+06,2.035e+06,2.035e+06,630078,909375,1.6e+09,8,19168,153,36,19160,689,12,4816,57,348,19176,6673,196,19168,3756,192,4816,924,80,,,,,,,86.4583,35.0515,21.0526,87.5,95.7895,82.9787
1.77324e+06,57000,57000,54000,57000,51000,54000,56000,0,1.4025e+08,2.034e+06,2.035e+06,2.035e+06,2.035e+06,2.035e+06,2.036e+06,630078,917968,1.6e+09,8,19168,153,36,19160,689,12,4816,57,330,19176,6328,184,19168,3526,184,4816,886,80,,,,,,,88.4956,33.9286,9.64912,81.5789,92.1739,83.6207
1.77453e+06,57500,57500,54500,57500,51000,54000,56000,0,1.4025e+08,2.035e+06,2.035e+06,2.035e+06,2.035e+06,2.034e+06,2.035e+06,630078,917968,1.6e+09,8,19168,153,36,19160,689,12,4816,57,344,19176,6596,196,19168,3756,188,4816,905,80,,,,,,,88.4615,37.2093,16.1538,86.0465,93.75,82.1705
1.77513e+06,56500,56500,54500,56500,51000,54000,56000,0,1.4025e+08,2.037e+06,2.036e+06,2.033e+06,2.042e+06,2.042e+06,2.039e+06,630078,909375,1.6e+09,8,19168,153,36,19160,689,12,4816,57,340,19176,6519,188,19168,3603,192,4816,924,80,,,,,,,86.4407,31.6667,15.2542,91.6667,93.3333,81.3559
1.77632e+06,56500,56500,54500,56500,51000,54000,55800,0,1.4025e+08,2e+06,2.035e+06,2.034e+06,2e+06,1.998e+06,1.996e+06,630078,898632,1.6e+09,8,19168,153,36,19160,689,12,4816,57,336,19176,6443,184,19168,3526,192,4816,924,80,,,,,,,85.7143,33.0508,17.6471,82.3529,94.1176,82.2034
1.77729e+06,57500,57500,54500,57500,51000,54000,56000,0,1.4025e+08,2.035e+06,2.036e+06,2.035e+06,2.034e+06,2.039e+06,2.041e+06,630078,909375,1.6e+09,8,19168,153,36,19160,689,12,4816,57,346,19176,6634,196,19168,3756,188,4816,905,80,,,,,,,91.6667,39.1753,10.4167,82.1053,93.75,86.7347
1.77808e+06,57000,57000,54500,57000,51000,54000,56000,0,1.4025e+08,2.035e+06,2.035e+06,2.035e+06,2.033e+06,2.035e+06,2.036e+06,630078,909375,1.6e+09,8,19168,153,36,19160,689,12,4816,57,328,19176,6289,180,19168,3450,184,4816,886,80,,,,,,,86.25,29.8701,12.6582,81.0127,92.4051,85.8974
1.77904e+06,57000,57000,54500,57000,51000,54000,56000,0,1.4025e+08,2.034e+06,2.034e+06,2.034e+06,2.036e+06,2.034e+06,2.035e+06,630078,909375,1.6e+09,8,19168,153,36,19160,689,12,4816,57,344,19176,6596,192,19168,3680,192,4816,924,80,,,,,,,87.3684,34.375,20.8333,88.4211,95.8333,81.25
1.78051e+06,57000,57000,54000,57000,51000,54000,55800,0,1.4025e+08,2.029e+06,2.034e+06,2.035e+06,2.032e+06,2.029e+06,2.027e+06,630078,909375,1.6e+09,8,19168,153,36,19160,689,12,4816,57,346,19176,6634,196,19168,3756,192,4816,924,80,,,,,,,86.4865,37.1622,14.2857,85.6164,92.5676,82.4324
1.78127e+06,57000,57000,54500,57000,51000,53750,55800,0,1.4025e+08,2.034e+06,2.036e+06,2.035e+06,2.033e+06,2.036e+06,2.036e+06,630078,909375,1.6e+09,8,19168,153,36,19160,689,12,4816,57,340,19176,6519,188,19168,3603,192,4816,924,80,,,,,,,88.1579,30.6667,13.1579,85.7143,94.5946,84.2105
1.78247e+06,57000,57000,54500,57000,51000,54000,56000,0,1.4025e+08,2.034e+06,2.035e+06,2.035e+06,2.035e+06,2.035e+06,2.035e+06,630078,917968,1.6e+09,8,19168,153,36,19160,689,12,4816,57,346,19176,6634,196,19168,3756,192,4816,924,80,,,,,,,87.6033,35,17.5,81.5126,93.3333,85
1.78316e+06,57500,57500,54500,57500,51000,54250,56000,0,1.4025e+08,2.034e+06,2.035e+06,2.034e+06,2.036e+06,2.041e+06,2.042e+06,630078,909375,1.6e+09,8,19168,153,36,19160,689,12,4816,57,346,19176,6634,196,19168,3680,192,4816,924,80,,,,,,,88.0597,33.8235,14.4928,84.058,94.2857,82.6087
1.78415e+06,57000,57000,54500,57000,51000,54000,56000,0,1.4025e+08,1.998e+06,2.036e+06,2.035e+06,1.998e+06,1.999e+06,1.996e+06,630078,898632,1.6e+09,8,19168,153,36,19160,689,8,4816,38,346,19176,6634,196,19168,3756,188,4816,905,80,,,,,,,88,38.3838,10.101,86.7347,91.8367,81.6327
1.78515e+06,57000,57000,54000,57000,51000,54000,56000,0,1.4025e+08,2.031e+06,2.035e+06,2.034e+06,2.034e+06,2.036e+06,2.04e+06,630078,909375,1.6e+09,8,19168,153,36,19160,689,12,4816,57,352,19176,6749,200,19168,3833,196,4816,943,80,,,,,,,86,34,19.1919,81,94,84
1.78608e+06,57000,57000,54000,57000,51000,54000,56000,0,1.4025e+08,2.04e+06,2.035e+06,2.035e+06,2.033e+06,2.037e+06,2.038e+06,630078,909375,1.6e+09,8,19168,153,36,19160,689,12,4816,57,344,19176,6596,192,19168,3680,192,4816,924,80,,,,,,,87.234,32.9787,12.9032,88.0435,93.617,81.9149
1.78745e+06,57000,57000,54500,57000,51000,54000,56000,0,1.4025e+08,2.034e+06,2.036e+06,2.035e+06,2.034e+06,2.034e+06,2.036e+06,630078,917968,1.6e+09,8,19168,153,36,19160,689,12,4816,57,342,19176,6558,192,19168,3680,192,4816,924,80,,,,,,,87.5,34.5588,14.7059,83.9416,94.1176,83.0882
1.78837e+06,57500,57500,54500,57500,51000,54000,56000,0,1.4025e+08,2.028e+06,2.035e+06,2.034e+06,2.029e+06,2.03e+06,2.027e+06,630078,909375,1.6e+09,8,19168,153,36,19160,689,12,4816,57,336,19176,6443,188,19168,3603,184,4816,886,80,,,,,,,89.1304,34.4444,10.8696,78.022,91.2088,85.8696
1.78989e+06,57000,57000,54500,57000,51000,54000,56000,0,1.4025e+08,2.035e+06,2.034e+06,2.035e+06,2.035e+06,2.034e+06,2.035e+06,630078,917968,1.6e+09,8,19168,153,36,19160,689,12,4816,57,324,19184,6215,176,19168,3373,184,4816,886,80,,,,,,,85.6209,32.6797,14.4737,85.6209,94.1558,81.6993
1.79085e+06,56500,56500,54500,56500,51000,54000,56000,0,1.4025e+08,1.999e+06,2.035e+06,2.034e+06,1.999e+06,1.999e+06,2e+06,630078,898632,1.6e+09,8,19168,153,36,19160,689,12,4816,57,342,19176,6558,192,19168,3680,192,4816,924,80,,,,,,,88.5417,37.8947,19.7917,88.5417,93.6842,82.2917
1.7919e+06,57000,57000,54500,57000,51000,54000,55800,0,1.4025e+08,1.998e+06,2.035e+06,2.034e+06,1.999e+06,1.999e+06,2.002e+06,630078,898632,1.6e+09,8,19168,153,36,19160,689,12,4816,57,326,19184,6253,180,19168,3450,184,4816,886,80,,,,,,,89.5238,31.7308,9.43396,80,93.2692,87.5
1.79209e+06,57500,57500,54500,57500,51000,54000,55800,0,1.4025e+08,2.037e+06,2.034e+06,2.036e+06,2.032e+06,2.038e+06,2.039e+06,630078,909375,1.6e+09,8,19168,153,36,19160,689,12,4816,57,346,19176,6634,196,19168,3756,192,4816,924,80,,,,,,,80,47.3684,52.6316,94.7368,100,75
1.79304e+06,57000,57000,54500,57000,51000,54000,56000,0,1.4025e+08,1.998e+06,2.034e+06,2.035e+06,1.997e+06,1.998e+06,1.999e+06,630078,898632,1.6e+09,8,19168,153,36,19160,689,12,4816,57,334,19176,6404,184,19168,3526,192,4816,924,80,,,,,,,88.2979,32.6316,9.67742,88.2979,92.5532,81.9149
1.7943e+06,56500,56500,54500,56500,51000,54000,56000,0,1.4025e+08,2.036e+06,2.035e+06,2.034e+06,2.037e+06,2.036e+06,2.038e+06,630078,909375,1.6e+09,8,19168,153,36,19160,689,12,4816,57,342,19176,6558,192,19168,3680,192,4816,924,80,,,,,,,85.8268,36.5079,15.873,83.2,93.7008,82.5397
1.79572e+06,57000,57000,54500,57000,51000,54000,56000,0,1.4025e+08,2.036e+06,2.035e+06,2.034e+06,2.032e+06,2.036e+06,2.039e+06,630078,909375,1.6e+09,8,19168,153,36,19160,689,12,4816,57,344,19176,6596,192,19168,3680,192,4816,924,80,,,,,,,87.9433,35.2113,14.8936,84.507,93.617,83.8028
1.79614e+06,57000,57000,54500,57000,51000,54000,56300,0,1.4025e+08,2.032e+06,2.035e+06,2.034e+06,2.039e+06,2.038e+06,2.034e+06,630078,909375,1.6e+09,8,19168,153,36,19160,689,12,4816,57,336,19176,6443,188,19168,3603,188,4816,905,80,,,,,,,85.7143,30.9524,13.9535,74.4186,92.8571,85.7143
1.79781e+06,57000,57000,54500,57000,51000,54000,56000,0,1.4025e+08,2.034e+06,2.034e+06,2.034e+06,2.035e+06,2.035e+06,2.035e+06,630078,917968,1.6e+09,8,19168,153,36,19160,689,12,4816,57,342,19176,6558,192,19168,3680,192,4816,924,80,,,,,,,88.0952,34.7305,14.3713,86.747,93.9759,82.6347
1.79866e+06,57500,57500,54500,57500,51000,54000,56000,0,1.4025e+08,2.034e+06,2.035e+06,2.036e+06,2.034e+06,2.041e+06,2.04e+06,630078,909375,1.6e+09,8,19168,153,36,19160,689,8,4816,38,348,19176,6673,196,19168,3756,188,4816,905,80,,,,,,,89.4118,38.5542,12.0482,84.5238,92.9412,84.5238
1.79998e+06,57000,57000,54500,57000,51000,54000,55800,0,1.4025e+08,1.996e+06,2.035e+06,2.034e+06,1.997e+06,1.998e+06,1.999e+06,630078,898632,1.6e+09,8,19168,153,36,19160,689,12,4816,57,340,19176,6519,188,19168,3603,192,4816,924,80,,,,,,,87.1212,32.5758,14.5038,85.6061,93.1818,82.5758
