instance,solver,time,n,len,obj_sm,obj_lr_ub,obj_lr,power
inst_0957,RandomGenerator,0,4,1000,3.85203,3.67518,2.42806587,7.175989914246434
inst_0014,RandomGenerator,0,4,1000,3.305,3.75467,1.23761795,5.7716187939488535
inst_0419,RandomGenerator,0,4,1000,3.75193,3.34423,2.12964197,6.4026787423887646
inst_0127,RandomGenerator,0,3,1000,1.41452,1.63588,0.4656262,5.787352624507731
inst_0783,RandomGenerator,0,5,1000,4.44304,4.17789,2.16192135,6.035170577805077
inst_0028,RandomGenerator,0,4,1000,2.91442,3.8680400000000006,1.14407703,6.121556109054291
inst_0803,RandomGenerator,0,3,1000,3.06831,3.1080399999999995,1.68424509,6.211972391231194
inst_0250,RandomGenerator,0,5,1000,2.49079,4.79554,1.83661422,6.316315797932183
inst_0281,RandomGenerator,0,2,1000,4.29398,3.7132,2.2420446700000003,6.774148847415366
inst_0257,RandomGenerator,0,6,1000,4.97453,6.619009999999999,3.75228483,7.324453822209573
inst_0931,RandomGenerator,0,1,1000,1.10755,0.7626900000000001,0.63989691,5.729835947541973
inst_0064,RandomGenerator,0,4,1000,2.74674,3.12671,1.67866508,6.645481239897491
inst_0333,RandomGenerator,0,2,1000,2.48712,2.15735,0.81487374,5.624612492251043
inst_0877,RandomGenerator,0,6,1000,2.86541,3.8973,1.5155366300000004,6.277794841391791
inst_0711,RandomGenerator,0,3,1000,3.21254,2.79363,1.9550759,6.24746292537681
inst_0468,RandomGenerator,0,1,1000,1.19057,0.5973900000000001,0.5322744900000002,5.942918242956082
inst_0456,RandomGenerator,0,5,1000,3.0814700000000004,3.97148,2.55516019,6.534877931969901
inst_0006,RandomGenerator,0,4,1000,2.59383,3.19001,1.61827782,6.290577411238909
inst_0932,RandomGenerator,0,2,1000,1.12769,0.96546,0.50303535,5.650048428984871
inst_0146,RandomGenerator,0,5,1000,3.2014,4.40728,2.0897468,6.149964647923767
inst_0178,RandomGenerator,0,2,1000,1.51976,1.40461,0.3982698299999999,5.774259842988646
inst_0090,RandomGenerator,0,5,1000,3.40154,4.636339999999999,2.4726557600000003,6.623714055612692
inst_0433,RandomGenerator,0,5,1000,3.24927,4.741759999999999,2.55583377,6.924878814621576
inst_0929,RandomGenerator,0,2,1000,3.63431,3.08266,1.5644893,5.969166858031852
inst_0579,RandomGenerator,0,3,1000,2.75017,2.9988200000000003,1.5891698800000005,6.553669733617432
inst_0782,RandomGenerator,0,4,1000,2.85888,3.68636,0.8828256999999999,5.916328523027722
inst_0780,RandomGenerator,0,4,1000,2.88655,3.919610000000001,1.4558022900000005,6.303451389191304
inst_0050,RandomGenerator,0,3,1000,1.77695,2.88235,0.3500707,5.493345371403242
inst_0705,RandomGenerator,0,1,1000,5.543010000000001,2.86374,2.78069154,6.813399759034551
inst_0328,RandomGenerator,0,2,1000,2.23888,1.6309900000000002,1.2059070800000002,6.06483115072542
inst_0171,RandomGenerator,0,2,1000,2.3109300000000004,1.76947,1.62321161,6.472499537510124
inst_0367,RandomGenerator,0,3,1000,2.48248,2.6088400000000003,1.01447272,5.693353700369674
inst_0210,RandomGenerator,0,2,1000,1.18336,1.28788,0.47201344,5.638361054672862
inst_0912,RandomGenerator,0,3,1000,3.18297,3.637350000000001,1.07632359,6.15041368477783
inst_0557,RandomGenerator,0,2,1000,0.5415699999999999,0.7108199999999999,0.3630132,5.493643653153829
inst_0880,RandomGenerator,0,3,1000,1.79238,1.77005,1.12541093,6.3399074701733085
inst_0845,RandomGenerator,0,4,1000,2.50694,3.26248,1.4642885,6.182820660806454
inst_0854,RandomGenerator,0,3,1000,0.96171,1.5079600000000002,0.9996269,5.751153587909396
inst_0655,RandomGenerator,0,2,1000,2.76188,2.51032,0.86392992,6.259926165576353
inst_0712,RandomGenerator,0,3,1000,1.58013,1.86065,0.9600991,6.276192020411738
inst_0795,RandomGenerator,0,4,1000,6.778380000000001,5.20589,4.5462989700000005,7.361858677081654
inst_0011,RandomGenerator,0,1,1000,0.46672,0.3851099999999999,0.25147683,5.428650612359331
inst_0754,RandomGenerator,0,4,1000,5.37176,4.433210000000001,3.518505960000001,6.53944452936631
inst_0052,RandomGenerator,0,4,1000,2.15113,2.62551,0.6260262500000001,5.903819188013886
inst_0486,RandomGenerator,0,4,1000,3.10663,3.49542,2.23775512,6.415999591105727
inst_0898,RandomGenerator,0,4,1000,2.6399700000000004,4.09601,1.35676603,6.243832472544028
inst_0230,RandomGenerator,0,2,1000,3.82963,3.09848,1.94550008,6.9826479354131985
inst_0821,RandomGenerator,0,1,1000,0.2248899999999999,0.29248,0.03831488,5.342577400370041
inst_0812,RandomGenerator,0,2,1000,2.35097,1.74958,1.30239562,6.341114639623067
inst_0715,RandomGenerator,0,4,1000,3.98499,3.16701,2.33328508,6.4620886797470956
inst_0636,RandomGenerator,0,3,1000,5.49838,4.93235,3.8706425,7.290112008593358
inst_0150,RandomGenerator,0,5,1000,2.93887,6.36356,0.7982582900000001,5.948186559201417
inst_0378,RandomGenerator,0,3,1000,2.59511,3.95457,1.02101626,6.253713056477702
inst_0838,RandomGenerator,0,4,1000,3.16901,3.54681,2.50564307,6.808908209670313
inst_0275,RandomGenerator,0,4,1000,1.67053,2.25706,0.93382214,5.67221938895773
inst_0499,RandomGenerator,0,4,1000,2.34502,3.3119,1.34362204,6.195671001856252
inst_0930,RandomGenerator,0,3,1000,1.67313,1.81534,0.40980594,5.557985574204783
inst_0667,RandomGenerator,0,4,1000,2.48216,3.00435,2.1299457200000003,6.776775443307031
inst_0991,RandomGenerator,0,3,1000,1.3596700000000002,1.82403,0.8284885900000002,5.924259735401194
inst_0808,RandomGenerator,0,2,1000,2.8486,2.0051500000000004,1.2186832,5.848734242150277
inst_0689,RandomGenerator,0,3,1000,2.50609,2.3864,0.96463154,5.8173467781517285
inst_0227,RandomGenerator,0,5,1000,2.39008,3.06208,1.7347939300000002,7.051580809362353
inst_0814,RandomGenerator,0,5,1000,2.94737,4.12916,1.5321670100000002,5.93008384609728
inst_0173,RandomGenerator,0,3,1000,2.19275,2.66963,1.00895413,6.2795229329741415
inst_0856,RandomGenerator,0,3,1000,2.33141,2.11202,1.07836822,6.141047426172598
inst_0985,RandomGenerator,0,3,1000,2.74604,2.92195,0.53121134,5.562075569137846
inst_0913,RandomGenerator,0,5,1000,3.16145,4.59972,2.30102803,6.54940626340352
inst_0855,RandomGenerator,0,4,1000,1.58206,3.1836199999999995,0.59028932,5.7629952747025035
inst_0678,RandomGenerator,0,3,1000,1.23051,1.68937,0.4294144299999999,5.641707887643844
inst_0964,RandomGenerator,0,2,1000,1.22398,1.42633,0.42626303,5.5074859222672545
inst_0175,RandomGenerator,0,4,1000,4.53933,4.147830000000001,2.9885892300000005,6.682054970747113
inst_0757,RandomGenerator,0,3,1000,2.38125,2.26683,1.5426399699999995,5.979232300307725
inst_0464,RandomGenerator,0,3,1000,3.21146,3.62145,1.47695133,6.12355104244962
inst_0905,RandomGenerator,0,4,1000,2.71138,2.68006,1.7505176000000005,6.3260886335254
inst_0719,RandomGenerator,0,3,1000,4.90922,4.942410000000001,2.1546220300000005,6.608468735928495
inst_0282,RandomGenerator,0,4,1000,3.50767,4.44549,1.55165018,6.006707849956723
inst_0908,RandomGenerator,0,3,1000,4.19304,3.16191,2.6384690299999995,6.540950942865368
inst_0824,RandomGenerator,0,3,1000,2.8890100000000003,3.14504,0.8703953399999999,5.781643699116304
inst_0671,RandomGenerator,0,3,1000,2.42138,3.13487,0.85650245,5.816439434471799
inst_0069,RandomGenerator,0,3,1000,2.94675,2.50415,2.30152201,6.571554289486592
inst_0353,RandomGenerator,0,3,1000,2.80334,3.04192,1.04787818,6.063120124238377
inst_0959,RandomGenerator,0,5,1000,2.98197,4.17631,2.3175818100000005,6.851794446167646
inst_0659,RandomGenerator,0,4,1000,2.38937,3.7878,0.99389465,5.796228120207332
inst_0241,RandomGenerator,0,2,1000,1.38021,1.26783,0.5977157099999999,5.932928878496214
inst_0276,RandomGenerator,0,3,1000,2.3889,2.90801,0.8695162400000002,5.90970589248494
inst_0893,RandomGenerator,0,3,1000,2.80872,2.79111,1.2669720599999998,5.877446683057955
inst_0098,RandomGenerator,0,5,1000,3.06533,4.47486,0.95884426,5.695742764427442
inst_0422,RandomGenerator,0,4,1000,3.5793000000000004,4.24215,2.24920068,6.187997081395826
inst_0864,RandomGenerator,0,2,1000,3.84933,2.34171,2.0012045,6.1782772980157405
inst_0350,RandomGenerator,0,4,1000,3.73453,3.85927,2.14840351,6.308437435070914
inst_0578,RandomGenerator,0,3,1000,2.32832,2.15497,1.47436768,6.539878461898791
inst_0545,RandomGenerator,0,3,1000,5.44718,4.2999,2.75163662,6.606423529825328
inst_0708,RandomGenerator,0,2,1000,1.63672,1.95734,0.18218113,5.430483492772458
inst_0700,RandomGenerator,0,2,1000,0.82272,0.91794,0.36959658,5.432904862465668
inst_0101,RandomGenerator,0,5,1000,3.93135,4.725949999999999,2.7121975899999997,6.817527780441048
inst_0669,RandomGenerator,0,2,1000,2.5445900000000004,2.1583100000000006,1.15483067,5.842067075582665
inst_0396,RandomGenerator,0,3,1000,2.77094,2.68412,0.98090346,5.913587945254611
inst_0732,RandomGenerator,0,5,1000,3.73326,4.63064,3.1967491400000005,7.297336487718816
inst_0679,RandomGenerator,0,3,1000,3.58077,3.36451,1.84850161,6.297042639891635
inst_0524,RandomGenerator,0,4,1000,3.44335,3.856,2.4141833100000003,7.232145469577234
inst_0080,RandomGenerator,0,4,1000,2.6442400000000004,4.0635,1.41189918,6.669040490603628
inst_0319,RandomGenerator,0,3,1000,3.05991,2.89252,0.94190996,5.926305352743922
inst_0664,RandomGenerator,0,5,1000,5.218109999999999,5.1359,2.4839041500000003,7.074263318551511
inst_0151,RandomGenerator,0,2,1000,3.1828000000000003,2.21743,1.6053966,5.979420986223963
inst_0616,RandomGenerator,0,4,1000,4.613479999999999,4.10405,3.3406674,7.2197053975886645
inst_0509,RandomGenerator,0,3,1000,1.97007,1.5910000000000002,1.4735216000000002,6.603790431281574
inst_0323,RandomGenerator,0,3,1000,3.56828,2.89739,1.49695654,6.393637469472928
inst_0833,RandomGenerator,0,2,1000,1.62479,2.18608,0.07275392,5.369442470259945
inst_0873,RandomGenerator,0,3,1000,2.48313,2.50057,0.99776789,6.045437541897751
inst_0784,RandomGenerator,0,2,1000,3.6331,3.63855,2.01031116,6.59085170583489
inst_0149,RandomGenerator,0,4,1000,3.30207,3.95876,2.36073309,6.548993613613249
inst_0640,RandomGenerator,0,3,1000,1.3036500000000002,1.5573900000000005,0.6524526900000001,5.744654710702958
inst_0649,RandomGenerator,0,5,1000,3.29434,3.5696000000000003,1.29384389,6.374228720843517
inst_0691,RandomGenerator,0,4,1000,2.286,2.8842500000000006,1.6146556800000005,6.264622804413622
inst_0410,RandomGenerator,0,1,1000,1.73352,1.47459,0.26984997,5.401967293204081
inst_0263,RandomGenerator,0,3,1000,2.46091,2.24712,1.0643583600000002,5.656953402547789
inst_0213,RandomGenerator,0,1,1000,0.39444,0.35621,0.22369988,5.428245002449177
inst_0448,RandomGenerator,0,3,1000,2.38566,2.5966,1.20361518,5.955166694524687
inst_0329,RandomGenerator,0,3,1000,2.7459,2.85369,1.47104157,6.115686379084038
inst_0687,RandomGenerator,0,2,1000,2.25125,1.5443600000000002,1.06294086,6.3442890576937305
inst_0611,RandomGenerator,0,1,1000,1.39256,0.70367,0.62134061,6.17714989180444
inst_0907,RandomGenerator,0,3,1000,2.36391,2.61238,1.3125643400000004,6.557317915078506
inst_0246,RandomGenerator,0,4,1000,2.35785,2.3753900000000003,1.4180259600000005,6.304582998658271
inst_0530,RandomGenerator,0,2,1000,2.77133,2.86723,1.46503697,6.341822477971808
inst_0701,RandomGenerator,0,2,1000,1.04305,0.9598100000000002,0.6990689700000001,5.811250431694339
inst_0886,RandomGenerator,0,5,1000,1.96441,3.6068,1.24686852,6.080033542846528
inst_0801,RandomGenerator,0,3,1000,2.47751,1.95952,1.4337918,6.318046607672578
inst_0652,RandomGenerator,0,2,1000,3.07736,1.8328100000000005,1.31848518,6.68805982942324
inst_0512,RandomGenerator,0,1,1000,0.34867,0.35621,0.15281409,5.460231724767483
inst_0437,RandomGenerator,0,2,1000,2.7382600000000004,2.21082,1.38344238,6.175065240630487
inst_0899,RandomGenerator,0,3,1000,2.36306,2.1842300000000003,1.5037319800000002,6.222584606018779
inst_0197,RandomGenerator,0,3,1000,2.16287,3.15276,0.5499924700000001,5.813688536124444
inst_0983,RandomGenerator,0,2,1000,1.7415900000000002,1.39223,1.1364689500000005,6.245774512825826
inst_0010,RandomGenerator,0,5,1000,2.51559,4.349150000000001,1.4912993300000004,6.4175714120086935
inst_0211,RandomGenerator,0,2,1000,1.0811100000000002,0.7749300000000001,0.4079868899999999,5.737237992822185
inst_0409,RandomGenerator,0,3,1000,5.56114,4.832320000000001,3.02276604,6.676086227872118
inst_0858,RandomGenerator,0,4,1000,1.72028,2.12929,0.84989854,6.099837536235526
inst_0335,RandomGenerator,0,3,1000,2.86458,3.02331,1.0778642,5.996892801658336
inst_0709,RandomGenerator,0,2,1000,1.84064,2.23277,0.4748537599999999,5.8752920949807095
inst_0051,RandomGenerator,0,3,1000,3.20171,3.4416,1.45200033,6.119586082515746
inst_0764,RandomGenerator,0,3,1000,1.78424,2.55791,0.5963933299999999,6.024209728259372
inst_0462,RandomGenerator,0,4,1000,5.50149,4.87063,2.97386391,7.1875877323271915
inst_0953,RandomGenerator,0,2,1000,1.69003,1.72674,0.96462876,6.139573321598904
inst_0216,RandomGenerator,0,3,1000,2.91785,3.1234200000000003,0.53644972,6.0594783191313715
inst_0759,RandomGenerator,0,3,1000,2.97387,2.7618500000000004,1.8330762000000005,6.615873058201903
inst_0403,RandomGenerator,0,5,1000,3.96323,4.79109,2.4110778,6.61508143138626
inst_0113,RandomGenerator,0,4,1000,2.20477,2.50284,0.50808596,5.7016710536517055
inst_0202,RandomGenerator,0,2,1000,1.5623600000000002,1.07532,0.5613437200000001,6.2148773199492915
inst_0070,RandomGenerator,0,2,1000,1.3629099999999998,1.4571299999999998,0.7825610999999999,5.849450660906108
inst_0293,RandomGenerator,0,3,1000,2.06199,2.39769,0.6539704199999999,5.604903420119788
inst_0042,RandomGenerator,0,1,1000,0.45496,0.3851099999999999,0.2326064399999999,5.509630445565831
inst_0224,RandomGenerator,0,1,1000,0.8188,0.66733,0.3483462599999999,5.6265502370541745
inst_0245,RandomGenerator,0,4,1000,3.7589,4.29045,2.56046523,6.318521168649187
inst_0067,RandomGenerator,0,5,1000,3.14518,4.87865,1.80047656,6.167790913334742
inst_0215,RandomGenerator,0,3,1000,2.87145,2.54473,1.58868825,5.97140724497454
inst_0731,RandomGenerator,0,2,1000,2.53051,2.31792,0.92722184,6.022744805596654
inst_0366,RandomGenerator,0,4,1000,4.5397,5.144700000000001,2.77710005,6.89486082777591
inst_0766,RandomGenerator,0,3,1000,1.90168,2.16814,0.49801411,5.545950420838633
inst_0376,RandomGenerator,0,3,1000,1.4966,1.66696,1.2794880400000002,6.5925639681297445
inst_0629,RandomGenerator,0,3,1000,2.7602200000000003,2.25861,1.57141381,5.805952437390487
inst_0741,RandomGenerator,0,2,1000,1.32982,1.44716,0.2008260399999999,5.395550231766981
inst_0332,RandomGenerator,0,4,1000,3.16074,3.14834,2.14520975,6.758570984173428
inst_0166,RandomGenerator,0,2,1000,1.18945,1.01893,0.44744323,5.769148351060815
inst_0264,RandomGenerator,0,3,1000,3.78184,4.523680000000001,1.6629815199999998,6.013318723642007
inst_0331,RandomGenerator,0,4,1000,2.427350000000001,3.08201,1.6310770499999998,6.533453332477045
inst_0392,RandomGenerator,0,4,1000,0.99986,2.05969,0.9973073100000002,6.027920730551867
inst_0283,RandomGenerator,0,1,1000,0.55816,0.7900799999999999,0.3855590399999999,5.531899448560179
inst_0049,RandomGenerator,0,2,1000,1.15873,1.26011,0.43431073,5.854464116389245
inst_0575,RandomGenerator,0,3,1000,1.8932,3.0578900000000004,0.27295459,5.56523807449157
inst_0138,RandomGenerator,0,2,1000,0.8642099999999999,1.2710199999999998,0.74900534,5.755710692304438
inst_0035,RandomGenerator,0,1,1000,1.83851,1.42607,0.06987743,5.43943051408246
inst_0990,RandomGenerator,0,1,1000,0.26127,0.35621,0.01745429,5.352989831516062
inst_0594,RandomGenerator,0,4,1000,4.45531,4.496320000000001,2.82972583,6.508630603318951
inst_0380,RandomGenerator,0,5,1000,4.129569999999999,6.031370000000001,2.51688049,6.250946779246718
inst_0831,RandomGenerator,0,4,1000,3.79185,3.4933,1.93032851,6.190224314963507
inst_0017,RandomGenerator,0,4,1000,2.56876,2.5775300000000003,1.94769993,6.372618555112546
inst_0961,RandomGenerator,0,3,1000,2.33469,2.43966,1.2339874400000002,6.313253063682993
inst_0248,RandomGenerator,0,3,1000,2.40229,2.56013,1.25873941,5.946584996108933
inst_0866,RandomGenerator,0,3,1000,2.40572,2.70449,1.48140329,6.340844781692992
inst_0438,RandomGenerator,0,3,1000,3.0283,2.72127,2.4090553800000003,6.556196763041524
inst_0535,RandomGenerator,0,2,1000,0.7968099999999999,1.17011,0.10555437,5.400026000122598
inst_0887,RandomGenerator,0,2,1000,3.79391,2.9895600000000004,1.41932636,5.962812910264244
inst_0532,RandomGenerator,0,5,1000,2.7396,3.91,2.318520150000001,6.697493649837542
inst_0624,RandomGenerator,0,3,1000,3.53058,2.84602,1.42755213,6.18840646997942
inst_0443,RandomGenerator,0,2,1000,2.566,2.1373100000000003,1.2928588000000003,5.915592959318648
inst_0550,RandomGenerator,0,3,1000,2.85422,3.7706500000000007,1.90585368,6.654427328218854
inst_0078,RandomGenerator,0,2,1000,1.02654,1.04039,0.6358181999999999,5.793154187917169
inst_0394,RandomGenerator,0,3,1000,2.5161800000000003,2.82034,1.3149458400000005,5.957324466556347
inst_0634,RandomGenerator,0,3,1000,2.69996,2.3214900000000003,1.0470774800000002,6.076820247877132
inst_0896,RandomGenerator,0,3,1000,3.04317,2.55363,1.3746295099999997,6.596614585937688
inst_0300,RandomGenerator,0,1,1000,0.7741899999999999,0.7900799999999999,0.68499936,5.596084722904702
inst_0793,RandomGenerator,0,3,1000,3.03482,2.87378,1.6812226300000002,6.468619566640363
inst_0775,RandomGenerator,0,1,1000,1.63872,0.8645499999999999,0.3942347999999999,5.894703909430853
inst_0355,RandomGenerator,0,5,1000,4.01114,4.59701,2.4347187100000003,6.9139089971742225
inst_0081,RandomGenerator,0,4,1000,4.58003,4.97428,2.4303097,6.551941760516961
inst_0442,RandomGenerator,0,3,1000,3.09998,2.5092700000000003,0.6025743500000001,5.584114936567127
inst_0577,RandomGenerator,0,2,1000,2.36871,1.90882,0.7100509700000001,5.722153173616532
inst_0620,RandomGenerator,0,5,1000,4.20959,5.27169,2.5449572800000007,6.366693821342718
inst_0556,RandomGenerator,0,2,1000,0.5647000000000001,0.70536,0.4606186899999999,5.53502473698624
inst_0193,RandomGenerator,0,3,1000,1.56175,1.89072,1.11820812,6.063482641862313
inst_0072,RandomGenerator,0,2,1000,1.64972,1.11109,1.03927535,6.279877328177492
inst_0176,RandomGenerator,0,2,1000,1.5208,1.53395,0.32036642,5.631754833589969
inst_0147,RandomGenerator,0,3,1000,1.52978,1.92757,0.48787529,5.485863187714263
inst_0236,RandomGenerator,0,1,1000,2.4182,1.74246,0.2439443999999999,5.515878557314644
inst_0483,RandomGenerator,0,1,1000,1.55248,0.8280700000000001,0.7436068600000001,5.682388381658369
inst_0341,RandomGenerator,0,2,1000,1.8972,2.18026,0.3003858,0.0
inst_0253,RandomGenerator,0,2,1000,0.6566700000000001,0.81098,0.4838909,5.527168883969449
inst_0862,RandomGenerator,0,3,1000,2.6376000000000004,2.59147,1.20455456,5.835115478737496
inst_0597,RandomGenerator,0,3,1000,2.61849,2.970800000000001,1.3389737200000005,6.417207760944423
inst_0444,RandomGenerator,0,2,1000,3.12564,3.53761,1.08262142,5.8307654064890055
inst_0439,RandomGenerator,0,5,1000,3.11227,4.2161100000000005,2.8076421500000004,7.12129343515823
inst_0614,RandomGenerator,0,3,1000,1.65406,1.83405,1.0801477300000002,5.955783587219716
inst_0307,RandomGenerator,0,3,1000,1.87875,1.7216400000000005,0.6021030500000002,6.0618506773546255
inst_0789,RandomGenerator,0,4,1000,2.88995,2.95258,1.06250151,6.108710241827984
inst_0702,RandomGenerator,0,3,1000,1.85276,2.03885,1.14291397,6.4727494953631295
inst_0364,RandomGenerator,0,1,1000,0.91632,0.53799,0.1038320699999999,5.48186099566914
inst_0016,RandomGenerator,0,3,1000,2.38219,3.00657,0.92733342,6.136240101197141
inst_0203,RandomGenerator,0,3,1000,2.47757,3.1849500000000006,0.97864109,5.6487104717591565
inst_0476,RandomGenerator,0,4,1000,3.09462,2.81408,1.2245481699999998,6.337442916014477
inst_0156,RandomGenerator,0,2,1000,1.54152,1.32883,0.93746166,6.0158923301585405
inst_0074,RandomGenerator,0,4,1000,3.0797200000000005,3.92071,1.62371862,5.76878776633938
inst_0425,RandomGenerator,0,3,1000,2.02809,2.01256,1.06435151,6.081365830522299
inst_0235,RandomGenerator,0,5,1000,2.46152,4.03814,1.3551949300000004,6.111144246232041
inst_0523,RandomGenerator,0,5,1000,2.80995,3.31473,1.63781484,5.916229487646135
inst_0749,RandomGenerator,0,4,1000,4.55388,4.92342,3.0182599800000007,6.444332181736013
inst_0240,RandomGenerator,0,4,1000,3.37175,4.20166,1.26101087,5.789529630811207
inst_0201,RandomGenerator,0,5,1000,3.55666,5.26013,2.51884806,6.517263965565906
inst_0663,RandomGenerator,0,3,1000,3.02265,2.4354500000000003,0.52073199,5.6337791752266835
inst_0829,RandomGenerator,0,4,1000,2.95968,3.748510000000001,1.7752487099999998,6.814934321783575
inst_0457,RandomGenerator,0,3,1000,3.88575,3.85339,0.75934071,5.966997944334141
inst_0911,RandomGenerator,0,3,1000,5.382569999999999,4.40946,2.67094344,6.691112910240137
inst_0638,RandomGenerator,0,4,1000,1.69045,2.73929,0.6311932899999999,5.855090907543226
inst_0937,RandomGenerator,0,4,1000,1.0366799999999998,1.44525,0.77070936,5.636515583872017
inst_0238,RandomGenerator,0,3,1000,1.4237,2.54464,0.75522136,5.797001609639688
inst_0381,RandomGenerator,0,3,1000,3.43654,3.09205,2.17215699,6.828140418520047
inst_0889,RandomGenerator,0,2,1000,3.20642,2.2383500000000005,1.4943302500000002,6.741780898728594
inst_0727,RandomGenerator,0,3,1000,3.81646,2.7489600000000003,2.39273466,6.864892529242889
inst_0405,RandomGenerator,0,2,1000,1.56343,1.1405600000000002,0.8180052000000001,6.282314910563888
inst_0809,RandomGenerator,0,2,1000,3.8986,2.95188,2.4343812600000003,6.400632307537802
inst_0751,RandomGenerator,0,4,1000,4.589360000000001,4.31359,3.13699086,6.600719707090207
inst_0362,RandomGenerator,0,5,1000,2.16624,3.9802,1.2962137800000002,6.198339138110259
inst_0447,RandomGenerator,0,3,1000,3.79881,3.2252400000000003,2.19573668,6.408188994575481
inst_0955,RandomGenerator,0,5,1000,2.45316,3.65736,1.1269178799999997,5.983050974576082
inst_0805,RandomGenerator,0,3,1000,2.5360500000000004,2.89274,1.23120609,6.468577297995052
inst_0460,RandomGenerator,0,3,1000,3.6184,3.4655900000000006,1.92333789,6.414742718854878
inst_0926,RandomGenerator,0,5,1000,3.68467,4.473660000000001,2.66833297,6.300302614815605
inst_0842,RandomGenerator,0,5,1000,3.44898,4.37197,2.15477106,6.426869630093688
inst_0606,RandomGenerator,0,3,1000,2.6840900000000003,2.34926,0.95207755,5.9036089931781595
inst_0674,RandomGenerator,0,2,1000,0.44744,0.5931500000000001,0.29260275,5.460807167456796
inst_0542,RandomGenerator,0,1,1000,1.25602,0.70207,0.24010794,5.613132093420257
inst_0891,RandomGenerator,0,3,1000,3.15366,2.41294,1.6305507899999998,5.950128804811879
inst_0927,RandomGenerator,0,6,1000,4.0678,5.28365,3.00997827,6.569952035542419
inst_0427,RandomGenerator,0,3,1000,2.5316300000000003,2.8034100000000004,1.1826720200000005,5.888151163176355
inst_0544,RandomGenerator,0,2,1000,2.43085,1.73245,1.42677675,6.510917779159784
inst_0906,RandomGenerator,0,3,1000,2.6860699999999995,2.62098,1.17899633,5.760923290545953
inst_0411,RandomGenerator,0,3,1000,1.31305,1.81447,0.71881004,5.868085390063568
inst_0032,RandomGenerator,0,3,1000,1.44928,1.6502100000000002,0.5427512400000001,5.778303487181705
inst_0828,RandomGenerator,0,5,1000,2.66678,5.667,0.6292075600000001,5.885274462190673
inst_0274,RandomGenerator,0,3,1000,1.15709,1.53037,0.38937461,5.7882279661432445
inst_0593,RandomGenerator,0,3,1000,2.42084,2.15186,1.21550051,5.838097727947668
inst_0195,RandomGenerator,0,2,1000,1.55123,1.62745,0.16909563,5.411527057635189
inst_0030,RandomGenerator,0,2,1000,1.2289,1.01187,0.55188781,5.964949058428274
inst_0141,RandomGenerator,0,6,1000,4.874680000000001,5.7142800000000005,3.35775667,6.911522525716932
inst_0817,RandomGenerator,0,4,1000,3.74212,4.82348,1.87672229,6.239435388651533
inst_0825,RandomGenerator,0,3,1000,2.4937600000000004,2.0954200000000003,0.93083615,5.852526991362917
inst_0125,RandomGenerator,0,3,1000,3.90942,4.49682,1.86280183,6.096374561069277
inst_0043,RandomGenerator,0,3,1000,2.2681,2.01831,1.21743852,5.874903302811116
inst_0385,RandomGenerator,0,2,1000,2.86586,2.10731,0.56816517,5.891493743183368
inst_0266,RandomGenerator,0,2,1000,1.269,0.94541,0.6560550700000001,5.958866854594539
inst_0646,RandomGenerator,0,5,1000,4.12535,5.285629999999999,3.0533424100000004,6.907150820195713
inst_0124,RandomGenerator,0,4,1000,3.8897,3.6372,2.9022219,6.729594735435136
inst_0294,RandomGenerator,0,1,1000,1.22941,0.95388,0.58472844,5.756476093639063
inst_0130,RandomGenerator,0,2,1000,0.6584,0.83442,0.4755516,5.526090975195184
inst_0161,RandomGenerator,0,6,1000,3.84739,5.75858,2.5116216700000003,6.476914985813729
inst_0139,RandomGenerator,0,5,1000,3.91954,4.346970000000001,2.33028776,6.525594734265361
inst_0588,RandomGenerator,0,4,1000,4.19234,4.90987,2.26960582,6.548288362765784
inst_0721,RandomGenerator,0,3,1000,1.86878,2.45519,0.45238046,5.514503273975205
inst_0677,RandomGenerator,0,3,1000,4.3662600000000005,4.34062,2.82112462,7.102671511161317
inst_0981,RandomGenerator,0,3,1000,2.00256,2.06195,0.93118477,6.279801036300272
inst_0055,RandomGenerator,0,3,1000,2.25247,3.60707,0.71061432,5.8486928727902
inst_0586,RandomGenerator,0,3,1000,1.33043,1.63653,0.5740369999999999,5.564333577864686
inst_0491,RandomGenerator,0,2,1000,3.04902,2.61311,0.7477369699999998,5.785812671919231
inst_0997,RandomGenerator,0,3,1000,0.50686,0.95755,0.31228629,5.507891325078839
inst_0318,RandomGenerator,0,3,1000,2.0484,2.4476,0.7989598000000001,5.758965034856459
inst_0015,RandomGenerator,0,3,1000,0.88375,1.4348200000000002,0.24391728,5.439892569318792
inst_0684,RandomGenerator,0,2,1000,2.15524,1.77415,0.8373749200000001,5.941443425036635
inst_0357,RandomGenerator,0,3,1000,3.42182,3.17229,1.84929459,6.331959843180653
inst_0036,RandomGenerator,0,3,1000,1.40132,1.59627,0.4498722699999999,5.657173816692625
inst_0737,RandomGenerator,0,3,1000,3.10899,2.7568900000000003,1.86632109,5.854664149599694
inst_0182,RandomGenerator,0,2,1000,0.80669,0.7752300000000001,0.34425254,5.430419678696012
inst_0466,RandomGenerator,0,3,1000,3.06667,3.06696,1.0861936,6.252930871608787
inst_0143,RandomGenerator,0,4,1000,3.1454,3.17559,1.9865473100000004,6.215603743699062
inst_0412,RandomGenerator,0,2,1000,1.98429,2.07828,1.00289506,6.1771829837024965
inst_0306,RandomGenerator,0,5,1000,3.22796,4.38537,2.33155819,6.688607142857758
inst_0287,RandomGenerator,0,5,1000,3.2720700000000003,3.11778,1.48929991,6.3486313964918635
inst_0528,RandomGenerator,0,4,1000,1.83452,3.1405000000000003,0.50239904,5.625452442914698
inst_0295,RandomGenerator,0,4,1000,4.65242,4.72096,1.92904112,6.679345351296366
inst_0603,RandomGenerator,0,3,1000,3.05521,3.45933,2.1829884,6.561495969526168
inst_0472,RandomGenerator,0,2,1000,0.6598999999999999,0.71515,0.4968619599999999,5.5292681106287995
inst_0371,RandomGenerator,0,4,1000,1.47694,1.59704,0.88919276,6.116545770787843
inst_0482,RandomGenerator,0,4,1000,1.8263,1.93768,0.8237040600000001,5.899006320362568
inst_0976,RandomGenerator,0,5,1000,2.97873,4.39027,1.5274670299999995,6.032079136774572
inst_0487,RandomGenerator,0,5,1000,4.496359999999999,5.9538,2.7690184800000006,6.6850419889215775
inst_0214,RandomGenerator,0,2,1000,3.19413,3.06564,1.0673281200000002,5.965412535972467
inst_0344,RandomGenerator,0,1,1000,0.47784,0.5032500000000001,0.225456,5.450549262163049
inst_0541,RandomGenerator,0,2,1000,2.51884,2.03838,0.94434986,5.7931014778460215
inst_0337,RandomGenerator,0,2,1000,2.75141,2.00552,1.2768687800000005,6.20951085704746
inst_0696,RandomGenerator,0,3,1000,1.26964,1.7723,0.52404097,5.811337170060544
inst_0645,RandomGenerator,0,3,1000,4.06296,3.756310000000001,2.67838134,6.494188079266676
inst_0325,RandomGenerator,0,3,1000,6.00853,4.61319,3.36790518,6.895078846665212
inst_0580,RandomGenerator,0,3,1000,2.41032,2.87529,0.93055974,5.9274941972569515
inst_0278,RandomGenerator,0,2,1000,2.5578000000000003,2.6079300000000005,0.31173844,5.532771589420982
inst_0543,RandomGenerator,0,1,1000,1.13479,0.95388,0.4263843599999999,5.653630548339512
inst_0414,RandomGenerator,0,3,1000,2.03168,2.16711,0.86112097,6.132297337403899
inst_0796,RandomGenerator,0,2,1000,2.83418,2.6762000000000006,0.47526186,5.564347489120938
inst_0950,RandomGenerator,0,4,1000,3.18758,4.105359999999999,1.08081551,5.727060099151148
inst_0693,RandomGenerator,0,3,1000,2.82223,2.64469,1.33002321,5.751271464897533
inst_0406,RandomGenerator,0,1,1000,0.43522,0.34915,0.26221165,5.492139245844936
inst_0819,RandomGenerator,0,4,1000,2.64564,2.93824,1.9900572700000003,6.640617911049461
inst_0722,RandomGenerator,0,3,1000,2.29828,2.41883,1.71091993,5.9024598255147325
inst_0695,RandomGenerator,0,1,1000,0.3339499999999999,0.35621,0.13001665,5.4305991143901515
inst_0861,RandomGenerator,0,2,1000,2.551,1.62415,1.331341,5.689158253006971
inst_0879,RandomGenerator,0,1,1000,0.3022999999999999,0.23421,0.20657322,5.472547794791343
inst_0698,RandomGenerator,0,1,1000,3.45708,2.86374,0.19473432,5.459652512010661
inst_0277,RandomGenerator,0,4,1000,4.07856,4.29966,1.78299333,6.053227430840984
inst_0790,RandomGenerator,0,5,1000,2.8425700000000003,4.4404200000000005,1.69343078,6.58391829067056
inst_0126,RandomGenerator,0,3,1000,3.0694,3.25461,1.09893316,5.884878144947561
inst_0495,RandomGenerator,0,1,1000,0.3833999999999999,0.48094,0.0673316,5.366080312457277
inst_0400,RandomGenerator,0,4,1000,2.50431,2.7652,1.13102202,5.656706473118936
inst_0255,RandomGenerator,0,3,1000,1.99442,1.7246700000000004,0.79206361,6.15700393975976
inst_0413,RandomGenerator,0,1,1000,1.9275,1.39096,0.52161,5.451094790406411
inst_0761,RandomGenerator,0,4,1000,4.14881,4.6107700000000005,2.57196843,6.660152441442813
inst_0321,RandomGenerator,0,2,1000,2.31295,1.77176,0.97000995,5.650315983835061
inst_0617,RandomGenerator,0,2,1000,2.58484,2.21388,0.3593632799999999,5.5588271677636625
inst_0945,RandomGenerator,0,4,1000,2.21391,2.5613200000000003,1.4908387000000003,6.337631039198437
inst_0313,RandomGenerator,0,2,1000,1.64825,1.53245,0.432833,5.969622079526552
inst_0644,RandomGenerator,0,5,1000,3.93843,5.147200000000001,2.14903607,6.621686148025898
inst_0623,RandomGenerator,0,3,1000,2.75481,4.49963,0.59755846,5.72933332952556
inst_0900,RandomGenerator,0,5,1000,1.95878,3.91176,0.8779740500000001,6.000279285411992
inst_0379,RandomGenerator,0,2,1000,0.68972,0.8203,0.59736127,5.581576575008746
inst_0479,RandomGenerator,0,3,1000,3.40065,2.88328,1.22576202,5.914341215812322
inst_0232,RandomGenerator,0,3,1000,3.24623,2.86454,0.89467521,5.805078314037946
inst_0756,RandomGenerator,0,3,1000,3.39999,2.84418,1.55156326,6.238372938111447
inst_0553,RandomGenerator,0,4,1000,5.21583,4.94303,3.271774330000001,6.519170048491053
inst_0388,RandomGenerator,0,4,1000,2.50753,3.5679,1.65857464,6.473688245627106
inst_0382,RandomGenerator,0,1,1000,2.3766700000000003,1.67944,0.6936087200000001,5.597456828078517
inst_0627,RandomGenerator,0,4,1000,4.59241,5.62905,3.0538678900000003,6.59176883362587
inst_0048,RandomGenerator,0,4,1000,3.70693,3.90496,2.80155886,6.498169288330387
inst_0570,RandomGenerator,0,2,1000,4.5695,2.99847,2.70868296,6.470693698306066
inst_0966,RandomGenerator,0,3,1000,2.97726,2.1929,1.65972267,6.49957500910585
inst_0297,RandomGenerator,0,2,1000,1.88672,1.98452,0.7916703,5.702375471920029
inst_0219,RandomGenerator,0,4,1000,1.74937,2.2299,1.37252945,6.516419262258945
inst_0878,RandomGenerator,0,4,1000,4.17655,4.27356,2.80481436,6.605399934357105
inst_0672,RandomGenerator,0,4,1000,4.5183800000000005,4.95527,2.5645821800000004,6.370221110952555
inst_0823,RandomGenerator,0,4,1000,2.51939,3.53101,1.32921723,6.295487937351094
inst_0686,RandomGenerator,0,3,1000,3.72202,3.22037,2.04746407,6.602308165247773
inst_0302,RandomGenerator,0,3,1000,3.42355,2.98096,2.171491,6.283444280038806
inst_0971,RandomGenerator,0,4,1000,2.16692,2.14941,1.30862585,6.520684401128069
inst_0102,RandomGenerator,0,3,1000,3.1045,2.70552,1.96698907,6.552029922503536
inst_0398,RandomGenerator,0,2,1000,2.18392,1.53457,0.92911024,6.330464745512066
inst_0613,RandomGenerator,0,1,1000,0.51578,0.5185000000000001,0.2680645,5.514067394158006
inst_0327,RandomGenerator,0,1,1000,1.06862,0.94842,0.3471217199999999,5.7093735104062535
inst_0633,RandomGenerator,0,6,1000,2.12108,4.86894,1.04537843,5.963212155994661
inst_0573,RandomGenerator,0,3,1000,2.78544,3.1255,1.65695726,6.479737116257642
inst_0284,RandomGenerator,0,2,1000,2.87279,1.87856,0.5513026400000001,5.917064878108147
inst_0975,RandomGenerator,0,3,1000,2.08025,2.03355,1.5957843,6.230185185183978
inst_0872,RandomGenerator,0,3,1000,1.56644,1.4830200000000002,1.07685743,5.946727028701874
inst_0834,RandomGenerator,0,3,1000,2.59157,2.07554,1.1918893700000002,5.673116003055008
inst_0354,RandomGenerator,0,2,1000,1.80695,1.51533,0.6139937200000001,5.741937972369301
inst_0871,RandomGenerator,0,3,1000,6.121809999999999,4.1667700000000005,3.769877020000001,7.0310041776327
inst_0496,RandomGenerator,0,4,1000,2.46839,3.51699,0.86062237,5.685567008468947
inst_0785,RandomGenerator,0,3,1000,3.02682,2.80982,2.2361044800000003,6.75436988313266
inst_0377,RandomGenerator,0,5,1000,3.21517,3.41008,1.5188164700000002,6.310533460521935
inst_0056,RandomGenerator,0,2,1000,2.50088,2.4474,0.3777926,5.838909172523656
inst_0185,RandomGenerator,0,4,1000,2.8593800000000003,3.7099,1.5962603,6.352045842758994
inst_0563,RandomGenerator,0,3,1000,2.18535,2.27618,1.05246235,6.514628199556334
inst_0860,RandomGenerator,0,4,1000,2.80295,2.65201,2.1169641299999995,6.6063036366334975
inst_0609,RandomGenerator,0,3,1000,2.03836,2.34354,0.93017824,5.876137188139445
inst_0952,RandomGenerator,0,2,1000,2.90888,2.4416100000000003,1.7745529200000003,6.6209676296087
inst_0874,RandomGenerator,0,4,1000,3.6045,4.111180000000001,2.08765167,6.930750708404439
inst_0012,RandomGenerator,0,2,1000,2.89402,2.5389,0.9128097,5.881510502696312
inst_0258,RandomGenerator,0,3,1000,5.78572,4.86585,3.13867213,6.5670061893338545
inst_0330,RandomGenerator,0,2,1000,1.38099,0.90211,0.31220321,5.788047767785608
inst_0188,RandomGenerator,0,3,1000,2.79208,3.03578,0.33623197,5.720045436514256
inst_0626,RandomGenerator,0,5,1000,4.80683,5.22419,3.29526171,6.945162215450847
inst_0152,RandomGenerator,0,2,1000,5.029559999999999,3.24499,2.2085634899999995,6.459021709473418
inst_0735,RandomGenerator,0,3,1000,2.78884,2.82468,1.2042710399999998,6.015029269610532
inst_0654,RandomGenerator,0,3,1000,2.21951,2.48827,0.4974107,5.527742282026691
inst_0800,RandomGenerator,0,6,1000,4.87805,4.6855,3.09564706,6.42291300697015
inst_0177,RandomGenerator,0,5,1000,2.36811,2.6127700000000003,1.130946,5.668275017233076
inst_0417,RandomGenerator,0,1,1000,0.7108,0.66733,0.1681671599999999,5.491441887874714
inst_0994,RandomGenerator,0,5,1000,2.0557800000000004,3.1951900000000006,1.6898861400000005,6.38620716729942
inst_0123,RandomGenerator,0,3,1000,2.15145,2.4011400000000003,1.8713044600000004,6.719905423553384
inst_0591,RandomGenerator,0,5,1000,4.15028,5.722519999999999,2.75016751,6.806303478097094
inst_0504,RandomGenerator,0,2,1000,0.47406,0.64163,0.27222282,5.449056544477439
inst_0942,RandomGenerator,0,3,1000,3.9205,3.4981,2.10225848,6.691383298021664
inst_0539,RandomGenerator,0,4,1000,3.65486,4.34526,1.91369926,6.222821890116549
inst_0895,RandomGenerator,0,2,1000,1.1689500000000002,1.29211,0.70649399,5.694627103032874
inst_0552,RandomGenerator,0,4,1000,1.64931,2.18156,0.87960167,5.931771186922904
inst_0361,RandomGenerator,0,5,1000,3.29421,3.79881,2.70929812,6.647514347275096
inst_0446,RandomGenerator,0,1,1000,0.9793,0.7626900000000001,0.42253026,5.533531337010079
inst_0023,RandomGenerator,0,5,1000,3.33152,4.2331,2.5411069,6.638428873975202
inst_0252,RandomGenerator,0,1,1000,0.51658,0.40742,0.33938086,5.4601578443239385
inst_0762,RandomGenerator,0,5,1000,3.24352,4.66957,1.5824310499999998,6.532274163078569
inst_0916,RandomGenerator,0,2,1000,1.77469,1.67047,0.39183205,5.439326060994835
inst_0134,RandomGenerator,0,4,1000,2.41615,2.67732,1.7877684600000003,6.489802361603462
inst_0397,RandomGenerator,0,3,1000,2.51961,2.7159500000000003,1.43795481,5.968830480513936
inst_0002,RandomGenerator,0,5,1000,3.67679,4.564820000000001,2.9039261600000006,7.5875833686393115
inst_0192,RandomGenerator,0,1,1000,0.36916,0.40742,0.10837372,5.380203089739862
inst_0424,RandomGenerator,0,5,1000,3.80602,3.5261000000000005,2.6086996900000003,6.592729601267898
inst_0733,RandomGenerator,0,5,1000,3.3964000000000003,4.00174,2.62105372,6.77076320596961
inst_0567,RandomGenerator,0,1,1000,2.21952,1.19589,1.00933116,6.126153024183512
inst_0436,RandomGenerator,0,4,1000,1.38375,1.7247599999999998,0.96173317,5.985174296304822
inst_0273,RandomGenerator,0,2,1000,1.17605,0.8011000000000001,0.5029659000000001,5.821034752212725
inst_0316,RandomGenerator,0,3,1000,4.84449,4.69938,2.21833239,6.441520593150831
inst_0315,RandomGenerator,0,3,1000,2.34228,2.24952,1.23082554,6.3721519602185825
inst_0680,RandomGenerator,0,2,1000,3.48704,2.9596400000000003,1.2824704000000002,5.847779028983305
inst_0849,RandomGenerator,0,5,1000,5.21269,5.163010000000001,3.50352776,6.69368856811871
inst_0668,RandomGenerator,0,3,1000,2.25766,2.59659,0.6392724000000001,5.617411310750628
inst_0703,RandomGenerator,0,3,1000,3.33857,2.7095900000000004,1.7078786900000005,5.881897050196326
inst_0608,RandomGenerator,0,2,1000,1.55972,1.47653,0.82213582,6.043842428392401
inst_0625,RandomGenerator,0,1,1000,1.4881300000000002,0.8645499999999999,0.0423629499999999,5.458355571078253
inst_0099,RandomGenerator,0,3,1000,2.76762,2.5277700000000003,1.86736267,6.648307083844265
inst_0310,RandomGenerator,0,4,1000,1.70244,2.19706,0.84569977,5.65652229502305
inst_0840,RandomGenerator,0,2,1000,3.1328,2.6012500000000003,1.115134,6.120470111364778
inst_0368,RandomGenerator,0,4,1000,3.76056,3.92241,2.35167215,6.585440507385674
inst_0092,RandomGenerator,0,2,1000,1.91862,1.74958,0.24421258,5.518836405921058
inst_0791,RandomGenerator,0,3,1000,3.1838800000000003,2.81912,1.84438693,6.637101610150253
inst_0053,RandomGenerator,0,1,1000,0.3604,0.35621,0.1709808,5.452218180154162
inst_0890,RandomGenerator,0,6,1000,3.56922,6.28055,1.6424123199999998,6.197494259923752
inst_0384,RandomGenerator,0,2,1000,0.6409000000000001,0.92592,0.46239966,5.543706442305693
inst_0360,RandomGenerator,0,5,1000,4.570309999999999,5.41415,2.98052492,7.047319787362324
inst_0040,RandomGenerator,0,3,1000,3.57324,3.45469,1.59621581,6.352298226796733
inst_0334,RandomGenerator,0,2,1000,3.01838,1.95553,1.72323494,6.0736852330953885
inst_0993,RandomGenerator,0,4,1000,3.44921,3.813930000000001,2.16345667,6.344434182414806
inst_0647,RandomGenerator,0,4,1000,1.96022,2.51763,0.48239252,5.877993728614895
inst_0631,RandomGenerator,0,3,1000,1.3951300000000002,2.20448,0.6465506000000001,5.872632370299638
inst_0116,RandomGenerator,0,2,1000,1.83947,1.22349,0.7017845,6.040129500662345
inst_0352,RandomGenerator,0,3,1000,1.70086,2.68997,0.56755118,5.830485423784911
inst_0690,RandomGenerator,0,3,1000,2.5249200000000003,2.5694,0.8847122500000001,5.654072814555916
inst_0475,RandomGenerator,0,4,1000,2.3577600000000003,4.2574,0.71169002,5.686950068338616
inst_0583,RandomGenerator,0,2,1000,0.85888,1.11937,0.3634700499999999,5.621370043431821
inst_0965,RandomGenerator,0,2,1000,1.68258,1.6926,0.63799348,5.741120824781609
inst_0470,RandomGenerator,0,3,1000,3.75381,3.675,1.61041092,5.894501359288966
inst_0106,RandomGenerator,0,4,1000,4.8713500000000005,4.441530000000001,3.0987138400000003,6.514710215452433
inst_0739,RandomGenerator,0,6,1000,3.80608,5.83624,2.52941061,6.641698783926861
inst_0137,RandomGenerator,0,3,1000,3.52241,3.5009,1.9782466,7.1119518948522344
inst_0110,RandomGenerator,0,3,1000,2.83612,2.01962,1.65665739,6.2942225193617745
inst_0289,RandomGenerator,0,2,1000,2.04159,1.91198,1.01771166,5.56428805290783
inst_0769,RandomGenerator,0,2,1000,1.48618,1.53329,0.60809826,6.026135178046842
inst_0068,RandomGenerator,0,2,1000,1.31282,1.71111,0.7544761799999999,5.849128637758917
inst_0974,RandomGenerator,0,3,1000,1.46749,1.23036,0.8850649100000001,6.175841703252852
inst_0653,RandomGenerator,0,4,1000,3.4486800000000004,3.0016000000000003,1.99299375,6.986141145672867
inst_0118,RandomGenerator,0,3,1000,1.6776399999999998,1.50761,1.29356609,5.973359276198211
inst_0958,RandomGenerator,0,2,1000,1.09149,0.9231,0.32087518,5.588310347775538
inst_0261,RandomGenerator,0,4,1000,3.2224700000000004,3.72869,2.04601694,6.574467127664727
inst_0995,RandomGenerator,0,3,1000,3.67133,3.06371,2.54538617,6.797119388205778
inst_0167,RandomGenerator,0,4,1000,2.6651100000000003,3.7002700000000006,0.8526040300000002,6.000930714616483
inst_0813,RandomGenerator,0,2,1000,3.1481,2.21971,1.07296845,5.986055584802125
inst_0348,RandomGenerator,0,3,1000,3.92954,4.26392,0.94974908,5.9373755591454795
inst_0060,RandomGenerator,0,2,1000,2.99933,2.36788,0.8848741200000001,5.919219409056539
inst_0656,RandomGenerator,0,2,1000,1.59288,1.52934,0.53949934,5.840794310600106
inst_0129,RandomGenerator,0,3,1000,1.51374,1.96133,0.38751237,5.538796240432672
inst_0128,RandomGenerator,0,4,1000,2.12296,2.20157,1.12163052,6.37086624409535
inst_0222,RandomGenerator,0,5,1000,3.15237,3.5058,2.05091775,6.42264083299407
inst_0247,RandomGenerator,0,2,1000,2.26348,2.09397,0.92733769,6.346466062731309
inst_0969,RandomGenerator,0,5,1000,2.4227200000000004,4.78849,1.4409979000000002,6.070101667168556
inst_0401,RandomGenerator,0,4,1000,3.23973,4.394169999999999,1.58537415,6.460856244974444
inst_0547,RandomGenerator,0,3,1000,2.38212,2.30812,0.99991096,5.6697650863155795
inst_0639,RandomGenerator,0,4,1000,2.02525,2.71228,1.11255766,6.344954224935852
inst_0463,RandomGenerator,0,3,1000,3.26592,3.6482800000000006,1.9113099300000005,6.327839508113014
inst_0683,RandomGenerator,0,5,1000,3.13282,3.95083,1.76586117,6.1065027218181
inst_0088,RandomGenerator,0,4,1000,3.31692,3.9058,1.74391855,6.301335518124806
inst_0987,RandomGenerator,0,5,1000,3.27639,3.699500000000001,2.23543137,6.70127605611173
inst_0154,RandomGenerator,0,4,1000,1.88671,2.6579900000000003,1.00457045,5.9916821874182835
inst_0467,RandomGenerator,0,4,1000,3.33221,2.9865,2.05752149,6.235261568615896
inst_0112,RandomGenerator,0,3,1000,1.50449,1.78381,0.7358207900000001,5.865208313839379
inst_0921,RandomGenerator,0,3,1000,3.03106,3.83952,1.3705452,5.998091376767339
inst_0723,RandomGenerator,0,3,1000,1.3674000000000002,1.3466,0.4588855600000001,5.68708192412191
inst_0745,RandomGenerator,0,4,1000,5.314190000000001,5.275379999999999,3.4327783999999992,6.535487626742122
inst_0962,RandomGenerator,0,1,1000,0.26612,0.32571,0.05602212,5.358841831882908
inst_0743,RandomGenerator,0,3,1000,1.3158899999999998,1.62413,0.80168565,6.130340173273354
inst_0066,RandomGenerator,0,3,1000,1.85145,1.76278,0.5166704000000001,5.677512950112464
inst_0925,RandomGenerator,0,1,1000,2.62788,2.05976,0.36869704,5.561779835262445
inst_0061,RandomGenerator,0,3,1000,4.96516,3.2516700000000003,3.0519569200000003,6.5600175427120275
inst_0383,RandomGenerator,0,2,1000,0.3959,0.91613,0.0868036,5.419911150286686
inst_0429,RandomGenerator,0,4,1000,3.26684,3.23426,2.30332944,6.353744275962597
inst_0527,RandomGenerator,0,3,1000,3.2135700000000003,2.4510000000000005,1.2321951000000002,6.630694955462293
inst_0924,RandomGenerator,0,4,1000,4.539860000000001,3.16495,2.69668915,6.64178835290874
inst_0560,RandomGenerator,0,4,1000,4.72696,4.48963,3.48531419,7.377831078662642
inst_0269,RandomGenerator,0,5,1000,3.59168,4.90484,1.6919706800000005,5.950727452404291
inst_0336,RandomGenerator,0,3,1000,2.91798,2.27659,1.7236006200000002,6.256145161710253
inst_0045,RandomGenerator,0,3,1000,2.88158,2.60482,0.74899737,5.6993162463355365
inst_0778,RandomGenerator,0,4,1000,2.21888,3.2375300000000005,1.57745071,6.5481003580121335
inst_0111,RandomGenerator,0,4,1000,2.75036,3.0198,1.56084454,5.963637766182605
inst_0291,RandomGenerator,0,4,1000,3.95758,3.89662,2.8785327199999995,6.554779290703645
inst_0725,RandomGenerator,0,4,1000,1.45873,2.06192,0.7071748099999999,5.803949077988887
inst_0992,RandomGenerator,0,1,1000,1.91666,1.06455,0.8750601,5.7266427026804365
inst_0734,RandomGenerator,0,5,1000,2.81881,4.15638,2.3183446100000005,6.554967225165205
inst_0221,RandomGenerator,0,2,1000,1.3059,1.0412400000000002,0.7997596500000002,6.036257401839466
inst_0657,RandomGenerator,0,4,1000,3.9302,4.42984,2.45765144,6.218986547598118
inst_0484,RandomGenerator,0,2,1000,2.81995,1.88573,0.451192,5.739732416771713
inst_0004,RandomGenerator,0,1,1000,2.8894,1.93392,0.7542288,5.776742359986869
inst_0615,RandomGenerator,0,1,1000,0.52938,0.5185000000000001,0.2888045,5.459482451664912
inst_0026,RandomGenerator,0,2,1000,3.45643,3.2964100000000003,1.17909986,5.740369138279077
inst_0514,RandomGenerator,0,3,1000,2.71691,2.68683,1.38924747,5.974196101345192
inst_0531,RandomGenerator,0,4,1000,2.99489,3.6924,0.8760564300000001,6.010954722223236
inst_0529,RandomGenerator,0,3,1000,1.9002,1.66386,1.2713870900000002,6.4771474836762755
inst_0169,RandomGenerator,0,2,1000,1.26821,1.4137,0.2786515499999999,5.51774211751033
inst_0001,RandomGenerator,0,4,1000,3.3973100000000005,2.8359,2.38369988,6.6448959092600575
inst_0869,RandomGenerator,0,3,1000,3.09099,3.0349500000000003,1.44115107,6.2646667535814515
inst_0882,RandomGenerator,0,5,1000,4.61149,4.495380000000001,3.00466054,6.546326728195701
inst_0707,RandomGenerator,0,3,1000,1.12128,1.52088,0.87018711,5.728596913222326
inst_0949,RandomGenerator,0,4,1000,2.78287,2.94886,1.45923971,6.372870629338142
inst_0024,RandomGenerator,0,2,1000,1.5557999999999998,1.35142,1.08215092,6.203527648771888
inst_0948,RandomGenerator,0,4,1000,2.73415,3.3326400000000005,1.81638928,6.580070934166306
inst_0517,RandomGenerator,0,4,1000,3.89618,4.636380000000001,1.9124393000000004,6.012689534971412
inst_0071,RandomGenerator,0,2,1000,2.00692,1.86379,0.6252407600000001,5.784693320323302
inst_0089,RandomGenerator,0,3,1000,3.52987,3.02737,2.30806849,6.252321388775128
inst_0480,RandomGenerator,0,3,1000,2.56153,2.07924,1.5914893200000002,6.560358346823324
inst_0518,RandomGenerator,0,5,1000,3.69424,3.36776,1.99506656,6.550581598195376
inst_0946,RandomGenerator,0,2,1000,1.65554,1.7499,0.32744396,5.461690134710187
inst_0390,RandomGenerator,0,3,1000,3.52437,3.53128,1.7160275499999995,6.356367385835771
inst_0279,RandomGenerator,0,3,1000,1.48926,1.83048,0.97867197,6.177450878359412
inst_0996,RandomGenerator,0,2,1000,0.80616,1.26368,0.2690371200000001,5.431686330978377
inst_0852,RandomGenerator,0,3,1000,2.19339,2.2059,1.31760293,6.388977879832859
inst_0601,RandomGenerator,0,1,1000,2.02976,1.1015700000000002,0.90438897,6.050673227571865
inst_0298,RandomGenerator,0,3,1000,2.18723,2.40644,1.29593072,6.549023571355996
inst_0988,RandomGenerator,0,6,1000,7.05892,6.638529999999999,4.66750929,6.996279988976847
inst_0117,RandomGenerator,0,2,1000,2.63947,2.2001500000000003,1.13816163,5.683282088352873
inst_0533,RandomGenerator,0,4,1000,3.75354,3.1689800000000004,2.0116773900000005,6.259301468838827
inst_0440,RandomGenerator,0,2,1000,2.43176,2.95188,0.90879734,5.576464285714402
inst_0815,RandomGenerator,0,3,1000,3.07123,2.55033,1.7550568,7.4316025783638695
inst_0399,RandomGenerator,0,6,1000,5.472479999999999,6.44961,4.110367500000001,7.372064335158085
inst_0549,RandomGenerator,0,3,1000,1.426,2.09754,0.7688972799999999,6.17342503698196
inst_0454,RandomGenerator,0,4,1000,3.22119,3.48436,2.5988523600000004,7.055578551726672
inst_0418,RandomGenerator,0,3,1000,2.1878,2.63309,0.96258382,6.040078857707656
inst_0445,RandomGenerator,0,3,1000,3.41032,3.78534,1.54918974,6.3589743209874054
inst_0554,RandomGenerator,0,2,1000,2.28204,1.71484,0.8536263600000001,5.9403882616488195
inst_0000,RandomGenerator,0,3,1000,1.87203,1.96094,0.59078003,5.811155741889836
inst_0868,RandomGenerator,0,1,1000,1.21379,0.5973900000000001,0.5836500300000002,5.887361837577049
inst_0662,RandomGenerator,0,3,1000,2.40161,2.2465,0.9660946,6.188384852589895
inst_0308,RandomGenerator,0,2,1000,4.57969,3.69958,2.4055510300000003,6.264147412374809
inst_0999,RandomGenerator,0,4,1000,2.62191,2.99372,2.14372215,6.642362538406611
inst_0338,RandomGenerator,0,3,1000,2.00214,2.20821,1.23091637,5.985443535037558
inst_0242,RandomGenerator,0,4,1000,3.1184300000000005,3.96378,1.35211665,6.330470186967624
inst_0207,RandomGenerator,0,4,1000,3.86056,4.27508,2.69275216,6.557302693420211
inst_0272,RandomGenerator,0,2,1000,2.9397200000000003,2.33768,1.5782256500000005,5.85697443642817
inst_0304,RandomGenerator,0,4,1000,2.58912,3.01305,1.4487968900000003,6.014560280420732
inst_0941,RandomGenerator,0,4,1000,2.79124,3.80691,1.39909665,6.010885830922212
inst_0651,RandomGenerator,0,4,1000,2.8795,3.55737,1.62547662,6.068783643241604
inst_0839,RandomGenerator,0,3,1000,2.23052,2.1259300000000003,1.24027034,6.190104233218657
inst_0452,RandomGenerator,0,2,1000,1.5536800000000002,1.0949,0.6469121999999999,6.035902412125783
inst_0918,RandomGenerator,0,3,1000,1.4629,1.82457,0.51893355,5.6412852779399145
inst_0136,RandomGenerator,0,4,1000,4.00766,3.82775,2.56940691,6.677859587768791
inst_0404,RandomGenerator,0,2,1000,2.34506,2.16834,1.10999476,6.043804744770266
inst_0574,RandomGenerator,0,3,1000,3.0176,2.37883,2.04032287,7.168007931513956
inst_0105,RandomGenerator,0,2,1000,1.47006,1.4528,0.925944,6.262868253018775
inst_0943,RandomGenerator,0,2,1000,1.97302,1.57429,0.43539892,5.647603700591976
inst_0326,RandomGenerator,0,1,1000,1.07264,0.66272,0.2332774399999999,5.585605341175568
inst_0100,RandomGenerator,0,3,1000,3.73933,3.3120000000000003,1.9801368100000003,6.576640026057937
inst_0765,RandomGenerator,0,5,1000,3.21987,4.32617,2.31081054,6.612913978412388
inst_0395,RandomGenerator,0,2,1000,1.01446,0.99146,0.61301176,5.505344377332083
inst_0685,RandomGenerator,0,2,1000,0.41175,0.5904200000000001,0.25230893,5.5103970834458025
inst_0730,RandomGenerator,0,3,1000,1.62363,1.6392800000000003,0.98865685,5.713635986537146
inst_0223,RandomGenerator,0,3,1000,1.95825,2.6383800000000006,0.6000624700000001,5.623291303795855
inst_0478,RandomGenerator,0,2,1000,2.013,2.03762,0.5421980399999999,5.531837386294783
inst_0978,RandomGenerator,0,1,1000,1.1890999999999998,0.6251599999999999,0.4938763999999999,5.9223484357458105
inst_0034,RandomGenerator,0,3,1000,3.20916,2.64758,2.1452383600000005,6.484960392008816
inst_0346,RandomGenerator,0,3,1000,1.5375900000000002,1.4609,0.6057492500000001,6.1451025505219725
inst_0345,RandomGenerator,0,4,1000,3.95516,4.11639,2.18856022,6.41188233239511
inst_0536,RandomGenerator,0,4,1000,4.699809999999999,4.58809,2.97904283,6.685092817656851
inst_0347,RandomGenerator,0,4,1000,2.77251,2.64139,1.21542527,5.853569687521829
inst_0897,RandomGenerator,0,3,1000,3.13964,3.00869,0.98743814,5.739010809459582
inst_0954,RandomGenerator,0,4,1000,2.4967,3.4052100000000003,1.7607948600000003,6.526813951396269
inst_0720,RandomGenerator,0,4,1000,2.6614,3.20716,1.31073003,6.406861719186677
inst_0256,RandomGenerator,0,4,1000,2.67045,2.93934,1.36038249,6.042020609233011
inst_0115,RandomGenerator,0,2,1000,1.94345,1.15496,0.6887488,6.031737415086121
inst_0373,RandomGenerator,0,2,1000,2.1802,1.6251700000000002,1.2194975400000003,6.753447036431909
inst_0260,RandomGenerator,0,2,1000,1.44281,1.3858700000000002,0.7899540500000002,5.960447023703945
inst_0365,RandomGenerator,0,1,1000,1.39397,0.70207,0.55252909,6.032112360761966
inst_0843,RandomGenerator,0,2,1000,3.22018,2.29013,1.2174348599999996,6.051696177016373
inst_0370,RandomGenerator,0,4,1000,2.35137,3.3101000000000003,1.3993527199999998,6.089255701259098
inst_0091,RandomGenerator,0,2,1000,1.86833,1.7385,1.5292320599999998,6.446154428566237
inst_0239,RandomGenerator,0,4,1000,4.14008,3.3070500000000003,3.03962284,6.70496531157073
inst_0713,RandomGenerator,0,5,1000,3.77745,4.42831,2.70624445,6.97658887242702
inst_0786,RandomGenerator,0,4,1000,4.5619,5.11009,3.79714647,6.825170409619826
inst_0180,RandomGenerator,0,4,1000,2.9935,2.8222200000000006,1.9269220800000004,6.359241938046737
inst_0804,RandomGenerator,0,4,1000,2.55466,3.5383,1.56075898,6.208821663876139
inst_0471,RandomGenerator,0,5,1000,1.99441,2.95278,1.48884232,6.045522759594919
inst_0174,RandomGenerator,0,3,1000,4.68565,3.97028,2.7881483099999995,6.4049817000532006
inst_0566,RandomGenerator,0,4,1000,1.6619099999999998,2.05179,0.9307827200000002,6.194585019340015
inst_0339,RandomGenerator,0,3,1000,2.99594,2.8766,0.95884296,5.7843051559569965
inst_0589,RandomGenerator,0,1,1000,1.20728,0.70367,0.21391568,5.54653979201864
inst_0642,RandomGenerator,0,4,1000,2.3024400000000003,2.8978,0.98560658,5.9959993100029925
inst_0453,RandomGenerator,0,2,1000,3.18374,2.56682,1.7275104300000004,6.3630954464313305
inst_0153,RandomGenerator,0,3,1000,3.27202,2.79047,1.23387177,6.3094410726701895
inst_0914,RandomGenerator,0,2,1000,1.4578400000000002,1.40734,0.76488929,6.138859335308169
inst_0430,RandomGenerator,0,3,1000,1.70558,2.08833,1.00341989,5.6956112111513475
inst_0940,RandomGenerator,0,4,1000,1.5151199999999998,3.04372,0.30959838,5.564289744926716
inst_0160,RandomGenerator,0,2,1000,3.73964,2.52434,1.5359601199999997,5.887607956022741
inst_0692,RandomGenerator,0,4,1000,2.96977,3.46956,2.10371777,6.268508637723769
inst_0155,RandomGenerator,0,3,1000,1.3754000000000002,1.51533,0.7125985800000001,5.849679871676045
inst_0426,RandomGenerator,0,5,1000,4.15268,5.23552,3.70284395,7.187063655790888
inst_0375,RandomGenerator,0,1,1000,0.26973,0.29248,0.10734016,5.442376924101872
inst_0799,RandomGenerator,0,2,1000,2.51543,2.21813,0.6807824600000001,5.805550771576602
inst_0303,RandomGenerator,0,4,1000,2.83174,3.3752000000000004,2.2670987800000004,6.714072190445202
inst_0251,RandomGenerator,0,2,1000,1.46112,0.93788,0.7239017100000001,5.936653458308533
inst_0520,RandomGenerator,0,2,1000,3.67476,2.6939900000000003,1.86115228,6.581745298752992
inst_0170,RandomGenerator,0,3,1000,2.8753,3.02002,0.77176888,5.675687387202458
inst_0179,RandomGenerator,0,2,1000,2.20158,2.55558,0.7386161399999999,5.830519685061267
inst_0181,RandomGenerator,0,5,1000,3.48455,5.06335,2.5843009600000006,6.779677338113647
inst_0551,RandomGenerator,0,3,1000,1.8284,1.88827,1.2843647699999998,6.042667780952719
inst_0205,RandomGenerator,0,2,1000,0.6394500000000001,1.22527,0.47821526,5.646734452623311
inst_0771,RandomGenerator,0,2,1000,0.2625,0.4711499999999999,0.12904209,5.4851194972446935
inst_0057,RandomGenerator,0,1,1000,1.39975,0.6679,0.2664921,5.768440932373544
inst_0537,RandomGenerator,0,1,1000,5.2866,2.86374,2.4628164000000003,7.051726422426701
inst_0340,RandomGenerator,0,3,1000,1.64974,1.3967,0.8743645800000002,6.250743302773237
inst_0894,RandomGenerator,0,1,1000,1.144,0.66272,0.3810639999999999,5.730560991985263
inst_0122,RandomGenerator,0,3,1000,2.36354,2.0693,1.15040562,6.235484411290435
inst_0777,RandomGenerator,0,3,1000,2.06633,2.04022,1.1357638,6.728823093475785
inst_0342,RandomGenerator,0,3,1000,1.58327,2.07376,0.6921430999999998,5.845878463898415
inst_0505,RandomGenerator,0,3,1000,2.70048,3.3441,0.52074644,5.979370370373578
inst_0233,RandomGenerator,0,4,1000,4.114649999999999,4.40151,2.59113286,6.511858227203652
inst_0806,RandomGenerator,0,5,1000,4.66147,4.36745,3.0766168300000003,6.6575786590625645
inst_0389,RandomGenerator,0,4,1000,2.3802200000000004,2.8153900000000003,1.13251341,5.909889137345169
inst_0826,RandomGenerator,0,1,1000,0.8052,0.66733,0.32565704,5.624628006914976
inst_0697,RandomGenerator,0,4,1000,2.21527,2.32837,1.5956271999999998,6.773664157900921
inst_0820,RandomGenerator,0,4,1000,2.41289,2.55771,1.3182199,5.905455428555113
inst_0159,RandomGenerator,0,3,1000,2.80191,2.93447,0.66287293,5.604677201322293
inst_0515,RandomGenerator,0,4,1000,2.14856,2.79838,1.75098101,6.428217599890542
inst_0510,RandomGenerator,0,3,1000,1.53677,1.66696,1.1322222299999998,5.893199421008046
inst_0135,RandomGenerator,0,4,1000,2.1827,2.6338600000000003,1.02525568,5.860779434879659
inst_0637,RandomGenerator,0,2,1000,2.31514,1.8527500000000008,1.0346317,6.1197398162347305
inst_0007,RandomGenerator,0,2,1000,2.84851,2.22099,1.7027972100000002,6.281500360004281
inst_0714,RandomGenerator,0,2,1000,1.58455,1.10791,0.99190759,6.088518177370148
inst_0572,RandomGenerator,0,3,1000,4.35591,3.49798,2.6927094200000004,6.564639103058064
inst_0199,RandomGenerator,0,1,1000,2.14702,1.19589,0.85984491,6.005327306480526
inst_0083,RandomGenerator,0,2,1000,1.20812,1.21389,0.4519417500000001,5.752668298807025
inst_0018,RandomGenerator,0,4,1000,3.59237,3.90288,1.65147375,6.615990548583617
inst_0507,RandomGenerator,0,5,1000,1.84044,3.31604,1.11858768,5.888065119931592
inst_0598,RandomGenerator,0,4,1000,4.576239999999999,4.16204,2.9040005200000003,6.586933703519929
inst_0939,RandomGenerator,0,5,1000,2.40435,3.25646,1.16372838,5.790129428381902
inst_0802,RandomGenerator,0,3,1000,1.70123,2.26448,0.66151152,5.803996499936136
inst_0675,RandomGenerator,0,4,1000,4.254020000000001,4.2287300000000005,2.82175285,6.5173686374128454
inst_0546,RandomGenerator,0,2,1000,0.65083,0.8747100000000001,0.47617245,5.500625375454531
inst_0602,RandomGenerator,0,2,1000,1.58506,1.1318,0.75876468,5.902321307332958
inst_0008,RandomGenerator,0,3,1000,2.2200100000000003,2.18937,1.7985874199999998,6.587805493219637
inst_0172,RandomGenerator,0,3,1000,3.06664,3.28468,0.86344336,5.76621011089487
inst_0020,RandomGenerator,0,5,1000,3.50201,6.02081,1.5593063300000003,6.016579208740303
inst_0848,RandomGenerator,0,3,1000,3.2209700000000003,2.45088,1.87409057,6.144138184681115
inst_0046,RandomGenerator,0,4,1000,1.91349,2.06036,1.6160507700000002,6.276021522195988
inst_0455,RandomGenerator,0,1,1000,2.10878,1.42607,0.45919454,5.802735295848822
inst_0033,RandomGenerator,0,1,1000,0.2322,0.2369399999999999,0.0824551199999999,5.402468144619072
inst_0082,RandomGenerator,0,3,1000,3.35233,4.30515,1.46563385,6.0273038152118215
inst_0576,RandomGenerator,0,4,1000,3.16277,3.18014,2.1581273800000003,6.414965759639915
inst_0810,RandomGenerator,0,2,1000,1.5539,1.29136,0.7022749000000001,6.069582267110293
inst_0963,RandomGenerator,0,5,1000,2.4127,4.00471,1.19952541,6.248607150818343
inst_0077,RandomGenerator,0,3,1000,3.84883,2.85391,1.6894821599999998,6.200250284284356
inst_0183,RandomGenerator,0,2,1000,2.30073,1.81636,1.4611626800000002,7.040905557173667
inst_0772,RandomGenerator,0,1,1000,0.2715,0.2369399999999999,0.1445334,5.392564942381404
inst_0485,RandomGenerator,0,2,1000,4.13662,3.35652,2.41279373,5.960322375342697
inst_0458,RandomGenerator,0,2,1000,1.62929,2.25713,0.2884523699999999,5.618632823869442
inst_0522,RandomGenerator,0,3,1000,3.05998,3.47805,1.6068511,5.757024797676788
inst_0665,RandomGenerator,0,2,1000,1.49532,0.81334,0.5878558399999999,6.0526773504232985
inst_0590,RandomGenerator,0,3,1000,2.5557200000000004,2.32022,1.15889642,6.249428564900612
inst_0194,RandomGenerator,0,4,1000,3.66701,4.493,2.46228311,6.881763997615856
inst_0025,RandomGenerator,0,2,1000,2.7632600000000003,2.76183,0.8570218199999999,6.525339315286668
inst_0121,RandomGenerator,0,1,1000,0.26817,0.35621,0.02814059,5.386401639420624
inst_0670,RandomGenerator,0,4,1000,1.08178,2.29612,0.2775232199999999,5.466756346539181
inst_0288,RandomGenerator,0,2,1000,1.95918,1.49178,1.33902934,6.6373528367091605
inst_0271,RandomGenerator,0,3,1000,3.47176,4.50503,1.6324590399999996,6.510804316584659
inst_0351,RandomGenerator,0,2,1000,2.26679,1.89796,1.10861993,6.168839401884341
inst_0836,RandomGenerator,0,3,1000,2.677,3.06555,1.35460842,6.285401229407389
inst_0292,RandomGenerator,0,3,1000,2.2806800000000003,2.33072,1.88560398,6.617739105184563
inst_0317,RandomGenerator,0,3,1000,3.16237,2.65885,1.5003668200000002,6.045539041755583
inst_0835,RandomGenerator,0,1,1000,0.3803,0.48094,0.0625222,5.365919511203939
inst_0296,RandomGenerator,0,2,1000,1.02659,1.02486,0.35546445,5.599027392793111
inst_0349,RandomGenerator,0,5,1000,3.8634,4.307460000000001,2.4189108900000003,6.177637495240838
inst_0681,RandomGenerator,0,3,1000,2.58503,2.37679,1.85452477,6.504928847595542
inst_0094,RandomGenerator,0,4,1000,4.25298,5.40726,2.54988186,6.565174718987996
inst_0451,RandomGenerator,0,3,1000,3.01452,3.07213,1.17316498,5.949903556293001
inst_0145,RandomGenerator,0,4,1000,3.9595,3.76006,2.31367854,6.647019622995824
inst_0977,RandomGenerator,0,2,1000,1.26678,0.88987,0.63541051,5.9060524448312615
inst_0268,RandomGenerator,0,2,1000,1.7033600000000002,1.20409,0.98331007,5.621271661106844
inst_0919,RandomGenerator,0,3,1000,0.95925,1.2158799999999998,0.5216877,5.53904175513076
inst_0818,RandomGenerator,0,1,1000,2.83065,1.98277,0.64043471,5.64129542683311
inst_0558,RandomGenerator,0,2,1000,3.22541,2.2436,1.87218296,6.632728269367686
inst_0561,RandomGenerator,0,3,1000,2.10914,2.43766,1.1434371499999998,6.51160327356197
inst_0228,RandomGenerator,0,3,1000,0.6546799999999999,1.52048,0.53149624,5.642311279140135
inst_0979,RandomGenerator,0,3,1000,2.73906,2.3263,1.91193418,6.718435929238273
inst_0728,RandomGenerator,0,4,1000,3.04914,4.04581,0.8692581799999999,6.132448457859415
inst_0267,RandomGenerator,0,1,1000,1.34165,0.94842,0.8014149,5.792300741782982
inst_0682,RandomGenerator,0,4,1000,1.77749,2.6413200000000003,1.17698903,6.033800751127251
inst_0571,RandomGenerator,0,3,1000,3.02605,3.54223,0.8706334400000001,5.740483053926269
inst_0798,RandomGenerator,0,3,1000,2.90978,2.40558,1.54599262,5.791351901163121
inst_0492,RandomGenerator,0,4,1000,4.46554,3.96746,2.85343208,6.470216184577476
inst_0469,RandomGenerator,0,4,1000,3.56812,4.063470000000001,1.39636866,6.801499386861738
inst_0493,RandomGenerator,0,3,1000,2.56514,2.7278,1.41030644,6.1092938680290265
inst_0865,RandomGenerator,0,3,1000,2.90552,2.5731900000000003,0.8127620000000001,5.726123005603649
inst_0747,RandomGenerator,0,3,1000,1.59938,1.81419,0.48713323,5.783870406673679
inst_0846,RandomGenerator,0,1,1000,1.02104,0.7604299999999999,0.6326777599999999,5.888489596614801
inst_0311,RandomGenerator,0,3,1000,1.12706,1.5556200000000002,0.26619846,5.476218707320342
inst_0209,RandomGenerator,0,3,1000,4.277909999999999,4.96878,2.20852678,6.091857128254497
inst_0581,RandomGenerator,0,3,1000,2.45853,3.17163,0.94786757,5.789800386959558
inst_0998,RandomGenerator,0,5,1000,3.30783,5.58626,2.3055309900000003,6.60245249399075
inst_0477,RandomGenerator,0,2,1000,2.1296,2.15365,0.94537922,5.826109307418776
inst_0229,RandomGenerator,0,3,1000,2.11912,2.35277,0.70964582,5.680360683216173
inst_0142,RandomGenerator,0,1,1000,3.37495,2.23186,1.1047706999999998,5.682900975572274
inst_0792,RandomGenerator,0,2,1000,3.03508,2.3934100000000003,1.12698835,6.363503704788629
inst_0859,RandomGenerator,0,5,1000,3.432,4.868040000000001,2.21355739,6.817632300288129
inst_0710,RandomGenerator,0,4,1000,4.368180000000001,3.853460000000001,2.5829877300000006,6.516420697286072
inst_0666,RandomGenerator,0,4,1000,1.86363,2.6710700000000003,1.1443513400000005,6.192612138146788
inst_0324,RandomGenerator,0,5,1000,3.27658,5.05898,1.70898797,6.5235388404441235
inst_0867,RandomGenerator,0,1,1000,0.66062,0.5185000000000001,0.4889455000000001,5.586708049692361
inst_0973,RandomGenerator,0,3,1000,1.99042,1.80361,0.29363304,5.468748046875698
inst_0986,RandomGenerator,0,5,1000,2.60984,3.4540300000000004,1.7041889400000003,6.433067244177442
inst_0027,RandomGenerator,0,4,1000,2.8101,3.74329,0.86506648,6.01159756306068
inst_0459,RandomGenerator,0,3,1000,2.94291,3.07863,1.7967906,6.363948707546809
inst_0888,RandomGenerator,0,3,1000,1.4185,1.2711199999999998,0.8745360499999999,6.018331022669947
inst_0374,RandomGenerator,0,4,1000,2.59955,4.2759,1.13651754,6.063094121190074
inst_0604,RandomGenerator,0,3,1000,2.88074,2.5204,1.47747953,5.934895820312175
inst_0935,RandomGenerator,0,5,1000,3.0110900000000003,3.71729,2.3651466000000005,6.777075677861561
inst_0807,RandomGenerator,0,2,1000,1.85701,1.5678,0.84989985,5.566561488281028
inst_0704,RandomGenerator,0,4,1000,1.2388400000000002,2.01856,0.62785631,5.663169789382554
inst_0299,RandomGenerator,0,2,1000,0.83126,1.14168,0.31382294,5.5419305506894485
inst_0488,RandomGenerator,0,5,1000,4.01334,5.0997,2.3780924100000003,6.819207780484671
inst_0884,RandomGenerator,0,6,1000,4.64369,6.042579999999999,4.3118051,8.159986370268307
inst_0489,RandomGenerator,0,1,1000,0.8738400000000001,0.53799,0.00860784,5.4029648971748285
inst_0676,RandomGenerator,0,3,1000,4.668690000000001,4.10975,3.32887525,6.75492087196496
inst_0481,RandomGenerator,0,4,1000,5.34944,4.64932,3.01069106,7.529859405528927
inst_0301,RandomGenerator,0,1,1000,0.93048,0.53799,0.13557348,5.54088899364825
inst_0073,RandomGenerator,0,5,1000,2.25497,3.2144600000000003,1.3445303200000005,6.298933629908962
inst_0108,RandomGenerator,0,6,1000,2.41867,4.35526,1.30369293,0.0
inst_0870,RandomGenerator,0,3,1000,2.82448,2.60103,1.68668552,7.091034679438138
inst_0901,RandomGenerator,0,4,1000,2.97995,3.64088,0.51749859,5.645059042062791
inst_0506,RandomGenerator,0,1,1000,1.05251,0.6251599999999999,0.1994260399999999,5.615935817877133
inst_0386,RandomGenerator,0,3,1000,2.19312,2.8249,0.8906660800000001,6.008272839415993
inst_0648,RandomGenerator,0,3,1000,2.3131800000000005,2.4630200000000007,1.1665759800000002,6.062563861901183
inst_0358,RandomGenerator,0,6,1000,4.19567,5.5723,2.588874,7.394363933633826
inst_0225,RandomGenerator,0,2,1000,1.33277,1.20391,0.8743852799999999,6.302673467536947
inst_0643,RandomGenerator,0,3,1000,3.91608,3.72001,2.5292565599999994,6.37289757842825
inst_0564,RandomGenerator,0,5,1000,2.89008,4.251430000000001,1.57321042,6.348801021710736
inst_0450,RandomGenerator,0,2,1000,1.14793,1.26594,0.67464597,5.618764834576986
inst_0781,RandomGenerator,0,2,1000,1.32259,1.0293800000000002,0.45455179,5.980791424137479
inst_0822,RandomGenerator,0,2,1000,0.74575,1.02175,0.61876875,5.5101543727536955
inst_0503,RandomGenerator,0,1,1000,1.2583,1.1672,0.0618616,5.413441602166584
inst_0162,RandomGenerator,0,2,1000,2.60071,2.0986700000000003,0.5268256200000001,5.588740020108688
inst_0003,RandomGenerator,0,3,1000,2.04358,2.15508,0.84590044,5.641432794498056
inst_0984,RandomGenerator,0,4,1000,3.18571,3.23763,2.2759471499999995,6.879000773951477
inst_0005,RandomGenerator,0,3,1000,2.02434,1.90979,0.58581771,5.696356237708204
inst_0501,RandomGenerator,0,2,1000,1.7539299999999998,1.62074,0.65965218,5.673999999999069
inst_0559,RandomGenerator,0,3,1000,0.8793,1.1384800000000002,0.43442258,5.59536113954101
inst_0093,RandomGenerator,0,1,1000,1.35208,0.77286,0.3694270799999999,5.800014962621239
inst_0841,RandomGenerator,0,3,1000,1.78212,2.29401,0.9156793800000002,6.1531500032317625
inst_0960,RandomGenerator,0,2,1000,1.82033,1.73117,0.80110529,6.236057658654922
inst_0407,RandomGenerator,0,2,1000,1.66894,1.27404,0.5600555,5.699127307404335
inst_0716,RandomGenerator,0,3,1000,4.41272,3.2931700000000004,2.79728659,7.541025016130104
inst_0726,RandomGenerator,0,3,1000,1.4419300000000002,1.96951,0.66140222,5.545125033525481
inst_0356,RandomGenerator,0,3,1000,2.6423400000000004,3.43302,0.51590638,5.6489051790923686
inst_0320,RandomGenerator,0,2,1000,1.57044,1.20364,0.80365782,5.569053354501273
inst_0661,RandomGenerator,0,1,1000,1.5292,0.77286,0.7496742000000001,6.35636078951102
inst_0218,RandomGenerator,0,3,1000,2.75685,3.5876999999999994,0.52187314,5.752356275351713
inst_0853,RandomGenerator,0,5,1000,2.61233,3.13687,1.81093565,6.543698287226841
inst_0748,RandomGenerator,0,2,1000,3.94237,2.29013,2.19389699,6.735622528693962
inst_0144,RandomGenerator,0,1,1000,0.9875,0.56416,0.1523232,5.529194538591947
inst_0312,RandomGenerator,0,4,1000,3.4392,4.1574100000000005,1.76767018,6.577507047328397
inst_0508,RandomGenerator,0,1,1000,2.34908,1.45544,0.48320608,6.150008696642748
inst_0013,RandomGenerator,0,2,1000,1.80316,2.34677,0.09591725,5.441368623467139
inst_0628,RandomGenerator,0,4,1000,3.54401,3.6698,2.11539118,6.569778156191366
inst_0830,RandomGenerator,0,4,1000,2.43994,3.51094,1.04891999,5.963623688350999
inst_0920,RandomGenerator,0,3,1000,3.24398,3.6471,1.34346796,6.4605877787699955
inst_0658,RandomGenerator,0,4,1000,3.32595,4.32367,1.57390969,6.195672554094105
inst_0498,RandomGenerator,0,4,1000,2.83621,2.96401,2.0201146800000003,6.6845235692235425
inst_0114,RandomGenerator,0,2,1000,1.27402,1.62074,0.1662243,5.507928265253833
inst_0989,RandomGenerator,0,3,1000,1.3092,1.4657,0.7215069400000002,5.987540436084969
inst_0968,RandomGenerator,0,4,1000,3.89373,3.48483,2.13958287,6.343836517005029
inst_0200,RandomGenerator,0,4,1000,2.97449,3.37064,1.2804018499999998,6.307078407742176
inst_0490,RandomGenerator,0,4,1000,3.22005,4.29525,2.15475848,6.548638621466014
inst_0883,RandomGenerator,0,2,1000,1.57245,1.1372600000000002,0.8123114300000001,6.062437232053954
inst_0165,RandomGenerator,0,3,1000,2.1862600000000003,2.93784,0.6998551299999999,5.98815568890523
inst_0104,RandomGenerator,0,6,1000,4.27429,5.56324,3.3020906000000005,6.783961325119452
inst_0270,RandomGenerator,0,5,1000,2.1113599999999995,3.165679999999999,1.82403744,6.5731131831190766
inst_0742,RandomGenerator,0,5,1000,3.62928,3.87576,2.07342095,6.45267625512941
inst_0951,RandomGenerator,0,3,1000,1.24027,1.61283,0.95952877,6.2794064810524866
inst_0432,RandomGenerator,0,5,1000,5.12032,5.70105,3.79631121,7.138336747609675
inst_0019,RandomGenerator,0,3,1000,3.22074,2.6424000000000003,1.9724736200000004,6.7261587738509325
inst_0075,RandomGenerator,0,3,1000,3.49181,2.80381,1.4656093,5.963537192997658
inst_0511,RandomGenerator,0,3,1000,2.02876,2.8769400000000003,0.4589886199999999,5.514301469433601
inst_0096,RandomGenerator,0,3,1000,3.51369,2.97846,2.50452459,7.283220189829789
inst_0967,RandomGenerator,0,4,1000,3.892220000000001,3.79001,2.1200583500000003,6.479518821869272
inst_0084,RandomGenerator,0,4,1000,3.2803400000000003,3.7035,2.0918861700000004,6.8359853514598115
inst_0441,RandomGenerator,0,2,1000,2.9054,2.1638200000000003,1.79084378,6.243303475763857
inst_0630,RandomGenerator,0,2,1000,1.64662,1.15065,0.5464008,5.894867897360541
inst_0863,RandomGenerator,0,3,1000,1.5136599999999998,1.37966,0.63771819,5.868016504632693
inst_0420,RandomGenerator,0,4,1000,1.71086,1.85458,1.00698013,6.176163131021426
inst_0206,RandomGenerator,0,4,1000,2.59725,2.66722,1.61955201,6.004197870634915
inst_0387,RandomGenerator,0,5,1000,3.90358,5.30166,2.0544322100000003,6.73699867701577
inst_0768,RandomGenerator,0,2,1000,2.5069700000000004,2.38388,1.09512653,6.293814935570209
inst_0851,RandomGenerator,0,4,1000,2.96581,3.4606900000000005,1.7651434600000002,6.4750423924316545
inst_0688,RandomGenerator,0,4,1000,4.30138,4.857710000000001,2.3527620600000003,7.055201687143038
inst_0393,RandomGenerator,0,4,1000,2.70502,3.4171500000000004,1.45599321,6.350362746651977
inst_0428,RandomGenerator,0,4,1000,2.928,3.33916,0.83728018,5.777289053379131
inst_0938,RandomGenerator,0,4,1000,4.38271,3.84485,3.3229879500000004,7.158468144109783
inst_0431,RandomGenerator,0,3,1000,1.96253,2.2527,0.59655207,5.507860770433459
inst_0660,RandomGenerator,0,2,1000,1.92711,1.27197,0.93982797,6.345485143821068
inst_0619,RandomGenerator,0,2,1000,2.18261,1.6648,0.75036694,5.932839593595863
inst_0435,RandomGenerator,0,3,1000,1.21237,1.65143,0.4170591399999999,5.522984429428885
inst_0934,RandomGenerator,0,3,1000,0.66185,1.04905,0.5690966900000001,5.505879462099313
inst_0031,RandomGenerator,0,1,1000,0.5253,0.5185000000000001,0.2825825,5.457825262592728
inst_0600,RandomGenerator,0,1,1000,0.996,0.53799,0.28244475,5.746477642131661
inst_0980,RandomGenerator,0,4,1000,2.58419,2.25405,1.59672823,6.533760955436028
inst_0465,RandomGenerator,0,5,1000,4.41051,4.45622,2.68018019,6.386772682534558
inst_0047,RandomGenerator,0,2,1000,0.97084,1.1080299999999998,0.1182556299999999,5.395597767063201
inst_0500,RandomGenerator,0,2,1000,1.8854,1.3678,0.8385898999999999,6.224399818717327
inst_0540,RandomGenerator,0,5,1000,3.46754,3.2981300000000005,1.5729505,6.1625939373013
inst_0502,RandomGenerator,0,2,1000,2.55229,1.98835,1.35886465,5.912281672939796
inst_0363,RandomGenerator,0,3,1000,2.71187,2.14028,1.56852819,6.097828839353042
inst_0244,RandomGenerator,0,4,1000,2.64637,3.5857900000000003,1.67315323,6.12633745105821
inst_0212,RandomGenerator,0,3,1000,2.8612100000000003,2.90711,1.3725927299999998,6.166498458268429
inst_0226,RandomGenerator,0,1,1000,1.23975,0.58873,0.54104287,6.003054331528693
inst_0009,RandomGenerator,0,2,1000,1.2175,0.96998,0.48740102,5.927326140969286
inst_0902,RandomGenerator,0,3,1000,3.04251,2.09792,1.86314991,5.865894552398676
inst_0752,RandomGenerator,0,4,1000,3.63577,3.18778,2.4537790600000005,6.542214622097496
inst_0421,RandomGenerator,0,4,1000,3.0956400000000004,3.78358,1.08351168,5.800039357410756
inst_0343,RandomGenerator,0,1,1000,0.38731,0.35621,0.21265737,5.532053271624148
inst_0605,RandomGenerator,0,4,1000,2.90866,3.73196,1.75438032,6.188662048262547
inst_0140,RandomGenerator,0,4,1000,3.22859,3.0195500000000006,2.3827834800000005,7.165115042344563
inst_0592,RandomGenerator,0,4,1000,2.15011,2.8380300000000003,1.2601867800000002,6.508500112777886
inst_0767,RandomGenerator,0,4,1000,4.7926,3.79322,3.38663176,6.8680867355340505
inst_0562,RandomGenerator,0,4,1000,3.78919,2.75004,2.4955717299999995,6.5133661120227
inst_0857,RandomGenerator,0,2,1000,2.30625,1.97209,1.19198315,6.226263206350737
inst_0065,RandomGenerator,0,4,1000,5.29886,4.69426,3.26739826,6.626162006023407
inst_0635,RandomGenerator,0,6,1000,4.15323,5.11974,3.801230040000001,7.359485312813184
inst_0163,RandomGenerator,0,5,1000,2.02433,2.30255,1.19322001,5.7915007864839305
inst_0582,RandomGenerator,0,5,1000,2.93374,4.86082,0.75780832,5.7501137515454674
inst_0936,RandomGenerator,0,4,1000,3.2657,3.10108,1.94796662,6.02146364010618
inst_0474,RandomGenerator,0,1,1000,1.56886,1.39051,0.14739406,5.37464553318243
inst_0956,RandomGenerator,0,4,1000,2.5578000000000003,3.20218,1.3123242,6.061922076514023
inst_0970,RandomGenerator,0,4,1000,1.61894,2.2331200000000004,1.0021910000000005,5.935087745614091
inst_0947,RandomGenerator,0,5,1000,3.86742,4.808010000000001,3.04217749,6.821004872146769
inst_0041,RandomGenerator,0,3,1000,2.7880100000000003,2.81213,1.01091398,6.252930592461106
inst_0234,RandomGenerator,0,3,1000,0.6399300000000001,0.95663,0.19313781,5.450772343058928
inst_0494,RandomGenerator,0,2,1000,3.78397,2.82059,1.5626711799999995,5.872359058095064
inst_0763,RandomGenerator,0,1,1000,0.98184,0.53799,0.25070334,5.694585665034693
inst_0402,RandomGenerator,0,3,1000,2.650980000000001,2.75796,1.56120705,6.423017046211219
inst_0158,RandomGenerator,0,4,1000,1.81823,2.8768400000000005,1.0141318,6.022317126916338
inst_0519,RandomGenerator,0,1,1000,0.36815,0.29248,0.2588448,5.53977961920381
inst_0837,RandomGenerator,0,1,1000,1.01348,0.63975,0.355701,5.780411047335102
inst_0923,RandomGenerator,0,1,1000,2.34664,1.44813,0.7414425600000001,5.821760763882772
inst_0909,RandomGenerator,0,4,1000,2.81349,4.37859,1.0974419300000002,6.1316243861989
inst_0058,RandomGenerator,0,4,1000,2.8141100000000003,2.60503,1.6681000400000003,5.837754982145703
inst_0164,RandomGenerator,0,1,1000,0.4114,0.5185000000000001,0.108885,5.388756405937955
inst_0922,RandomGenerator,0,4,1000,5.64668,4.45013,4.15147867,9.378161896982263
inst_0585,RandomGenerator,0,4,1000,2.64525,2.86397,1.44091089,5.949715592639121
inst_0538,RandomGenerator,0,3,1000,3.507,3.4781500000000003,1.63790391,6.2089754334979235
inst_0794,RandomGenerator,0,1,1000,2.7083600000000003,1.871,0.546332,5.704290949760742
inst_0148,RandomGenerator,0,5,1000,4.67143,5.81137,2.95519865,6.35221597027202
inst_0309,RandomGenerator,0,4,1000,4.1132,4.044560000000001,2.38927513,6.481357338362099
inst_0087,RandomGenerator,0,3,1000,3.44337,3.15797,2.31679347,6.357800992783571
inst_0641,RandomGenerator,0,2,1000,1.89056,1.33851,0.59988099,5.765198375243066
inst_0220,RandomGenerator,0,4,1000,1.98712,3.77686,0.496714,5.719532683044186
inst_0525,RandomGenerator,0,5,1000,4.41839,5.12726,2.2546765899999994,6.724952028650163
inst_0037,RandomGenerator,0,3,1000,3.40093,2.9231700000000007,2.2931495500000008,6.81819696939291
inst_0673,RandomGenerator,0,4,1000,4.36033,3.82972,2.7339402,6.505089422478713
inst_0717,RandomGenerator,0,3,1000,2.0083,1.84923,1.1153995499999998,6.0129145624510185
inst_0587,RandomGenerator,0,3,1000,2.44508,2.5343,1.9527624500000005,6.71154314563524
inst_0516,RandomGenerator,0,3,1000,2.08554,2.26205,1.2633347999999998,5.854538882871828
inst_0103,RandomGenerator,0,3,1000,3.63618,3.21492,2.18746302,6.963855550773886
inst_0534,RandomGenerator,0,2,1000,1.379,0.94541,0.86422818,6.253643526615176
inst_0632,RandomGenerator,0,2,1000,2.14349,1.80905,1.05869648,5.750736078788328
inst_0208,RandomGenerator,0,1,1000,2.41752,1.47459,0.97028022,5.679718428900131
inst_0568,RandomGenerator,0,3,1000,1.69374,2.24816,0.4082086199999999,5.662087638334842
inst_0259,RandomGenerator,0,4,1000,2.16996,3.26314,0.78381772,0.0
inst_0776,RandomGenerator,0,1,1000,1.46453,1.21166,0.25323694,5.505585475871148
inst_0850,RandomGenerator,0,3,1000,2.26802,3.1188700000000003,0.74361434,5.916551543838369
inst_0750,RandomGenerator,0,4,1000,3.23959,2.73147,1.81457829,6.083509912040688
inst_0039,RandomGenerator,0,3,1000,2.84808,2.57576,1.9218276400000005,6.5437453258953635
inst_0740,RandomGenerator,0,3,1000,2.03102,2.18345,1.27259568,6.004189293194069
inst_0892,RandomGenerator,0,4,1000,3.25118,3.79393,2.54049131,7.0163665577518834
inst_0718,RandomGenerator,0,4,1000,3.1010699999999995,3.66865,1.2338369299999998,6.129810482481613
inst_0231,RandomGenerator,0,4,1000,3.14706,3.39678,1.7921203799999998,6.423447547796794
inst_0120,RandomGenerator,0,4,1000,3.41635,3.0451999999999995,2.5569080099999995,7.0174536337634095
inst_0415,RandomGenerator,0,5,1000,4.00516,5.62544,2.05800387,6.118093202678715
inst_0059,RandomGenerator,0,4,1000,4.14206,5.20165,2.56484879,6.851395826004712
inst_0249,RandomGenerator,0,5,1000,3.4034,5.739400000000001,1.64763544,6.214904556821463
inst_0565,RandomGenerator,0,4,1000,2.75673,2.9896200000000004,1.5826522500000002,6.187055369054671
inst_0168,RandomGenerator,0,3,1000,3.2098,3.23883,1.35034012,6.202276753256549
inst_0773,RandomGenerator,0,2,1000,1.99473,1.96634,0.89212518,6.056878818496882
inst_0933,RandomGenerator,0,3,1000,2.44689,2.46576,1.0613883000000002,5.869873989693475
inst_0265,RandomGenerator,0,2,1000,4.90206,4.29162,2.87134748,6.795906727443443
inst_0706,RandomGenerator,0,5,1000,2.91509,4.668280000000001,1.5880762199999998,6.170022035793317
inst_0473,RandomGenerator,0,3,1000,1.07561,1.20306,0.21962511,5.713425388540727
inst_0847,RandomGenerator,0,3,1000,1.98695,3.09421,0.70666067,5.967103395196029
inst_0650,RandomGenerator,0,3,1000,2.20356,2.79476,0.8545033200000001,5.748923796695615
inst_0054,RandomGenerator,0,4,1000,2.13466,2.0228200000000003,1.0819248,6.544242332465493
inst_0290,RandomGenerator,0,3,1000,3.71592,3.81875,1.6055301,6.235810698604059
inst_0062,RandomGenerator,0,3,1000,1.62306,2.07693,0.33376311,5.763290007056257
inst_0774,RandomGenerator,0,5,1000,3.78724,4.259930000000001,3.026420400000001,7.539165971146992
inst_0699,RandomGenerator,0,4,1000,2.6386700000000003,3.2382800000000005,0.5979978300000001,5.592388275009266
inst_0612,RandomGenerator,0,2,1000,2.39604,2.04723,1.48916802,6.426301347133231
inst_0095,RandomGenerator,0,3,1000,1.41525,2.20853,0.91223856,6.124327273252797
inst_0885,RandomGenerator,0,3,1000,2.8478000000000003,2.97034,1.35430943,6.086220504783333
inst_0191,RandomGenerator,0,3,1000,2.84137,3.07826,1.01197414,5.909172565837625
inst_0607,RandomGenerator,0,1,1000,1.438,0.6679,0.3686808,5.96215398835323
inst_0770,RandomGenerator,0,3,1000,4.58828,3.56364,1.64893124,6.131992922701828
inst_0391,RandomGenerator,0,3,1000,1.67456,1.35076,0.91173112,5.951635196090356
inst_0217,RandomGenerator,0,2,1000,0.93808,1.48718,0.08836666,5.3917738002213955
inst_0903,RandomGenerator,0,3,1000,2.05345,1.64791,1.04756602,5.614589854975497
inst_0555,RandomGenerator,0,2,1000,5.27397,3.22268,2.49277074,6.570892125424443
inst_0827,RandomGenerator,0,2,1000,0.66637,1.01036,0.44465582,5.517471010046328
inst_0085,RandomGenerator,0,4,1000,2.52836,3.610840000000001,1.3454288600000004,6.258977800413388
inst_0755,RandomGenerator,0,4,1000,3.23445,4.27641,2.1517142600000003,6.410411633086082
inst_0595,RandomGenerator,0,4,1000,3.85475,4.01328,2.58245049,6.804637257558044
inst_0746,RandomGenerator,0,1,1000,0.30875,0.23421,0.21664425,5.451526656348998
inst_0022,RandomGenerator,0,5,1000,2.61463,4.42723,1.96845688,6.512435396191943
inst_0744,RandomGenerator,0,1,1000,1.3305,0.6679,0.0814838,5.5561461021285
inst_0314,RandomGenerator,0,2,1000,2.71731,2.12277,1.13009304,6.392941653156935
inst_0285,RandomGenerator,0,3,1000,3.37589,3.12551,2.00236243,6.890450529733728
inst_0359,RandomGenerator,0,1,1000,1.64522,0.8624800000000001,0.11470984,5.5103846947798685
inst_0254,RandomGenerator,0,3,1000,1.34891,2.0833700000000004,0.5449701200000002,5.568598936164861
inst_0408,RandomGenerator,0,3,1000,4.8786000000000005,4.28013,2.83067789,6.418773651346192
inst_0133,RandomGenerator,0,4,1000,6.285069999999999,5.88238,3.4798776999999994,6.678021221756751
inst_0097,RandomGenerator,0,3,1000,3.25254,3.87977,1.7070618199999998,6.405774658048325
inst_0322,RandomGenerator,0,1,1000,1.90168,1.19589,0.35398344,5.6226265090962055
inst_0972,RandomGenerator,0,4,1000,4.65218,3.8505,2.8446058400000003,6.827468446968498
inst_0449,RandomGenerator,0,2,1000,1.09494,1.0216600000000002,0.2125484399999999,5.42052883870243
inst_0237,RandomGenerator,0,2,1000,1.6710699999999998,2.07008,0.13281309,5.383394779783351
inst_0434,RandomGenerator,0,2,1000,2.06554,1.50899,0.8797982300000001,5.8612813997214515
inst_0904,RandomGenerator,0,3,1000,3.10242,3.21593,1.70475633,5.948131766545432
inst_0044,RandomGenerator,0,5,1000,3.46894,4.2759,2.48391296,6.798227130193339
inst_0119,RandomGenerator,0,2,1000,1.52695,1.2015600000000002,0.6744672,6.234325881660879
inst_0788,RandomGenerator,0,4,1000,5.32012,4.80255,4.13897168,6.91817834743891
inst_0779,RandomGenerator,0,4,1000,2.8343000000000003,3.37761,1.27127891,5.863790574677595
inst_0461,RandomGenerator,0,2,1000,1.66629,1.7088,0.2438072999999999,5.502084840044279
inst_0107,RandomGenerator,0,3,1000,2.06161,2.4714400000000003,1.00149211,6.230823544285788
inst_0729,RandomGenerator,0,2,1000,1.24477,1.1478,0.8604896400000001,5.806319951674567
inst_0844,RandomGenerator,0,3,1000,1.63292,1.83838,1.1906872600000002,6.267349479206957
inst_0076,RandomGenerator,0,4,1000,4.59621,4.8865,2.74804007,6.623320731938672
inst_0753,RandomGenerator,0,2,1000,4.02854,3.6128,1.80500072,6.090039292610802
inst_0021,RandomGenerator,0,5,1000,3.48919,3.864780000000001,2.19039798,6.475293939493575
inst_0816,RandomGenerator,0,5,1000,3.32231,4.00174,1.95443358,6.49326112725485
inst_0738,RandomGenerator,0,3,1000,2.18688,2.28301,1.3668940399999998,6.249456011064132
inst_0416,RandomGenerator,0,1,1000,2.9564,2.05976,0.7621112,5.830904727209575
inst_0760,RandomGenerator,0,5,1000,3.74728,3.68613,3.3815655,7.051332417151175
inst_0184,RandomGenerator,0,2,1000,2.39114,2.2085600000000003,0.80834746,6.033787670199052
inst_0618,RandomGenerator,0,2,1000,1.15746,1.0121700000000002,0.8462659800000002,5.604006004292546
inst_0621,RandomGenerator,0,5,1000,4.2654,4.2602,2.9503703600000004,6.399140571734711
inst_0305,RandomGenerator,0,4,1000,2.7375100000000003,3.27341,2.0814749100000003,6.7065165528097
inst_0610,RandomGenerator,0,2,1000,2.88868,2.30227,0.62582062,5.942029037267647
inst_0526,RandomGenerator,0,3,1000,3.56755,2.90323,2.4229429,7.2956336486398685
inst_0584,RandomGenerator,0,2,1000,1.32208,1.0884,0.9796896,6.077947328909089
inst_0736,RandomGenerator,0,2,1000,1.2393299999999998,0.8620999999999999,0.5459863199999999,5.820171011967066
inst_0157,RandomGenerator,0,3,1000,1.2505,1.47869,0.4636501999999999,5.759725138931222
inst_0596,RandomGenerator,0,3,1000,2.61264,2.8672000000000004,0.31045722,5.452869421855842
inst_0787,RandomGenerator,0,1,1000,1.0619299999999998,0.7604299999999999,0.69883517,5.899392339878324
inst_0811,RandomGenerator,0,2,1000,1.11867,1.10958,0.78812916,5.9586454484314
inst_0131,RandomGenerator,0,3,1000,2.0156,2.2710900000000005,1.14051591,6.2921466290203485
inst_0372,RandomGenerator,0,1,1000,1.62432,1.1015700000000002,0.10685229,5.487857578057129
inst_0186,RandomGenerator,0,4,1000,2.24632,2.5074,1.7491749,6.73312192698633
inst_0243,RandomGenerator,0,2,1000,1.17216,1.1072300000000002,0.24812392,5.425020794176369
inst_0917,RandomGenerator,0,4,1000,3.16502,2.78167,1.73112926,5.895281346380861
inst_0915,RandomGenerator,0,3,1000,3.39983,4.29401,1.45969751,6.272094081412585
inst_0758,RandomGenerator,0,1,1000,0.98328,0.53799,0.25393128,5.664178571426809
inst_0497,RandomGenerator,0,4,1000,3.34527,5.20917,1.24443607,5.995337269415277
inst_0521,RandomGenerator,0,3,1000,2.43467,1.94905,1.26288829,6.286616123738151
inst_0513,RandomGenerator,0,2,1000,3.27885,2.2169800000000004,1.22740499,6.1076065889228435
inst_0423,RandomGenerator,0,2,1000,1.72305,1.19026,0.4840447499999999,5.778576012645545
inst_0086,RandomGenerator,0,3,1000,2.4064,3.05778,0.9574117,5.753113606227092
inst_0910,RandomGenerator,0,4,1000,3.82788,4.84877,1.90434187,6.365177913269932
inst_0724,RandomGenerator,0,2,1000,1.67693,1.2137,0.45515315,5.911384236047467
inst_0599,RandomGenerator,0,3,1000,1.98941,1.73992,0.66540628,5.795888687334983
inst_0797,RandomGenerator,0,2,1000,1.65817,1.30303,1.28410746,6.2842245296996975
inst_0132,RandomGenerator,0,4,1000,5.24263,4.56081,3.22168528,6.547861390749341
inst_0280,RandomGenerator,0,1,1000,0.2819,0.23421,0.17472066,5.4478679936831
inst_0286,RandomGenerator,0,2,1000,0.86794,1.0381300000000002,0.7549083799999999,5.817913635406289
inst_0876,RandomGenerator,0,2,1000,1.97852,1.63796,1.3541127199999998,5.901058556304908
inst_0262,RandomGenerator,0,2,1000,3.43716,3.27896,1.10821944,5.8414515199880315
inst_0029,RandomGenerator,0,3,1000,2.91583,3.71827,0.84160348,5.94394805094632
inst_0196,RandomGenerator,0,5,1000,4.41268,4.8668700000000005,2.87210642,7.014608180611857
inst_0832,RandomGenerator,0,1,1000,0.46411,0.7900799999999999,0.2551958399999999,5.466888624676471
inst_0198,RandomGenerator,0,3,1000,3.14541,2.72609,2.06884308,6.3506566618018665
inst_0875,RandomGenerator,0,5,1000,2.88727,4.1957,1.23964121,6.3339321364439565
inst_0369,RandomGenerator,0,5,1000,4.248219999999999,5.730479999999999,2.66886545,6.462156587886926
inst_0204,RandomGenerator,0,3,1000,1.41583,1.56934,0.8870314799999999,6.090438183836205
inst_0109,RandomGenerator,0,4,1000,3.2737200000000004,4.599690000000001,2.11640329,6.688519578331752
inst_0063,RandomGenerator,0,3,1000,3.5366,4.09143,1.7006327699999997,6.175447919613984
inst_0928,RandomGenerator,0,2,1000,3.67267,3.15403,2.02073972,5.932730035122588
inst_0190,RandomGenerator,0,4,1000,2.89512,3.7834000000000008,1.99500582,6.592129529763006
inst_0622,RandomGenerator,0,1,1000,0.44612,0.40742,0.22897004,5.628969250294773
inst_0548,RandomGenerator,0,3,1000,1.20128,1.31734,0.64280034,5.7797060289932825
inst_0079,RandomGenerator,0,3,1000,3.00478,2.46923,1.7310324699999995,5.989135511293031
inst_0944,RandomGenerator,0,3,1000,3.06637,2.76819,1.68113114,6.033133646711768
inst_0187,RandomGenerator,0,2,1000,1.36985,1.21078,0.43060285,5.735312972426988
inst_0982,RandomGenerator,0,2,1000,0.5196900000000001,0.88836,0.21791122,5.420403207084723
inst_0881,RandomGenerator,0,3,1000,3.44137,3.42013,1.90678936,6.468589910256721
inst_0189,RandomGenerator,0,4,1000,3.18029,3.18651,1.5420039,6.186341715984661
inst_0694,RandomGenerator,0,4,1000,3.76881,4.36627,2.26294057,6.066908098684497
inst_0038,RandomGenerator,0,2,1000,2.00909,1.6926,0.90737166,5.915358056370563
inst_0569,RandomGenerator,0,4,1000,1.60547,1.66574,0.5370811,5.713345902592635
